Time,target,CoP_x,CoP_y,CoP_z,RightA_x,RightA_y,RightA_z,LeftA_x,LeftA_y,LeftA_z,RightS_x,RightS_y,RightS_z,LeftS_x,LeftS_y,LeftS_z,RightGaze-Ray X,RightGaze-Ray Y,RightGaze-Ray Z,GazePosition_x,GazePosition_y,GazePosition_z
346435.0419429,960,0,0,0,0,0,0,0,0,0,NaN,NaN,NaN,NaN,NaN,NaN,0,0,0,0,0,0
346435.0536208,960,0.00387540529482067,0.0863479230552912,0,-75.4015223758923,-41.6631797536823,1618.39593952343,56.0192954419939,-26.8468324503602,1602.40721521319,NaN,NaN,NaN,NaN,NaN,NaN,-0.093699999153614,0.257600009441376,0.961700022220612,-110,223.919998168945,844.820007324219
346435.0649769,960,0.00409215036779642,0.0866639226675034,0,-75.4502380392448,-42.0105335987527,1618.33003737448,56.0034337890697,-27.0478704103641,1602.33043263477,NaN,NaN,NaN,NaN,NaN,NaN,-0.0826999992132187,0.268799990415573,0.95959997177124,-106.290000915527,217.330001831055,825.780029296875
346435.0763048,960,0.00462398817762733,0.0869609689339995,0,-75.6635586249064,-42.4365028834422,1618.24565992195,55.985063530596,-27.3461155250548,1602.28019757089,NaN,NaN,NaN,NaN,NaN,NaN,0,0,0,0,0,0
346435.0881697,960,0.00365477590821683,0.0863043427467346,0,-75.8820167224472,-42.6279267961998,1618.24106933403,55.9994726227956,-27.5281052947948,1602.26105012165,NaN,NaN,NaN,NaN,NaN,NaN,0,0,0,0,0,0
346435.1018382,960,0.0032887333072722,0.0857619181275368,0,-76.0701343298062,-42.853075704809,1618.25104058599,55.9353829656694,-27.9672003245021,1602.36184814756,NaN,NaN,NaN,NaN,NaN,NaN,0,0,0,0,0,0
346435.1123075,960,0.00421153288334608,0.0861151836812496,0,-76.1826513058458,-43.0770661342604,1618.22421423279,55.8819006619392,-28.2786710280841,1602.41431219865,NaN,NaN,NaN,NaN,NaN,NaN,0,0,0,0,0,0
346435.1227803,960,0.00498214550316334,0.0876727713271976,0,-76.2987324596927,-43.4283267439439,1618.149707026,55.8806558832662,-28.4869810809387,1602.540805303,NaN,NaN,NaN,NaN,NaN,NaN,-0.0800999999046326,0.269199997186661,0.959699988365173,-104.029998779297,217.520004272461,826.200012207031
346435.133365,960,0.0045316256582737,0.0872518172487617,0,-76.1980344277017,-43.6434240386145,1618.23215219781,55.8530611419937,-28.5896917758696,1602.53165279018,NaN,NaN,NaN,NaN,NaN,NaN,-0.0879999995231628,0.256599992513657,0.962499976158142,-103.449996948242,215.440002441406,819.140014648438
346435.1439314,960,0.00556786032393575,0.0881490739062429,0,-76.1673068299637,-43.9294475659803,1618.17591407331,55.7902715170795,-28.7528424215518,1602.52339643672,NaN,NaN,NaN,NaN,NaN,NaN,-0.0807000026106834,0.270000010728836,0.959500014781952,-103.720001220703,214.830001831055,816.390014648438
346435.154553,960,0.00487108388915658,0.0878027737140656,0,-76.0870308663771,-44.1298940709846,1618.16521230232,55.7098416621689,-29.0069613701357,1602.53518222804,NaN,NaN,NaN,NaN,NaN,NaN,-0.0883999988436699,0.260399997234344,0.961399972438812,-115.160003662109,251.470001220703,939.309997558594
346435.1651905,960,0.00540035404264927,0.0876925814896822,0,-76.0630069683694,-44.3277022995468,1618.16284255228,55.6507484388855,-29.2375226252542,1602.48383831003,NaN,NaN,NaN,NaN,NaN,NaN,-0.0759000033140182,0.271499991416931,0.959399998188019,-117.970001220703,298.690002441406,1080.35998535156
346435.175776,960,0.0054851183667779,0.0874358652159572,0,-76.0910152198915,-44.4841626259937,1618.20874726674,55.5231143177052,-29.4579251112993,1602.3621742587,142.466309651738,106.865284966893,1400.10521587843,-193.752980855485,106.665527531192,1385.64556569443,-0.061099998652935,0.25670000910759,0.964600026607513,-48.5900001525879,142.990005493164,543.47998046875
346435.1867718,960,0.00621303403750062,0.087926977686584,0,-76.1138160284502,-44.7730036549049,1618.18858403518,55.4963348719307,-29.7267968284968,1602.28914204131,NaN,NaN,NaN,NaN,NaN,NaN,0,0,0,0,0,0
346435.1972122,960,0.00692876009270549,0.0885680163279176,0,-76.1033809246576,-44.9892631258919,1618.17656899443,55.4930611353042,-29.8897281180889,1602.25677565719,NaN,NaN,NaN,NaN,NaN,NaN,0,0,0,0,0,0
346435.2076398,960,0.00639732088893652,0.0879066022112966,0,-75.9865404704687,-45.4531734567162,1617.88298719165,55.4046746680868,-30.0433366732238,1602.18623344197,NaN,NaN,NaN,NaN,NaN,NaN,0,0,0,0,0,0
346435.218018,960,0.00691983569413424,0.0881312120705843,0,-76.2935433578442,-45.4115170456325,1618.19167810967,55.3257155804137,-30.1159959928497,1602.1408696849,NaN,NaN,NaN,NaN,NaN,NaN,0,0,0,0,0,0
346435.2285203,960,0.005875488743186,0.0881954099982977,0,-76.1945752209091,-45.700291457048,1618.21448601942,55.2893506442396,-30.3063292943151,1602.12487898221,NaN,NaN,NaN,NaN,NaN,NaN,0,0,0,0,0,0
346435.2400483,960,0.00679389946162701,0.0884852655231953,0,-76.1683818009628,-46.0442982312327,1618.13665685264,55.1955906935869,-30.6130036383236,1601.94941224017,NaN,NaN,NaN,NaN,NaN,NaN,0,0,0,0,0,0
346435.2505154,960,0.00826797820627689,0.088042438402772,0,-76.2415297056794,-46.2936096668641,1618.08552189057,55.1624500397627,-30.7704815937952,1601.92017301597,NaN,NaN,NaN,NaN,NaN,NaN,0,0,0,0,0,0
346435.2610564,960,0.00723551213741302,0.0883183166384697,0,-76.0184898493103,-46.7516201651775,1617.61684280101,55.1872525446025,-30.8218186309292,1601.87321421431,NaN,NaN,NaN,NaN,NaN,NaN,0,0,0,0,0,0
346435.2715516,960,0.00653189653530717,0.0883286040276289,0,-76.3971132876613,-46.7251408298384,1617.78876967494,55.1675360039505,-30.96772795814,1601.74906744609,NaN,NaN,NaN,NaN,NaN,NaN,0,0,0,0,0,0
346435.2820171,960,0.00734373461455107,0.0877941366285086,0,-76.5632677396378,-46.8213303984863,1617.72092367607,55.1778531184434,-31.1162942078976,1601.68556483953,141.667700427778,105.645491427173,1400.07291703601,-194.645220196961,104.834397653704,1385.6642728052,0,0,0,0,0,0
346435.2927454,960,0.00621011666953564,0.0884746875613928,0,-76.5885156697758,-47.2192979310904,1617.29791327958,55.1383904394543,-31.3282071443132,1601.47652696066,141.620987450658,105.580917693049,1400.05069217127,-194.683085322752,104.618371158727,1385.64496630632,0.0684999972581863,0.269199997186661,0.96069997549057,45.6100006103516,280.290008544922,1026.84997558594
346435.3036444,960,0.0064211948774755,0.0892060486599803,0,-76.8324005821853,-47.1699220519778,1617.46880445551,55.1280491373961,-31.4585186252369,1601.31953384319,NaN,NaN,NaN,NaN,NaN,NaN,0.0715999975800514,0.275999993085861,0.958500027656555,45.2400016784668,274.119995117188,1007.33001708984
346435.3141483,960,0.00650107115507126,0.0888216704130173,0,-76.793075867665,-47.5644689364619,1617.10745752895,55.1078963179422,-31.6308869759584,1601.22159564437,NaN,NaN,NaN,NaN,NaN,NaN,0.0696000009775162,0.267500013113022,0.961000025272369,45.5099983215332,271.989990234375,1001.40997314453
346435.3245585,960,0.00605553155764937,0.0881176892668009,0,-76.760454916449,-47.7449594726977,1617.03233825383,55.0835741726107,-31.8019161632964,1601.15737329278,NaN,NaN,NaN,NaN,NaN,NaN,0.0728999972343445,0.274699985980988,0.95880001783371,44.5499992370605,265.170013427734,979.570007324219
346435.3350357,960,0.00664660148322582,0.0883571723476052,0,-76.8071697879449,-47.7157739559895,1617.28795747881,55.1000340822212,-31.8893828160769,1601.14331317221,141.441644263822,105.356948014261,1399.93655412045,-194.934203224225,104.237308554992,1385.4876682951,0.0701000019907951,0.264899998903275,0.961700022220612,43.7999992370605,258.910003662109,960.539978027344
346435.3457348,960,0.00702190585434437,0.0893919071182609,0,-76.7084528804813,-47.9903381020193,1617.26185615463,54.9508333870056,-32.0670935447649,1601.00091994271,NaN,NaN,NaN,NaN,NaN,NaN,0,0,0,0,0,0
346435.3562184,960,0.00608325004577637,0.0889424787834287,0,-76.7220402859843,-48.1393512844727,1617.19287912351,54.892297549557,-32.1697459876321,1600.94929639018,NaN,NaN,NaN,NaN,NaN,NaN,0,0,0,0,0,0
346435.3667783,960,0.0064446316100657,0.0889620412141085,0,-76.688658109263,-48.2326437810014,1617.15933421505,54.7898175555457,-32.2841002147069,1600.91692679834,141.298032525948,105.17685375368,1399.9533580771,-195.084837205268,103.992834051757,1385.37671108332,0,0,0,0,0,0
346435.378215,960,0.00712285656481981,0.0881678810343146,0,0,0,0,0,0,0,NaN,NaN,NaN,NaN,NaN,NaN,0,0,0,0,0,0
346435.3888149,960,0.00612116558477283,0.0884675145149231,0,0,0,0,0,0,0,NaN,NaN,NaN,NaN,NaN,NaN,0,0,0,0,0,0
346435.3993492,960,0.00638916809111834,0.0894405910745263,0,0,0,0,0,0,0,NaN,NaN,NaN,NaN,NaN,NaN,0,0,0,0,0,0
346435.4098851,960,0.00680171372368932,0.0891691524535418,0,0,0,0,0,0,0,NaN,NaN,NaN,NaN,NaN,NaN,0,0,0,0,0,0
346435.4203842,960,0.00572840450331569,0.0890040354803205,0,0,0,0,0,0,0,NaN,NaN,NaN,NaN,NaN,NaN,0,0,0,0,0,0
346435.4308336,960,0.00701228715479374,0.0887970620766282,0,0,0,0,0,0,0,NaN,NaN,NaN,NaN,NaN,NaN,0,0,0,0,0,0
346435.4412478,960,0.00700704008340836,0.0891029503196478,0,0,0,0,0,0,0,NaN,NaN,NaN,NaN,NaN,NaN,0,0,0,0,0,0
346435.4517435,960,0.00618425849825144,0.0896732112392783,0,0,0,0,0,0,0,NaN,NaN,NaN,NaN,NaN,NaN,0,0,0,0,0,0
346435.4621958,960,0.00750936334952712,0.0891017703339458,0,0,0,0,0,0,0,NaN,NaN,NaN,NaN,NaN,NaN,0,0,0,0,0,0
346435.4726657,960,0.00619583623483777,0.0903174042701721,0,0,0,0,0,0,0,NaN,NaN,NaN,NaN,NaN,NaN,0.065700002014637,0.268099993467331,0.961199998855591,41.5900001525879,260.010009765625,941.130004882812
346435.4831227,960,0.00796525832265615,0.0896954819560051,0,-76.6918055673565,-48.7995546533349,1617.55149219686,54.5866399493003,-32.7759632644763,1601.41219530135,NaN,NaN,NaN,NaN,NaN,NaN,0.0718000009655952,0.277900010347366,0.957899987697601,42.3699989318848,266.100006103516,961.039978027344
346435.4935421,960,0.00725906202569604,0.0893528316169977,0,-76.6818868768931,-48.8357144979782,1617.55191698349,54.5623517068746,-32.8028148310478,1601.38273159828,NaN,NaN,NaN,NaN,NaN,NaN,0.0636000037193298,0.268799990415573,0.961099982261658,42.6800003051758,273.119995117188,984.590026855469
346435.5039624,960,0.00804358348250389,0.0901829995214939,0,-76.6804051556895,-48.8642545260227,1617.52733105337,54.6348868528242,-32.7700180325698,1601.49229922165,NaN,NaN,NaN,NaN,NaN,NaN,0.0701000019907951,0.279199987649918,0.95770001411438,42.5299987792969,275.160003662109,988.530029296875
346435.5143905,960,0.00756523618474603,0.0898989722132683,0,-76.7058056828028,-48.8688251538002,1617.49747005606,54.6154684192717,-32.6886163595243,1601.42803825253,140.495221881147,104.783396163916,1400.22472265757,-195.52622563089,103.013954389515,1385.48951279505,0.062899999320507,0.270399987697601,0.96069997549057,42.5900001525879,277.510009765625,993.77001953125
346435.5249421,960,0.00773195084184408,0.089184339530766,0,-76.7134392214485,-48.8720179045555,1617.47454213621,54.6052994905431,-32.711979009178,1601.40838780913,NaN,NaN,NaN,NaN,NaN,NaN,0.0693999975919724,0.279500007629395,0.957599997520447,42.4799995422363,278.459991455078,997.219970703125
346435.5354357,960,0.00773758301511407,0.0896117923781276,0,-76.6751836199484,-48.8684677912149,1617.46924548267,54.6004261449413,-32.7121019565848,1601.36631670056,140.443654841415,104.831021783122,1400.17318994523,-195.568706918606,102.934495628771,1385.42741816625,0.0619000010192394,0.268299996852875,0.961399972438812,41.7200012207031,273.839996337891,988.099975585938
346435.546013,960,0.00670394580811262,0.0894045135006309,0,-76.6696506112409,-48.8659388695141,1617.47967903682,54.6195748698513,-32.7077476957728,1601.34381756851,NaN,NaN,NaN,NaN,NaN,NaN,0,0,0,0,0,0
346435.5564626,960,0.00737392110750079,0.0894219860434532,0,-76.661696104717,-48.8696785009765,1617.42635205098,54.6685987821398,-32.6564153157402,1601.3769126281,140.380364736278,104.896985125041,1400.07961310931,-195.635858834996,102.85786436807,1385.34767354551,0,0,0,0,0,0
346435.5670139,960,0.0069356937892735,0.0894184274598956,0,-76.6937035845552,-48.852595852823,1617.43394043572,54.6115409381551,-32.6657486158955,1601.31443556219,NaN,NaN,NaN,NaN,NaN,NaN,0,0,0,0,0,0
346435.5775054,960,0.00685714418068528,0.0894260754808784,0,-76.6799880615553,-48.8279047472281,1617.39085222898,54.6229374433247,-32.7088724911591,1601.30505647418,NaN,NaN,NaN,NaN,NaN,NaN,0,0,0,0,0,0
346435.5879892,960,0.00713395560160279,0.0879310559481382,0,-76.7199087018154,-48.8616718208147,1617.33586403254,54.4977329539496,-32.6098614741778,1601.26125999778,NaN,NaN,NaN,NaN,NaN,NaN,0,0,0,0,0,0
346435.5984344,960,0.00658678635954857,0.0891199357807636,0,-76.7118898458817,-48.8393681198485,1617.31499278678,54.3894382265753,-32.580543495957,1601.120947188,140.336632824433,104.994234881426,1399.97407827079,-195.682161145656,102.837588302983,1385.20004706922,0,0,0,0,0,0
346435.7181311,960,0.00761614181101322,0.0886464737355709,0,-76.7274984378285,-48.8269414399989,1617.30249928647,54.3382564543279,-32.5957115722774,1601.11562689301,NaN,NaN,NaN,NaN,NaN,NaN,0,0,0,40.5200004577637,97.9899978637695,1049.46997070312
346435.7288195,960,0.00587689690291882,0.0862901009619236,0,0,0,0,0,0,0,NaN,NaN,NaN,NaN,NaN,NaN,0,0,0,0,0,0
346435.7397133,960,0.00573973543941975,0.088285792991519,0,0,0,0,0,0,0,NaN,NaN,NaN,NaN,NaN,NaN,0,0,0,0,0,0
346435.7501843,960,0.00679695932194591,0.0874648870900273,0,-76.9297254486128,-48.2932987766951,1617.34092317532,54.6994263686354,-31.8913382548814,1601.32510228163,NaN,NaN,NaN,NaN,NaN,NaN,0,0,0,0,0,0
346435.7606104,960,0.006975919008255,0.0871376110240817,0,-76.8824884222445,-48.2757989015831,1617.37946739673,54.8034415628577,-31.8756221768248,1601.38335709723,NaN,NaN,NaN,NaN,NaN,NaN,0,0,0,0,0,0
346435.7712978,960,0.00594127783551812,0.0864891739562154,0,0,0,0,0,0,0,NaN,NaN,NaN,NaN,NaN,NaN,0,0,0,0,0,0
346435.7817524,960,0.0068749412894249,0.0868911486119032,0,-76.7957945238197,-48.2382097770394,1617.39647417642,54.8786140052893,-31.7920072621803,1601.36960151894,NaN,NaN,NaN,NaN,NaN,NaN,0,0,0,0,0,0
346435.7921658,960,0.00743316533043981,0.0860360315069556,0,-76.7533080380979,-48.1963213186784,1617.38678198032,54.91695967805,-31.7767966855092,1601.31875076948,NaN,NaN,NaN,NaN,NaN,NaN,0,0,0,0,0,0
346435.8026602,960,0.00688585173338652,0.0865913381800056,0,-76.7556093271558,-48.1470449774106,1617.43243023204,54.9354900965728,-31.6617202961189,1601.27979869969,NaN,NaN,NaN,NaN,NaN,NaN,0.0392999984323978,0.219899997115135,0.974699974060059,13.8999996185303,216.070007324219,1070.93994140625
346435.8130106,960,0.00533469440415502,0.0878239938989282,0,-76.6494484202704,-48.1711717266842,1617.46948106301,55.0384972166892,-31.7003158893598,1601.30884980535,NaN,NaN,NaN,NaN,NaN,NaN,0.0384999997913837,0.211199998855591,0.976700007915497,13.4300003051758,228.589996337891,1130.16003417969
346435.8235736,960,0.00720197055488825,0.0875625874847174,0,-76.5882016076875,-48.156949833015,1617.52129889504,55.1744504914157,-31.6842722089188,1601.36084208959,141.048759653896,105.242560115533,1399.4268787138,-195.086154894046,102.489547798777,1384.74475904986,0.0412000007927418,0.219999998807907,0.97460001707077,14.6300001144409,212.369995117188,1049.10998535156
346435.8341145,960,0.0067915734834969,0.0864364955574274,0,-76.5507596357602,-48.1732369456574,1617.51098844725,55.1990056303842,-31.7045767098892,1601.38921857039,NaN,NaN,NaN,NaN,NaN,NaN,0.0436000004410744,0.211999997496605,0.976300001144409,15.6599998474121,211.279998779297,1046.67004394531
346435.8445836,960,0.00665074354037642,0.0867889070883393,0,0,0,0,0,0,0,NaN,NaN,NaN,NaN,NaN,NaN,0.0432000011205673,0.215399995446205,0.975600004196167,16.2000007629395,212.869995117188,1060.58996582031
346435.8549909,960,0.00682245893403888,0.0866040823981166,0,0,0,0,0,0,0,NaN,NaN,NaN,NaN,NaN,NaN,0.043699998408556,0.209299996495247,0.976899981498718,15.9300003051758,209,1043.31005859375
346435.8654335,960,0.00607849191874266,0.0858843144029379,0,0,0,0,0,0,0,NaN,NaN,NaN,NaN,NaN,NaN,0.0441999994218349,0.214599996805191,0.9757000207901,16.3199996948242,208.820007324219,1042.34997558594
346435.875879,960,0.00621759332716465,0.0862356577068567,0,0,0,0,0,0,0,NaN,NaN,NaN,NaN,NaN,NaN,0,0,0,0,0,0
346435.8863987,960,0.00539888069033623,0.0866947364062071,0,0,0,0,0,0,0,NaN,NaN,NaN,NaN,NaN,NaN,0,0,0,0,0,0
346435.8968548,960,0.00551793118938804,0.0858868895098567,0,0,0,0,0,0,0,NaN,NaN,NaN,NaN,NaN,NaN,0,0,0,0,0,0
346435.9073483,960,0.00590528780594468,0.0862775783985853,0,0,0,0,0,0,0,NaN,NaN,NaN,NaN,NaN,NaN,0,0,0,0,0,0
346435.9195551,960,0.00512057868763804,0.0854677030816674,0,-75.726554705138,-48.6003651192387,1617.49392727648,56.0326914410234,-32.4196273733117,1601.54503225082,141.708080506425,104.785159015029,1399.53339084005,-194.49058362221,102.009937911091,1384.80793299436,0,0,0,0,0,0
346435.9301084,960,0.00496621988713741,0.0858915889635682,0,-75.6868232674051,-48.6324934754026,1617.498109373,56.1680549146424,-32.4869042076859,1601.53984462898,NaN,NaN,NaN,NaN,NaN,NaN,0,0,0,0,0,0
346435.9405874,960,0.00499213207513094,0.0857160663232207,0,-75.6146843604374,-48.6967770784698,1617.43588341998,56.2767898984804,-32.598427583354,1601.55451849312,NaN,NaN,NaN,NaN,NaN,NaN,0,0,0,0,0,0
346435.951092,960,0.00432273652404547,0.0866634393110871,0,-75.585671543384,-48.7601665905541,1617.3686264338,56.3474676597938,-32.6058291413067,1601.5027942861,NaN,NaN,NaN,NaN,NaN,NaN,0,0,0,0,0,0
346435.9615252,960,0.00485079409554601,0.0865241926163435,0,-75.5246005047537,-48.821788246983,1617.3278015064,56.4065256327944,-32.6711116041784,1601.52204843151,NaN,NaN,NaN,NaN,NaN,NaN,0,0,0,0,0,0
346435.9720048,960,0.00556771550327539,0.0868293544277549,0,-75.4563354446781,-48.9164778610939,1617.2795909803,56.4388736085668,-32.7215702238275,1601.52845711033,NaN,NaN,NaN,NaN,NaN,NaN,0,0,0,0,0,0
346435.982442,960,0.00485039362683892,0.0865517569705844,0,-75.366839026761,-48.9759016589843,1617.28089028706,56.4794700660113,-32.8895794017705,1601.55465240338,NaN,NaN,NaN,NaN,NaN,NaN,0,0,0,0,0,0
346435.9965659,960,0.00458491360768676,0.0867713488638401,0,-75.3288476350083,-49.0357080236449,1617.28042456695,56.5256949761777,-32.9036957098879,1601.56819369436,NaN,NaN,NaN,NaN,NaN,NaN,0.046900000423193,0.20890000462532,0.97680002450943,19.8999996185303,206.899993896484,1060.01000976562
346436.0070417,960,0.00352077442221344,0.0875746117904782,0,-74.9750938609117,-49.3586978223833,1617.39888615275,56.7168132757745,-33.2789953969086,1601.48819159498,NaN,NaN,NaN,NaN,NaN,NaN,0,0,0,0,0,0
346436.0173941,960,0.00536464713513851,0.0877951648086309,0,-74.8623912354919,-49.492967822418,1617.43318144771,56.8042099423704,-33.3662551865867,1601.48843530156,NaN,NaN,NaN,NaN,NaN,NaN,0,0,0,0,0,0
346436.0278018,960,0.0049822898581624,0.0865677235648036,0,-74.6575936784752,-49.6915349656679,1617.52229122449,56.9616557518343,-33.5596890252304,1601.4739437193,NaN,NaN,NaN,NaN,NaN,NaN,0,0,0,0,0,0
346436.0382673,960,0.00505095068365335,0.087215650267899,0,-74.537744873254,-49.8308567660464,1617.5935322609,57.1711149079691,-33.7484189668726,1601.53338381898,NaN,NaN,NaN,NaN,NaN,NaN,0,0,0,0,0,0
346436.0486335,960,0.00487559894099832,0.0869695985689759,0,-74.4294064402728,-49.9774488644173,1617.60035894906,57.3897712904302,-33.869019700534,1601.57732527784,NaN,NaN,NaN,NaN,NaN,NaN,0,0,0,0,0,0
346436.0601615,960,0.00387592473998666,0.0862162210047245,0,-74.3615872961471,-50.1053387556999,1617.61600731377,57.6193275461966,-33.9988250034619,1601.59913142758,NaN,NaN,NaN,NaN,NaN,NaN,0,0,0,0,0,0
346436.070669,960,0.0039836741052568,0.0865522552281618,0,-74.2715708406656,-50.1720146878554,1617.58914388177,57.7182631271635,-34.133183609681,1601.54070324223,NaN,NaN,NaN,NaN,NaN,NaN,0,0,0,0,0,0
346436.0811413,960,0.00418181857094169,0.0868741789832711,0,-74.1894735740861,-50.2199339546867,1617.64864697133,57.8900871806261,-34.2299584386211,1601.57390497069,NaN,NaN,NaN,NaN,NaN,NaN,0,0,0,0,0,0
346436.0915289,960,0.00319581013172865,0.0861203888431191,0,-74.1019122598892,-50.2770748353377,1617.62917972378,58.0286938808984,-34.2988555791131,1601.57818182962,NaN,NaN,NaN,NaN,NaN,NaN,0,0,0,0,0,0
346436.1020088,960,0.00327089126221836,0.0866284653544426,0,-73.9652054405534,-50.3459721696385,1617.60918023325,58.1368693472503,-34.3815982575452,1601.60287085405,NaN,NaN,NaN,NaN,NaN,NaN,0,0,0,0,0,0
346436.1124818,960,0.00363409821875393,0.0872643230482936,0,-73.711934435766,-50.701523477806,1617.28645091348,58.2779095725,-34.5187714551734,1601.6077952092,NaN,NaN,NaN,NaN,NaN,NaN,0.0520000010728836,0.193200007081032,0.97979998588562,28.5200004577637,202.100006103516,1079.88000488281
346436.1229412,960,0.00358108337968588,0.0870215216651559,0,-73.5153340854582,-50.8222420589582,1617.28763375136,58.4312612868164,-34.6583113491282,1601.58581652682,NaN,NaN,NaN,NaN,NaN,NaN,0.0544999986886978,0.19760000705719,0.978799998760223,29.0699996948242,199.910003662109,1073.41003417969
346436.1334521,960,0.00354757555760443,0.0875541236251593,0,-73.2243388476539,-51.0179948350799,1617.32264617589,58.6136001517994,-34.8400971248294,1601.524997716,NaN,NaN,NaN,NaN,NaN,NaN,0.0531999990344048,0.191300004720688,0.980099976062775,29.2399997711182,196.630004882812,1059.76000976562
346436.1439593,960,0.00338552962057292,0.0873757157474756,0,-72.9958164356658,-51.2347062812216,1617.28352667106,58.7298203551154,-35.0025702018809,1601.48488896034,NaN,NaN,NaN,NaN,NaN,NaN,0.0560000017285347,0.195600003004074,0.979099988937378,29.4400005340576,193.259994506836,1047.43994140625
346436.1544121,960,0.00283798458985984,0.0874773230403662,0,-72.6770557192939,-51.4274045079586,1617.295928098,58.84860054087,-35.1669248138996,1601.40435499923,NaN,NaN,NaN,NaN,NaN,NaN,0.0546000003814697,0.188899993896484,0.980499982833862,29.3899993896484,188.669998168945,1030.38000488281
346436.1649049,960,0.00342580396682024,0.0884549286216497,0,-72.5712699093051,-51.5404785785612,1617.34252864496,59.0031899929554,-35.30709338005,1601.3976891873,NaN,NaN,NaN,NaN,NaN,NaN,0.0582000017166138,0.193000003695488,0.979499995708466,29.4699993133545,182.929992675781,1005.28997802734
346436.1754099,960,0.00310514005832374,0.088469809293747,0,-72.293003690149,-51.6850968758845,1617.41685585419,59.1273803306331,-35.4520558228404,1601.42166598241,NaN,NaN,NaN,NaN,NaN,NaN,0.0564999990165234,0.187299996614456,0.980700016021729,29.5200004577637,180.229995727539,993.820007324219
346436.1860236,960,0.00315615721046925,0.0881670186296105,0,-72.3261222769458,-51.5590150218111,1617.71936190086,59.2313400683622,-35.6342053133646,1601.44829889116,NaN,NaN,NaN,NaN,NaN,NaN,0,0,0,0,0,0
346436.1966332,960,0.00221168342977762,0.0882868463173509,0,-72.2241382375588,-51.6555591654862,1617.73069577227,59.3336187973914,-35.8364064675755,1601.50635961846,NaN,NaN,NaN,NaN,NaN,NaN,0,0,0,0,0,0
346436.207084,960,0.00239596865139902,0.0885237654671073,0,-71.8595098433137,-51.9272228612711,1617.38930088662,59.3663337196033,-35.9223923340572,1601.49297506575,NaN,NaN,NaN,NaN,NaN,NaN,0,0,0,0,0,0
346436.2175823,960,0.00238012592308223,0.0891533451154828,0,-71.7451745450251,-52.0065566201793,1617.48050315762,59.4207132605902,-36.0567728803715,1601.50529604579,NaN,NaN,NaN,NaN,NaN,NaN,0,0,0,0,0,0
346436.2280805,960,0.00222435221076012,0.0885063832625747,0,-71.5689721791697,-52.1289106340422,1617.56125476649,59.4804879082414,-36.1670367934629,1601.52312013361,NaN,NaN,NaN,NaN,NaN,NaN,0,0,0,0,0,0
346436.2400916,960,0.00196466105990112,0.0887146549299359,0,-71.4839111453509,-52.3101615290929,1617.62855429842,59.7318500016116,-36.3936485395553,1601.55656132782,NaN,NaN,NaN,NaN,NaN,NaN,0,0,0,0,0,0
346436.2505244,960,0.00147011806257069,0.0888769034296274,0,-71.5856010684695,-52.3116140140893,1617.9714013665,60.005302469666,-36.5247516537313,1601.72397032071,NaN,NaN,NaN,NaN,NaN,NaN,0,0,0,0,0,0
346436.2611297,960,0.00236192089505494,0.0897977095097303,0,-71.4416612960201,-52.5631221470112,1618.04849979539,60.1361074017292,-36.8469096604684,1601.66398288761,NaN,NaN,NaN,NaN,NaN,NaN,0,0,0,0,0,0
346436.2715831,960,0.00183074339292943,0.0891190519556403,0,-71.3387942417535,-52.8119037898243,1618.10084489358,60.2859925076022,-37.1113542648083,1601.71381627103,NaN,NaN,NaN,NaN,NaN,NaN,0,0,0,0,0,0
346436.2820339,960,0.0012260185321793,0.0893272668123245,0,-71.2696273349442,-53.063730239843,1618.09987776371,60.4243962838885,-37.4042231794513,1601.70710528803,NaN,NaN,NaN,NaN,NaN,NaN,0,0,0,0,0,0
346436.292494,960,0.00188316544517875,0.0907616563141346,0,-71.2315034623538,-53.253604455907,1618.13561414397,60.5342303616341,-37.6435399987636,1601.70383074463,NaN,NaN,NaN,NaN,NaN,NaN,0.0592000000178814,0.184499993920326,0.981000006198883,28.1299991607666,163.190002441406,915.739990234375
346436.3029679,960,0.00132037838920951,0.0898315500468016,0,-71.2406066918652,-53.3982384190848,1618.13724917361,60.5886409850276,-37.8789049451191,1601.71098995826,NaN,NaN,NaN,NaN,NaN,NaN,0.0627999976277351,0.190699994564056,0.979600012302399,28.5100002288818,162.75,914.880004882812
346436.3133853,960,0.00076807476580143,0.0892062153667212,0,-71.0140463673123,-53.787384984872,1617.85514128436,60.5737326574939,-38.0949739164687,1601.65369379047,NaN,NaN,NaN,NaN,NaN,NaN,0.0604999996721745,0.184300005435944,0.981000006198883,28.9200000762939,162.130004882812,912.22998046875
346436.3238458,960,0.0010104583343491,0.0902010373771191,0,-71.0106678865833,-53.9662552809838,1617.82261492358,60.6734827833483,-38.2846378805538,1601.78846289886,NaN,NaN,NaN,NaN,NaN,NaN,0.0637999996542931,0.1908999979496,0.979499995708466,29.3600006103516,162.529998779297,914.989990234375
346436.3343679,960,0.00124700064770877,0.0901510449126363,0,-70.9725192896698,-54.1268950364557,1617.77547275651,60.6829452429648,-38.3596418058186,1601.76021301833,NaN,NaN,NaN,NaN,NaN,NaN,0.0612000003457069,0.183699995279312,0.981100022792816,29.9099998474121,162.059997558594,914.489990234375
346436.3447997,960,0.000478282250696793,0.0900433365255594,0,-70.8400437456496,-54.2627513333956,1617.75235253369,60.7038365075027,-38.6960547480383,1601.76023784131,NaN,NaN,NaN,NaN,NaN,NaN,0.0641999989748001,0.190200001001358,0.979600012302399,30.4699993133545,164.089996337891,926.109985351562
346436.3552606,960,0.00108083477243781,0.0905393570661545,0,-70.678118899084,-54.4213207850157,1617.74317357224,60.7341183024274,-38.9205085485767,1601.80944185373,NaN,NaN,NaN,NaN,NaN,NaN,0.060699999332428,0.183200001716614,0.981199979782104,30.9899997711182,166.149993896484,938.25
346436.3657159,960,0.000542480091098696,0.0897249499335885,0,-70.6103804773848,-54.6017186566872,1617.6282952273,60.7635519066128,-39.1649461440606,1601.8141245389,NaN,NaN,NaN,NaN,NaN,NaN,0.0649000033736229,0.18979999423027,0.979700028896332,31.4200000762939,164.259994506836,929.989990234375
346436.3762442,960,0.000645557709503919,0.0901817943900824,0,-70.556270124796,-54.7965574709904,1617.55767026875,60.8675978618087,-39.6101352890987,1601.91310156214,NaN,NaN,NaN,NaN,NaN,NaN,0,0,0,0,0,0
346436.3867271,960,0.00112713722046465,0.0904414042830467,0,-70.5569107443381,-54.9800888794265,1617.50296958642,60.8986974101437,-39.7362159286851,1601.95239825503,NaN,NaN,NaN,NaN,NaN,NaN,0,0,0,0,0,0
346436.3972117,960,0.00117023335769773,0.0906527101993561,0,-70.7076411863887,-54.9119274298796,1617.80760996875,60.8819377883336,-39.8642577238676,1601.93234433038,NaN,NaN,NaN,NaN,NaN,NaN,0,0,0,0,0,0
346436.4077018,960,0.000744365272112191,0.0898459175601602,0,-70.7557604377593,-55.0426340710478,1617.75362245593,60.8901958804082,-39.9879884221721,1601.95551076741,NaN,NaN,NaN,NaN,NaN,NaN,0,0,0,0,0,0
346436.4181189,960,-0.000249873235588893,0.0905947120860219,0,-70.7949798308182,-55.141921728004,1617.71773677437,60.9214856206724,-40.1915480524398,1601.94261016641,NaN,NaN,NaN,NaN,NaN,NaN,0,0,0,0,0,0
346436.4285744,960,0.000866809103172272,0.0904958512634039,0,-70.5790332383696,-55.4778893529246,1617.33618941461,60.9413215266405,-40.4425302503123,1601.96631739676,NaN,NaN,NaN,NaN,NaN,NaN,0,0,0,0,0,0
346436.4400929,960,0.00103706354275346,0.0903398398309946,0,-70.5118804118686,-55.6141619796358,1617.27525769987,60.9449905584231,-40.7615795327746,1601.89557701484,NaN,NaN,NaN,NaN,NaN,NaN,0,0,0,0,0,0
346436.450607,960,0.00179746246431023,0.0899016991257668,0,-70.4972209494394,-55.7007645977868,1617.25917845359,61.0386711383833,-40.98566460685,1601.91627468021,NaN,NaN,NaN,NaN,NaN,NaN,0,0,0,0,0,0
346436.4610377,960,0.00149919360410422,0.0907752852886915,0,-70.4623622652918,-55.8363231063597,1617.26314112229,61.1030742091871,-41.1378037169949,1601.92375267045,NaN,NaN,NaN,NaN,NaN,NaN,0,0,0,0,0,0
346436.4714515,960,0.00134859140962362,0.0907120931893587,0,-70.4652754096594,-55.9288935781837,1617.24243755908,61.227332447788,-41.2359071573694,1601.96045224629,NaN,NaN,NaN,NaN,NaN,NaN,0,0,0,0,0,0
346436.4819188,960,0.00171527289785445,0.0903554944321513,0,-70.4961780145396,-56.0643443278875,1617.23609345827,61.3815714485497,-41.4237876525524,1601.98269413117,NaN,NaN,NaN,NaN,NaN,NaN,0,0,0,0,0,0
346436.4923426,960,0.0012895466061309,0.0901606356725097,0,-70.4394520450517,-56.2505067733185,1617.21757101284,61.4933643565302,-41.573612073353,1601.99624822541,NaN,NaN,NaN,NaN,NaN,NaN,0,0,0,0,0,0
346436.5028104,960,0.00120581069495529,0.0907745039090514,0,-70.2566909776962,-56.4962452946091,1617.26418843167,61.4619535857213,-41.6540828191416,1601.86725569016,NaN,NaN,NaN,NaN,NaN,NaN,0.0709000006318092,0.193299993872643,0.978600025177002,34.0200004577637,157.869995117188,887.599975585938
346436.5132482,960,0.00159987062215805,0.0902581954374909,0,-70.1987533918744,-56.6151925162541,1617.22280768696,61.4738432073071,-41.7733590220547,1601.82995845051,NaN,NaN,NaN,NaN,NaN,NaN,0.068400003015995,0.18529999256134,0.980300009250641,34.1699981689453,157.429992675781,885.739990234375
346436.5237118,960,0.00172862748149782,0.0901471855118871,0,-69.9908847316619,-56.8066288147808,1617.24954998385,61.5312176956273,-41.846715271832,1601.78952744691,NaN,NaN,NaN,NaN,NaN,NaN,0.0714000016450882,0.192800000309944,0.978600025177002,34.0499992370605,156.470001220703,881.150024414062
346436.5341643,960,0.00187998055480421,0.0903244245797396,0,0,0,0,0,0,0,NaN,NaN,NaN,NaN,NaN,NaN,0.0681999996304512,0.184000000357628,0.980499982833862,33.6500015258789,154.460006713867,872.320007324219
346436.5446535,960,0.00206093396991491,0.0895529747009277,0,0,0,0,0,0,0,NaN,NaN,NaN,NaN,NaN,NaN,0.0715999975800514,0.19140000641346,0.978900015354156,33.7799987792969,154.369995117188,872.919982910156
346436.5550795,960,0.00272436439990997,0.0899205779656768,0,0,0,0,0,0,0,NaN,NaN,NaN,NaN,NaN,NaN,0.0674000009894371,0.181999996304512,0.981000006198883,33.7700004577637,153.279998779297,870.809997558594
346436.5654934,960,0.00229543843306601,0.0897814989089966,0,0,0,0,0,0,0,NaN,NaN,NaN,NaN,NaN,NaN,0.0715999975800514,0.189400002360344,0.979300022125244,33.689998626709,152.770004272461,869.109985351562
346436.5759576,960,0.00280962884426117,0.0894455838948488,0,0,0,0,0,0,0,NaN,NaN,NaN,NaN,NaN,NaN,0,0,0,0,0,0
346436.5865586,960,0.0022761772852391,0.0894392611458898,0,0,0,0,0,0,0,NaN,NaN,NaN,NaN,NaN,NaN,0,0,0,0,0,0
346436.5969864,960,0.00302049820311368,0.0900266444310546,0,0,0,0,0,0,0,NaN,NaN,NaN,NaN,NaN,NaN,0,0,0,0,0,0
346436.6073948,960,0.00287987547926605,0.0899768251925707,0,0,0,0,0,0,0,NaN,NaN,NaN,NaN,NaN,NaN,0,0,0,0,0,0
346436.6178001,960,0.00423293700441718,0.0901546947658062,0,0,0,0,0,0,0,NaN,NaN,NaN,NaN,NaN,NaN,0,0,0,0,0,0
346436.6282334,960,0.00321918004192412,0.0896549368277192,0,0,0,0,0,0,0,NaN,NaN,NaN,NaN,NaN,NaN,0,0,0,0,0,0
346436.6386591,960,0.00262056291103363,0.0895106125622988,0,0,0,0,0,0,0,NaN,NaN,NaN,NaN,NaN,NaN,0,0,0,0,0,0
346436.6492319,960,0.00305977906100452,0.089813344553113,0,0,0,0,0,0,0,NaN,NaN,NaN,NaN,NaN,NaN,0,0,0,0,0,0
346436.6601174,960,0.00385089265182614,0.0908479982987046,0,0,0,0,0,0,0,NaN,NaN,NaN,NaN,NaN,NaN,0,0,0,0,0,0
346436.6705536,960,0.00299405003897846,0.090337043069303,0,0,0,0,0,0,0,NaN,NaN,NaN,NaN,NaN,NaN,0,0,0,0,0,0
346436.6809737,960,0.00295189954340458,0.0899951480329037,0,0,0,0,0,0,0,NaN,NaN,NaN,NaN,NaN,NaN,0,0,0,0,0,0
346436.6914039,960,0.00213016686029732,0.0893029918894172,0,0,0,0,0,0,0,NaN,NaN,NaN,NaN,NaN,NaN,0,0,0,0,0,0
346436.701895,960,0.00288897543214262,0.0901312803849578,0,0,0,0,0,0,0,NaN,NaN,NaN,NaN,NaN,NaN,0,0,0,0,0,0
346436.7123323,960,0.00327745755203068,0.0897614978253841,0,0,0,0,0,0,0,NaN,NaN,NaN,NaN,NaN,NaN,0.0674000009894371,0.187800005078316,0.979900002479553,36.3199996948242,169.679992675781,950.309997558594
346436.7228093,960,0.00259876111522317,0.090224139764905,0,0,0,0,0,0,0,NaN,NaN,NaN,NaN,NaN,NaN,0.0685999989509583,0.194600000977516,0.978500008583069,36.3899993896484,170.360000610352,952.159973144531
346436.7335685,960,0.00243132188916206,0.0895616471767426,0,0,0,0,0,0,0,NaN,NaN,NaN,NaN,NaN,NaN,0.0676999986171722,0.189400002360344,0.979600012302399,36.439998626709,170.940002441406,954.640014648438
346436.7440284,960,0.00265090679749846,0.0895353512838483,0,0,0,0,0,0,0,NaN,NaN,NaN,NaN,NaN,NaN,0.068000003695488,0.195800006389618,0.978299975395203,36.3899993896484,172.050003051758,959.789978027344
346436.7544863,960,0.00273222592659295,0.0900483023375273,0,0,0,0,0,0,0,NaN,NaN,NaN,NaN,NaN,NaN,0.0670000016689301,0.190200001001358,0.979499995708466,36.5,174,967.22998046875
346436.7649129,960,0.00290718534961343,0.0906549993902445,0,0,0,0,0,0,0,NaN,NaN,NaN,NaN,NaN,NaN,0.0678000003099442,0.196799993515015,0.978100001811981,36.1199989318848,172.740005493164,958.659973144531
346436.7753745,960,0.0022933310829103,0.0901631437242031,0,0,0,0,0,0,0,NaN,NaN,NaN,NaN,NaN,NaN,0.0667999982833862,0.191699996590614,0.979200005531311,35.6199989318848,173.449996948242,958.640014648438
346436.7866116,960,0.00195998745039105,0.089768348634243,0,-69.5993696184902,-59.7527270941082,1617.05444197242,62.0440327541385,-45.6747295846211,1601.49182007124,NaN,NaN,NaN,NaN,NaN,NaN,0,0,0,0,0,0
346436.7971498,960,0.00092765741283074,0.0914742959663272,0,-69.5860468811232,-59.8697773865391,1617.04031570098,62.0543858075266,-45.8061702665159,1601.5098230797,NaN,NaN,NaN,NaN,NaN,NaN,0,0,0,0,0,0
346436.8077556,960,0.00231758062727749,0.0910682635381818,0,-69.5342924487029,-59.9574792195592,1617.03102918915,62.0679132875037,-45.8978920146646,1601.50278650342,NaN,NaN,NaN,NaN,NaN,NaN,0,0,0,0,0,0
346436.8182753,960,0.00183490547351539,0.0907598150894046,0,-69.5838077862944,-60.0763425385615,1617.05899102689,62.0547689906594,-45.9858011437295,1601.5002288602,NaN,NaN,NaN,NaN,NaN,NaN,0,0,0,0,0,0
346436.8288063,960,0.0012389620533213,0.0907534150406718,0,-69.5328441479383,-60.2166121485165,1617.09626596878,61.9913497604805,-46.0956698240456,1601.51645150159,NaN,NaN,NaN,NaN,NaN,NaN,0,0,0,0,0,0
346436.8400427,960,0.00229533086530864,0.092330476641655,0,-69.4458511107641,-60.4349543146094,1617.15172287494,62.019079272665,-46.2864481646004,1601.56827961671,NaN,NaN,NaN,NaN,NaN,NaN,0,0,0,0,0,0
346436.8504413,960,0.00185990193858743,0.0909275937825441,0,-69.4010021241944,-60.6065042933282,1617.21806158843,62.022527975931,-46.4801399980941,1601.50161823934,NaN,NaN,NaN,NaN,NaN,NaN,0,0,0,0,0,0
346436.8608885,960,0.00146838091313839,0.0908916754648089,0,-69.3452176014769,-60.7700252277315,1617.24584655881,62.1197905758123,-46.69688854967,1601.60481881608,NaN,NaN,NaN,NaN,NaN,NaN,0,0,0,0,0,0
346436.8713353,960,0.00178041274193674,0.0913359088823199,0,-69.3142236480339,-60.8501430377657,1617.30560163117,62.2615012289221,-46.8032420280741,1601.65016767645,NaN,NaN,NaN,NaN,NaN,NaN,0,0,0,0,0,0
346436.8817816,960,0.00159780553076416,0.0913773275911808,0,-69.3002130780362,-60.9336628532171,1617.33091337081,62.3670582255179,-46.9670181414198,1601.6684811661,NaN,NaN,NaN,NaN,NaN,NaN,0,0,0,0,0,0
346436.8922161,960,0.00322130182757974,0.0916517352685332,0,-69.268120816397,-61.0163037127039,1617.37909003151,62.515700368724,-47.0315973776431,1601.69741195932,NaN,NaN,NaN,NaN,NaN,NaN,0,0,0,0,0,0
346436.9026469,960,0.00206378544680774,0.0922663564793766,0,-69.1650292780994,-61.1680033579616,1617.47534629295,62.6845240860251,-47.1868406461641,1601.6781359446,NaN,NaN,NaN,NaN,NaN,NaN,0.0688999965786934,0.195700004696846,0.978200018405914,37.0400009155273,172.979995727539,957.359985351562
346436.9131726,960,0.00250108516775072,0.0919588770717382,0,-69.0886761366798,-61.3126218217137,1617.5117478026,62.8771901993356,-47.2933364662564,1601.75392554372,NaN,NaN,NaN,NaN,NaN,NaN,0.0679000020027161,0.18970000743866,0.979499995708466,37.2099990844727,172.339996337891,949.960021972656
346436.9236791,960,0.00174898491241038,0.092106962017715,0,-69.0112078293724,-61.4200544095525,1617.543816416,63.0503096573242,-47.4019491918923,1601.7762296213,NaN,NaN,NaN,NaN,NaN,NaN,0.0701000019907951,0.196799993515015,0.97790002822876,36.7700004577637,170.020004272461,936.400024414062
346436.9341058,960,0.00143523782026023,0.0912856770679355,0,-68.9760371401881,-61.5496796955047,1617.51956440472,63.1277285538611,-47.4333709185314,1601.67492639346,NaN,NaN,NaN,NaN,NaN,NaN,0.0681999996304512,0.190099999308586,0.979399979114532,35.8499984741211,168.110000610352,925.669982910156
346436.9444903,960,0.00175228901207447,0.0924279586412013,0,-68.9442990242307,-61.6460090426608,1617.49869451825,63.3558878310421,-47.4762927110944,1601.77432694298,NaN,NaN,NaN,NaN,NaN,NaN,0.0694999992847443,0.19760000705719,0.977800011634827,35.1800003051758,167.490005493164,921.739990234375
346436.954942,960,0.00279724760912359,0.0924797089770436,0,-68.8620863819752,-61.7206846368795,1617.50319472631,63.469034249489,-47.614420693409,1601.73109954351,NaN,NaN,NaN,NaN,NaN,NaN,0.0687000006437302,0.190400004386902,0.979300022125244,34.810001373291,164.369995117188,906.72998046875
346436.9653998,960,0.00233913119882345,0.0920203145593405,0,-68.7903024828659,-61.7729812094197,1617.51495769843,63.570163349384,-47.702276258463,1601.71566686048,NaN,NaN,NaN,NaN,NaN,NaN,0.0706999972462654,0.196799993515015,0.97790002822876,34.4799995422363,162.380004882812,896.25
346436.9758593,960,0.00205223797820508,0.092583925370127,0,-68.5293918647658,-61.965753046688,1617.518248428,63.7174102336911,-47.6800511183497,1601.72211845137,NaN,NaN,NaN,NaN,NaN,NaN,0,0,0,0,0,0
346436.986305,960,0.00273056537844241,0.0929672661237419,0,-68.4299188601618,-62.0579468201443,1617.48473355823,63.7860323027354,-47.7453521835893,1601.65640321855,NaN,NaN,NaN,NaN,NaN,NaN,0,0,0,0,0,0
346436.9967436,960,0.00265823188237846,0.0916938524693251,0,-68.2038913196969,-62.2202186909863,1617.48362171497,63.815280653099,-47.7544230409128,1601.63804293875,NaN,NaN,NaN,NaN,NaN,NaN,0,0,0,0,0,0
346437.0071668,960,0.00196204008534551,0.0926852718926966,0,0,0,0,0,0,0,NaN,NaN,NaN,NaN,NaN,NaN,0,0,0,0,0,0
346437.0175183,960,0.00137670582626015,0.093097276892513,0,-67.9901156706291,-62.3812960658465,1617.4540922597,63.8702943245097,-47.8409757412123,1601.63558978579,NaN,NaN,NaN,NaN,NaN,NaN,0,0,0,0,0,0
346437.0279345,960,0.00166255584917963,0.093115623947233,0,-67.9037645417551,-62.4364476842573,1617.42341117802,63.8420608481576,-47.920089308651,1601.53496235503,NaN,NaN,NaN,NaN,NaN,NaN,0,0,0,0,0,0
346437.0384205,960,0.00220642425119877,0.0930508099496365,0,-67.7963400330313,-62.5456364906719,1617.44556195813,63.9223973142613,-48.0494649858614,1601.57605204322,NaN,NaN,NaN,NaN,NaN,NaN,0,0,0,0,0,0
346437.048882,960,0.00245509436354041,0.0921817909926176,0,-67.6916985952441,-62.6327771027094,1617.45281673179,64.0003735163605,-48.0647470181612,1601.63163292439,NaN,NaN,NaN,NaN,NaN,NaN,0,0,0,0,0,0
346437.0601215,960,0.00291752628982067,0.0938499541021884,0,-67.589774888737,-62.7386376098009,1617.49059926179,63.9991211498367,-48.2262387571047,1601.58406702013,NaN,NaN,NaN,NaN,NaN,NaN,0,0,0,0,0,0
346437.0706417,960,0.0021781821269542,0.0933863640762866,0,-67.5259205194216,-62.8459127368163,1617.54084246017,64.0688525677169,-48.3023091967755,1601.63066458342,NaN,NaN,NaN,NaN,NaN,NaN,0,0,0,0,0,0
346437.0811912,960,0.00188857188913971,0.0926751251332462,0,0,0,0,0,0,0,NaN,NaN,NaN,NaN,NaN,NaN,0,0,0,0,0,0
346437.0918748,960,0.00208596256561577,0.0939698190428317,0,0,0,0,0,0,0,NaN,NaN,NaN,NaN,NaN,NaN,0,0,0,0,0,0
346437.1025211,960,0.00210495106875896,0.0936227747239173,0,0,0,0,0,0,0,NaN,NaN,NaN,NaN,NaN,NaN,0.0701000019907951,0.196099996566772,0.978100001811981,37.6500015258789,170.279998779297,948
346437.1129667,960,0.00244473968632519,0.0931137948296964,0,0,0,0,0,0,0,NaN,NaN,NaN,NaN,NaN,NaN,0.0693999975919724,0.188700005412102,0.979600012302399,38.0099983215332,169.960006713867,950.859985351562
346437.1234016,960,0.00230954983271658,0.0943355489522219,0,0,0,0,0,0,0,NaN,NaN,NaN,NaN,NaN,NaN,0.0707999989390373,0.194199994206429,0.978399991989136,37.5200004577637,167.589996337891,937.739990234375
346437.1338249,960,0.0031718413811177,0.0934054054319859,0,0,0,0,0,0,0,NaN,NaN,NaN,NaN,NaN,NaN,0.068000003695488,0.187800005078316,0.97979998588562,36.5800018310547,168.020004272461,933.359985351562
346437.1442602,960,0.00330875720828772,0.0938231646083295,0,0,0,0,0,0,0,NaN,NaN,NaN,NaN,NaN,NaN,0.0689999982714653,0.195999994874001,0.978200018405914,36.2599983215332,170.270004272461,944.309997558594
346437.154684,960,0.00403483863919973,0.0936883975751698,0,0,0,0,0,0,0,NaN,NaN,NaN,NaN,NaN,NaN,0.0667999982833862,0.187299996614456,0.980000019073486,36.3699989318848,170.089996337891,944.27001953125
346437.1651308,960,0.00410267850384116,0.094529758580029,0,0,0,0,0,0,0,NaN,NaN,NaN,NaN,NaN,NaN,0.0693999975919724,0.195199996232986,0.978299975395203,36.5800018310547,170.020004272461,944.200012207031
346437.1755307,960,0.00435587530955672,0.0932416663505137,0,0,0,0,0,0,0,NaN,NaN,NaN,NaN,NaN,NaN,0.067100003361702,0.187999993562698,0.979900002479553,36.4099998474121,170.190002441406,943.109985351562
346437.1859339,960,0.00420556683093309,0.0943258976563811,0,0,0,0,0,0,0,NaN,NaN,NaN,NaN,NaN,NaN,0,0,0,0,0,0
346437.1964746,960,0.00394858233630657,0.0938372415490449,0,0,0,0,0,0,0,NaN,NaN,NaN,NaN,NaN,NaN,0,0,0,0,0,0
346437.2069498,960,0.00409759161993861,0.094821525644511,0,0,0,0,0,0,0,NaN,NaN,NaN,NaN,NaN,NaN,0,0,0,0,0,0
346437.2173572,960,0.00406792806461453,0.094570093229413,0,0,0,0,0,0,0,NaN,NaN,NaN,NaN,NaN,NaN,0,0,0,0,0,0
346437.227848,960,0.00357311358675361,0.0945953949354589,0,0,0,0,0,0,0,NaN,NaN,NaN,NaN,NaN,NaN,0,0,0,0,0,0
346437.2399035,960,0.00352548900991678,0.0945093239657581,0,0,0,0,0,0,0,NaN,NaN,NaN,NaN,NaN,NaN,0,0,0,0,0,0
346437.2503406,960,0.00294965365901589,0.0959823237732053,0,0,0,0,0,0,0,NaN,NaN,NaN,NaN,NaN,NaN,0,0,0,0,0,0
346437.2607902,960,0.003501339815557,0.0943767408840358,0,0,0,0,0,0,0,NaN,NaN,NaN,NaN,NaN,NaN,0,0,0,0,0,0
346437.2711809,960,0.00399669492617249,0.0946554396301508,0,0,0,0,0,0,0,NaN,NaN,NaN,NaN,NaN,NaN,0,0,0,0,0,0
346437.2817109,960,0.00361986365169287,0.0951620330102742,0,0,0,0,0,0,0,NaN,NaN,NaN,NaN,NaN,NaN,0,0,0,0,0,0
346437.2922002,960,0.00311736995354295,0.0947276078164578,0,0,0,0,0,0,0,NaN,NaN,NaN,NaN,NaN,NaN,0,0,0,0,0,0
346437.3026913,960,0.00364968180656433,0.0948504688218236,0,0,0,0,0,0,0,NaN,NaN,NaN,NaN,NaN,NaN,0.0675999969244003,0.195800006389618,0.978299975395203,34.939998626709,170.550003051758,945.599975585938
346437.3130889,960,0.00405308231711388,0.0953621253371239,0,0,0,0,0,0,0,NaN,NaN,NaN,NaN,NaN,NaN,0.0676999986171722,0.188800007104874,0.979700028896332,34.5800018310547,165.039993286133,918.659973144531
346437.3235556,960,0.00401318958029151,0.0948211102746427,0,0,0,0,0,0,0,NaN,NaN,NaN,NaN,NaN,NaN,0.0696000009775162,0.194900006055832,0.978299975395203,34.6100006103516,163.830001831055,913.510009765625
346437.3339964,960,0.00355997588485479,0.0948798958212137,0,0,0,0,0,0,0,NaN,NaN,NaN,NaN,NaN,NaN,0.0676999986171722,0.189300000667572,0.979600012302399,34.5200004577637,165.350006103516,920.200012207031
346437.3444634,960,0.00392880011349916,0.0950366895645857,0,0,0,0,0,0,0,NaN,NaN,NaN,NaN,NaN,NaN,0.069300003349781,0.195899993181229,0.978200018405914,34.25,164.279998779297,912.309997558594
346437.3548822,960,0.00481616705656052,0.094758992921561,0,0,0,0,0,0,0,NaN,NaN,NaN,NaN,NaN,NaN,0.0697999969124794,0.191300004720688,0.978999972343445,34.2000007629395,161,895.080017089844
346437.3653219,960,0.0047251763753593,0.0959805491380394,0,0,0,0,0,0,0,NaN,NaN,NaN,NaN,NaN,NaN,0.0706999972462654,0.196400001645088,0.977999985218048,34.4500007629395,160.830001831055,895.530029296875
346437.3757736,960,0.00408091023564339,0.0955028500407934,0,0,0,0,0,0,0,NaN,NaN,NaN,NaN,NaN,NaN,0,0,0,0,0,0
346437.3862242,960,0.00434230733662844,0.0953704299405217,0,0,0,0,0,0,0,NaN,NaN,NaN,NaN,NaN,NaN,0,0,0,0,0,0
346437.396682,960,0.00375019107013941,0.0943830561824143,0,0,0,0,0,0,0,NaN,NaN,NaN,NaN,NaN,NaN,0,0,0,0,0,0
346437.4071556,960,0.00439215824007988,0.09515336798504,0,0,0,0,0,0,0,NaN,NaN,NaN,NaN,NaN,NaN,0,0,0,0,0,0
346437.4175836,960,0.00497620878741145,0.0959436235949397,0,0,0,0,0,0,0,NaN,NaN,NaN,NaN,NaN,NaN,0,0,0,0,0,0
346437.4280135,960,0.00466376356780529,0.0952847706153989,0,0,0,0,0,0,0,NaN,NaN,NaN,NaN,NaN,NaN,0,0,0,0,0,0
346437.4384354,960,0.00427697412669659,0.0956425675190985,0,0,0,0,0,0,0,NaN,NaN,NaN,NaN,NaN,NaN,0,0,0,0,0,0
346437.4490394,960,0.00454389490187168,0.0954024776816368,0,0,0,0,0,0,0,NaN,NaN,NaN,NaN,NaN,NaN,0,0,0,0,0,0
346437.4597477,960,0.00478003779426217,0.0951667678542435,0,0,0,0,0,0,0,NaN,NaN,NaN,NaN,NaN,NaN,0,0,0,0,0,0
346437.4701772,960,0.00496257422491908,0.0960502181202173,0,0,0,0,0,0,0,NaN,NaN,NaN,NaN,NaN,NaN,0,0,0,0,0,0
346437.4805859,960,0.00460262876003981,0.0945724694989622,0,0,0,0,0,0,0,NaN,NaN,NaN,NaN,NaN,NaN,0,0,0,0,0,0
346437.495573,960,0.0043194554746151,0.0955803654156625,0,-65.3012996974725,-65.7378277358466,1617.31088385218,66.1328161316952,-51.4322340564521,1601.51048861123,NaN,NaN,NaN,NaN,NaN,NaN,0.0768999978899956,0.197899997234344,0.977199971675873,34.4799995422363,149.169998168945,819.590026855469
346437.5061934,960,0.00418368354439735,0.0948007217608392,0,0,0,0,0,0,0,NaN,NaN,NaN,NaN,NaN,NaN,0.0790000036358833,0.197200000286102,0.977199971675873,35.1100006103516,146.479995727539,800.640014648438
346437.5166429,960,0.0036218382883817,0.0945435444824398,0,-65.0224329699084,-65.8883035318982,1617.28152066705,66.4852757971084,-51.5677864110474,1601.47554500514,NaN,NaN,NaN,NaN,NaN,NaN,0,0,0,0,0,0
346437.5270709,960,0.00415052194148302,0.0947813181206584,0,-64.881699656857,-65.9509065790917,1617.23114031657,66.5754253545352,-51.5811035177959,1601.43169317122,NaN,NaN,NaN,NaN,NaN,NaN,0,0,0,0,0,0
346437.5375215,960,0.0035286305937916,0.0954488356597722,0,0,0,0,0,0,0,NaN,NaN,NaN,NaN,NaN,NaN,0,0,0,0,0,0
346437.5480586,960,0.00296612130478024,0.0942038734443486,0,0,0,0,0,0,0,NaN,NaN,NaN,NaN,NaN,NaN,0,0,0,0,0,0
346437.558514,960,0.00357549381442368,0.0955590921454132,0,0,0,0,0,0,0,NaN,NaN,NaN,NaN,NaN,NaN,0,0,0,0,0,0
346437.5689541,960,0.00361251574940979,0.0946185192093253,0,0,0,0,0,0,0,NaN,NaN,NaN,NaN,NaN,NaN,0,0,0,0,0,0
346437.5794285,960,0.00333347637206316,0.094780124630779,0,0,0,0,0,0,0,NaN,NaN,NaN,NaN,NaN,NaN,0,0,0,0,0,0
346437.5898647,960,0.00382369151338935,0.0946171753108501,0,-64.1338661479761,-66.1451882427037,1617.21242688425,67.672421059412,-51.8918604723629,1601.33747245311,NaN,NaN,NaN,NaN,NaN,NaN,0,0,0,0,0,0
346437.600322,960,0.00356745952740312,0.0946155021898449,0,-64.025528123145,-66.1470325339455,1617.18662389693,67.7129712059262,-52.036104743358,1601.23766145612,NaN,NaN,NaN,NaN,NaN,NaN,0,0,0,0,0,0
346437.6108188,960,0.00214660097844899,0.0951204149983823,0,-63.8615438723952,-66.1438077861223,1617.20777972357,67.7700846558513,-52.0561648644796,1601.21548536718,NaN,NaN,NaN,NaN,NaN,NaN,0,0,0,0,0,0
346437.6212802,960,0.00341401598416269,0.0945435589179397,0,-63.7178183703183,-66.1765194497993,1617.17740750134,67.8783886951408,-52.1086439026111,1601.14776651076,NaN,NaN,NaN,NaN,NaN,NaN,0,0,0,0,0,0
346437.6318172,960,0.0028467932716012,0.0944217791780829,0,-63.5917829183053,-66.1668112318233,1617.21024462305,67.9947747983184,-52.1457806633595,1601.10719127442,NaN,NaN,NaN,NaN,NaN,NaN,0,0,0,0,0,0
346437.6422896,960,0.00291987648233771,0.0936222448013723,0,-63.4638976744819,-66.1534709814362,1617.22412115841,68.148308159296,-52.1717259125563,1601.13224245845,NaN,NaN,NaN,NaN,NaN,NaN,0,0,0,0,0,0
346437.6527923,960,0.00157562387175858,0.0935530652292073,0,0,0,0,0,0,0,NaN,NaN,NaN,NaN,NaN,NaN,0.0824000015854836,0.1942999958992,0.977500021457672,35.060001373291,137.600006103516,748.25
346437.6632311,960,0.00232776859775186,0.0935728455893695,0,0,0,0,0,0,0,NaN,NaN,NaN,NaN,NaN,NaN,0.0829000025987625,0.194999992847443,0.977299988269806,35.2200012207031,137.75,751.25
346437.6736826,960,0.00196921499446034,0.0936614660546184,0,0,0,0,0,0,0,NaN,NaN,NaN,NaN,NaN,NaN,0.0819000005722046,0.19310000538826,0.977800011634827,35.310001373291,138.080001831055,753.570007324219
346437.6841464,960,0.00130851578433067,0.0934783964417875,0,0,0,0,0,0,0,NaN,NaN,NaN,NaN,NaN,NaN,0.0825000032782555,0.194700002670288,0.977400004863739,35.2900009155273,138.320007324219,754.25
346437.6945318,960,0.00185746233910322,0.0935820256359875,0,0,0,0,0,0,0,NaN,NaN,NaN,NaN,NaN,NaN,0.0813999995589256,0.192900002002716,0.977800011634827,35.2900009155273,138.699996948242,756.830017089844
346437.7048965,960,0.00163710315246135,0.0936923775821924,0,0,0,0,0,0,0,NaN,NaN,NaN,NaN,NaN,NaN,0.0822999998927116,0.1942999958992,0.977500021457672,35.2799987792969,138.440002441406,755.719970703125
346437.7152565,960,0.00143244990613312,0.0934027688577771,0,0,0,0,0,0,0,NaN,NaN,NaN,NaN,NaN,NaN,0.0817999988794327,0.19370000064373,0.977699995040894,35.25,138.600006103516,754.460021972656
346437.7257082,960,0.00122098962310702,0.0933541887439787,0,0,0,0,0,0,0,NaN,NaN,NaN,NaN,NaN,NaN,0,0,0,0,0,0
346437.73615,960,0.00115617632400244,0.0929419299587607,0,0,0,0,0,0,0,NaN,NaN,NaN,NaN,NaN,NaN,0,0,0,0,0,0
346437.7466396,960,0.00105513678863645,0.0936377611011267,0,0,0,0,0,0,0,NaN,NaN,NaN,NaN,NaN,NaN,0,0,0,0,0,0
346437.7570159,960,0.000646929431241006,0.0945264449343085,0,0,0,0,0,0,0,NaN,NaN,NaN,NaN,NaN,NaN,0,0,0,0,0,0
346437.7673948,960,0.000850359909236431,0.0933605114929378,0,-61.6474311449935,-66.5581367847801,1617.45708361949,69.7852310911905,-52.690388111335,1601.01025626016,NaN,NaN,NaN,NaN,NaN,NaN,0,0,0,0,0,0
346437.7777885,960,0.000352974777342752,0.0929281189106405,0,0,0,0,0,0,0,NaN,NaN,NaN,NaN,NaN,NaN,0,0,0,0,0,0
346437.7883515,960,0.000398336676880717,0.0930397421121597,0,0,0,0,0,0,0,NaN,NaN,NaN,NaN,NaN,NaN,0,0,0,0,0,0
346437.7987758,960,0.000472368643386289,0.0936633333563805,0,0,0,0,0,0,0,NaN,NaN,NaN,NaN,NaN,NaN,0,0,0,0,0,0
346437.8092914,960,0.00021021970314905,0.0935917011462152,0,-60.961626454809,-66.9494285756761,1617.46258205955,70.5400378791635,-53.0149999704261,1601.21466587319,NaN,NaN,NaN,NaN,NaN,NaN,0,0,0,0,0,0
346437.8197629,960,0.000162576019647531,0.0932074220851064,0,-60.9156371999074,-66.9951009803834,1617.47448726653,70.5887426166828,-53.2220826586017,1601.12609663206,NaN,NaN,NaN,NaN,NaN,NaN,0,0,0,0,0,0
346437.8302423,960,0.000253384787356481,0.0933652109466493,0,-60.7865838998453,-67.0802436635294,1617.39133252809,70.7684587407543,-53.2827403124556,1601.24729682478,NaN,NaN,NaN,NaN,NaN,NaN,0,0,0,0,0,0
346437.8407083,960,-0.00072145409649238,0.0934867066331208,0,-60.659071106982,-67.1567726115199,1617.39872219382,70.9065858368409,-53.3249394005744,1601.27255870966,NaN,NaN,NaN,NaN,NaN,NaN,0,0,0,0,0,0
346437.8512418,960,8.0621350207366e-05,0.093779600597918,0,-60.5579428312051,-67.2423613946085,1617.39019671756,71.1104872040945,-53.384233138309,1601.25177182334,NaN,NaN,NaN,NaN,NaN,NaN,0,0,0,0,0,0
346437.8621241,960,6.17852419964038e-05,0.0937679683789611,0,0,0,0,0,0,0,NaN,NaN,NaN,NaN,NaN,NaN,0,0,0,0,0,0
346437.8730115,960,-0.000188955804333091,0.09366001971066,0,0,0,0,0,0,0,NaN,NaN,NaN,NaN,NaN,NaN,0.0775000005960464,0.199000000953674,0.976899981498718,35.9500007629395,153.720001220703,824.820007324219
346437.8834877,960,-0.00139933580067009,0.0929017932154238,0,0,0,0,0,0,0,NaN,NaN,NaN,NaN,NaN,NaN,0.0778999999165535,0.202199995517731,0.976199984550476,35.3600006103516,152.389999389648,819.940002441406
346437.8939343,960,-0.000486997567350045,0.0933870267122984,0,0,0,0,0,0,0,NaN,NaN,NaN,NaN,NaN,NaN,0.0766000002622604,0.19709999859333,0.977400004863739,34.5499992370605,150.800003051758,813.869995117188
346437.9043858,960,-0.000155863337568007,0.0939432255923748,0,0,0,0,0,0,0,NaN,NaN,NaN,NaN,NaN,NaN,0.0763999968767166,0.201900005340576,0.976400017738342,34.2000007629395,152.210006713867,821.570007324219
346437.9148324,960,-0.000501816160976887,0.0935564720071852,0,0,0,0,0,0,0,NaN,NaN,NaN,NaN,NaN,NaN,0.0746000036597252,0.196299999952316,0.977699995040894,33.8400001525879,152.710006713867,824.159973144531
346437.925295,960,-0.000939551857300103,0.094289827067405,0,0,0,0,0,0,0,NaN,NaN,NaN,NaN,NaN,NaN,0.0756999999284744,0.202099993824959,0.976400017738342,33.8499984741211,152.779998779297,825.219970703125
346437.9357218,960,-0.000848153547849506,0.0936593640595675,0,0,0,0,0,0,0,NaN,NaN,NaN,NaN,NaN,NaN,0,0,0,0,0,0
346437.9461494,960,-0.00153625756502151,0.0942935281433165,0,0,0,0,0,0,0,NaN,NaN,NaN,NaN,NaN,NaN,0,0,0,0,0,0
346437.9598013,960,-0.00142776872962713,0.0946050280705094,0,0,0,0,0,0,0,NaN,NaN,NaN,NaN,NaN,NaN,0,0,0,0,0,0
346437.9702418,960,-0.00187647668644786,0.0941966203041375,0,0,0,0,0,0,0,NaN,NaN,NaN,NaN,NaN,NaN,0,0,0,0,0,0
346437.9807822,960,-0.00181864446494728,0.0935666895471513,0,0,0,0,0,0,0,NaN,NaN,NaN,NaN,NaN,NaN,0,0,0,0,0,0
346437.9912593,960,-0.00101421505678445,0.0942450043745339,0,0,0,0,0,0,0,NaN,NaN,NaN,NaN,NaN,NaN,0,0,0,0,0,0
346438.0017062,960,-0.00177719490602612,0.0945190520957112,0,0,0,0,0,0,0,NaN,NaN,NaN,NaN,NaN,NaN,0,0,0,0,0,0
346438.0121377,960,-0.00149760383646935,0.0943086514249444,0,0,0,0,0,0,0,NaN,NaN,NaN,NaN,NaN,NaN,0,0,0,0,0,0
346438.0226574,960,-0.0018710681470111,0.0946462837979198,0,0,0,0,0,0,0,NaN,NaN,NaN,NaN,NaN,NaN,0.0776000022888184,0.204199999570847,0.975799977779388,34.5299987792969,149.419998168945,811.390014648438
346438.0332854,963,-0.00103577808476985,0.0951615389436483,0,0,0,0,0,0,0,NaN,NaN,NaN,NaN,NaN,NaN,0.0767000019550323,0.197899997234344,0.977199971675873,34.2900009155273,150.110000610352,816.099975585938
346438.0438901,966,-0.00162758585065603,0.0943297258578241,0,0,0,0,0,0,0,NaN,NaN,NaN,NaN,NaN,NaN,0.0775000005960464,0.20270000398159,0.976199984550476,34.75,150.220001220703,816.869995117188
346438.0544288,969,-0.00128166249487549,0.0951811446808279,0,0,0,0,0,0,0,NaN,NaN,NaN,NaN,NaN,NaN,0.0768999978899956,0.197300001978874,0.977299988269806,35.2200012207031,151.679992675781,824.820007324219
346438.064971,972,-0.00159552320837975,0.0946993379853666,0,0,0,0,0,0,0,NaN,NaN,NaN,NaN,NaN,NaN,0.0755999982357025,0.203299999237061,0.976199984550476,35.6800003051758,157.179992675781,849.539978027344
346438.0758698,975,-0.00187009281944484,0.0948047567158938,0,0,0,0,0,0,0,NaN,NaN,NaN,NaN,NaN,NaN,0,0,0,0,0,0
346438.0864378,978,-0.00215826253406703,0.0942604843527079,0,0,0,0,0,0,0,NaN,NaN,NaN,NaN,NaN,NaN,0,0,0,0,0,0
346438.1000622,981,-0.00137080263812095,0.0944537109695375,0,0,0,0,0,0,0,NaN,NaN,NaN,NaN,NaN,NaN,0,0,0,0,0,0
346438.1104867,984,-0.00139049207791686,0.0955628081224859,0,0,0,0,0,0,0,NaN,NaN,NaN,NaN,NaN,NaN,0,0,0,0,0,0
346438.1209153,987,-0.00165033841039985,0.0953327118419111,0,-56.8490802423578,-68.8683080645494,1617.34805923996,74.835587769856,-55.359732739529,1601.2230453292,NaN,NaN,NaN,NaN,NaN,NaN,0,0,0,0,0,0
346438.1313342,990,-0.00174908724147826,0.0948935648426414,0,-56.7018129633149,-68.8256737964108,1617.38826213461,75.015444541518,-55.4083267516688,1601.25064656509,NaN,NaN,NaN,NaN,NaN,NaN,0,0,0,0,0,0
346438.1419009,993,-0.00188464822713286,0.0954011789523065,0,-56.6096968022369,-68.8608635956323,1617.38113221303,75.045247381893,-55.3690876242885,1601.19765185565,NaN,NaN,NaN,NaN,NaN,NaN,0,0,0,0,0,0
346438.152421,996,-0.0022336442489177,0.0949580729007721,0,-56.3974994344434,-68.8182810881277,1617.45424779987,75.2810917097186,-55.2971559003643,1601.20916170624,NaN,NaN,NaN,NaN,NaN,NaN,0.0732000023126602,0.201900005340576,0.976700007915497,35.9599990844727,166.25,880.010009765625
346438.1628996,999,-0.00261201127432287,0.0949999577365816,0,0,0,0,0,0,0,NaN,NaN,NaN,NaN,NaN,NaN,0.0750000029802322,0.205200001597404,0.975799977779388,35.5200004577637,161.169998168945,855.119995117188
346438.1734074,1002,-0.00267441035248339,0.095485476218164,0,-56.1577059822921,-68.7191354585759,1617.49399599916,75.6568628817063,-55.1046904128477,1601.14294475958,NaN,NaN,NaN,NaN,NaN,NaN,0.0750999972224236,0.198400005698204,0.977199971675873,35.9000015258789,158.929992675781,847.380004882812
346438.1838655,1005,-0.00286703882738948,0.0948197104968131,0,0,0,0,0,0,0,NaN,NaN,NaN,NaN,NaN,NaN,0.0751999989151955,0.203400000929832,0.976199984550476,36.2200012207031,161.419998168945,862.590026855469
346438.1942794,1008,-0.00290142674930394,0.0950222787447274,0,0,0,0,0,0,0,NaN,NaN,NaN,NaN,NaN,NaN,0.0746999979019165,0.198400005698204,0.977299988269806,36.1500015258789,160.550003051758,858.369995117188
346438.2048635,1011,-0.00218260544352233,0.094170920457691,0,0,0,0,0,0,0,NaN,NaN,NaN,NaN,NaN,NaN,0.0766000002622604,0.203799992799759,0.976000010967255,36.1100006103516,158.380004882812,844.419982910156
346438.2157034,1014,-0.00290198205038905,0.0952097106724978,0,0,0,0,0,0,0,NaN,NaN,NaN,NaN,NaN,NaN,0.0755999982357025,0.200000002980232,0.976899981498718,36.2900009155273,160.059997558594,851.27001953125
346438.226212,1017,-0.00329828797839582,0.0944979697465897,0,0,0,0,0,0,0,NaN,NaN,NaN,NaN,NaN,NaN,0,0,0,0,0,0
346438.2367561,1020,-0.0028861400205642,0.0957271250896156,0,0,0,0,0,0,0,NaN,NaN,NaN,NaN,NaN,NaN,0,0,0,0,0,0
346438.2471796,1023,-0.00293415226042271,0.0951037550345063,0,0,0,0,0,0,0,NaN,NaN,NaN,NaN,NaN,NaN,0,0,0,0,0,0
346438.2576526,1026,-0.00415764097124338,0.0954367475584149,0,0,0,0,0,0,0,NaN,NaN,NaN,NaN,NaN,NaN,0,0,0,0,0,0
346438.2689082,1029,-0.00348890363238752,0.0947706735692918,0,0,0,0,0,0,0,NaN,NaN,NaN,NaN,NaN,NaN,0,0,0,0,0,0
346438.2794207,1032,-0.00358126848004758,0.0947600062005222,0,0,0,0,0,0,0,NaN,NaN,NaN,NaN,NaN,NaN,0,0,0,0,0,0
346438.2899117,1035,-0.00327302794903517,0.0944662996567786,0,0,0,0,0,0,0,NaN,NaN,NaN,NaN,NaN,NaN,0,0,0,0,0,0
346438.300326,1038,-0.0032173553481698,0.0946220051497221,0,0,0,0,0,0,0,NaN,NaN,NaN,NaN,NaN,NaN,0,0,0,0,0,0
346438.3107943,1041,-0.00392090203240514,0.0949523843824863,0,0,0,0,0,0,0,NaN,NaN,NaN,NaN,NaN,NaN,0,0,0,0,0,0
346438.3225822,1044,-0.0040240460075438,0.0941836199723184,0,0,0,0,0,0,0,NaN,NaN,NaN,NaN,NaN,NaN,0,0,0,0,0,0
346438.3333289,1047,-0.00315435696393251,0.0939820100553334,0,-53.1962759970551,-67.336646578795,1618.023824694,78.4669870472861,-53.6292528295629,1601.29656485242,NaN,NaN,NaN,NaN,NaN,NaN,0.0767000019550323,0.201700001955032,0.976400017738342,37.2599983215332,161.520004272461,850.47998046875
346438.3437962,1050,-0.00388240837492049,0.094965476449579,0,-53.125386314978,-67.2216330853577,1618.0132248195,78.6014594209422,-53.6280263446572,1601.28791550129,NaN,NaN,NaN,NaN,NaN,NaN,0.0768000036478043,0.20440000295639,0.975899994373322,37.1100006103516,161.770004272461,854.150024414062
346438.3542024,1053,-0.00325510278344154,0.0957994376309216,0,-53.0688940019374,-67.1321004370627,1617.99471954737,78.7246540702702,-53.5971390998639,1601.2658764175,NaN,NaN,NaN,NaN,NaN,NaN,0.0750999972224236,0.199499994516373,0.976999998092651,37.1599998474121,163.119995117188,866.380004882812
346438.3646747,1056,-0.00351470336318016,0.0943174119107425,0,-52.8528373024741,-67.0537721217431,1617.95492546832,78.8695496869261,-53.5768718366776,1601.23971733674,NaN,NaN,NaN,NaN,NaN,NaN,0.0776000022888184,0.202399998903275,0.976199984550476,37.3300018310547,159.089996337891,847.359985351562
346438.3752172,1059,-0.00373044051229954,0.0943958166986704,0,-52.6977982957819,-66.9550154894562,1617.92689466921,78.9652806195986,-53.6316855095213,1601.25567072099,NaN,NaN,NaN,NaN,NaN,NaN,0.0777999982237816,0.199599996209145,0.97680002450943,37.25,157.190002441406,837.47998046875
346438.3857308,1062,-0.0032657072879374,0.0947899268008769,0,0,0,0,0,0,0,NaN,NaN,NaN,NaN,NaN,NaN,0.0777999982237816,0.202000007033348,0.976300001144409,36.7999992370605,157.059997558594,837.609985351562
346438.3997678,1065,-0.00382674066349864,0.0942975156009197,0,0,0,0,0,0,0,NaN,NaN,NaN,NaN,NaN,NaN,0,0,0,0,0,0
346438.410225,1068,-0.00409919628873467,0.0942469447851181,0,-51.9865490412264,-66.4866214745628,1617.73885993408,79.3411870526784,-53.422799464079,1601.2472870877,NaN,NaN,NaN,NaN,NaN,NaN,0,0,0,0,0,0
346438.4206799,1071,-0.00366329890675843,0.0942487790249288,0,0,0,0,0,0,0,NaN,NaN,NaN,NaN,NaN,NaN,0,0,0,0,0,0
346438.4312179,1074,-0.00365846371278167,0.0945774148218334,0,0,0,0,0,0,0,NaN,NaN,NaN,NaN,NaN,NaN,0,0,0,0,0,0
346438.4417309,1077,-0.00400748010724783,0.0943327009677887,0,0,0,0,0,0,0,NaN,NaN,NaN,NaN,NaN,NaN,0,0,0,0,0,0
346438.4522157,1080,-0.00320151052437723,0.0944945629686117,0,-51.5901323927204,-66.2070156013335,1617.71828700208,79.9384515253639,-53.1151005742925,1601.11479655956,NaN,NaN,NaN,NaN,NaN,NaN,0,0,0,0,0,0
346438.4627021,1083,-0.0040481174364686,0.0942811243236065,0,-51.4780016637774,-66.119609062812,1617.75834091024,80.1805780962659,-53.2124077694342,1601.17443982433,NaN,NaN,NaN,NaN,NaN,NaN,0.119699999690056,0.177799999713898,0.97680002450943,88.25,157.089996337891,895.72998046875
346438.4731696,1086,-0.00399696221575141,0.0937208197079599,0,-51.441919854516,-66.0631217988844,1617.78107144083,80.3899788819065,-53.1631870471184,1601.21144348237,NaN,NaN,NaN,NaN,NaN,NaN,0.152600005269051,0.200499996542931,0.967700004577637,118.919998168945,173.339996337891,930.239990234375
346438.4835978,1089,-0.00351901166141033,0.0929364793933928,0,-51.3376536270421,-66.014927689556,1617.78878938036,80.6711118197298,-53.0307616892986,1601.41036363553,NaN,NaN,NaN,NaN,NaN,NaN,0.155599996447563,0.194399997591972,0.968500018119812,122.959999084473,174.460006713867,924.890014648438
346438.4939989,1092,-0.00403875112533569,0.09377666041255,0,-51.2654722780898,-65.9480035675965,1617.77464384718,80.7439370762995,-52.9602285783304,1601.29878360516,NaN,NaN,NaN,NaN,NaN,NaN,0.158199995756149,0.200100004673004,0.966899991035461,122.98999786377,171.860000610352,919.760009765625
346438.5044728,1095,-0.00362744322046638,0.0940894860774279,0,-51.1802823827098,-65.8902391503559,1617.79846723327,80.9261858950564,-52.9607592640719,1601.23449096419,NaN,NaN,NaN,NaN,NaN,NaN,0.156800001859665,0.191599994897842,0.9689000248909,121.769996643066,168.699996948242,910.059997558594
346438.5150201,1098,-0.00425183493643999,0.0931020471267402,0,-51.0533331342728,-65.848065442232,1617.76115582022,81.1686098190459,-52.9852949636447,1601.23524753237,NaN,NaN,NaN,NaN,NaN,NaN,0.158299997448921,0.19650000333786,0.967599987983704,124.610000610352,169.070007324219,929.429992675781
346438.5254804,1101,-0.00406467169523239,0.0936303175054491,0,-50.897116874411,-65.8087360424736,1617.71105792234,81.2680942120875,-52.9487554920627,1601.14608270996,NaN,NaN,NaN,NaN,NaN,NaN,0.157100006937981,0.193299993872643,0.968500018119812,132.720001220703,177.919998168945,987.489990234375
346438.5359748,1104,-0.00498029123991728,0.0936484796926379,0,-50.6609200648363,-65.7462128627184,1617.67839881855,81.405022478745,-52.9471442425754,1601.17379678217,NaN,NaN,NaN,NaN,NaN,NaN,0,0,0,0,0,0
346438.546458,1107,-0.00392064033076167,0.0932911228388548,0,-50.3828358805919,-65.6971781133046,1617.70240248187,81.6029586120569,-52.9364354192798,1601.16317579327,NaN,NaN,NaN,NaN,NaN,NaN,0,0,0,0,0,0
346438.5596878,1110,-0.00406765751540661,0.0934962652623653,0,0,0,0,0,0,0,NaN,NaN,NaN,NaN,NaN,NaN,0,0,0,0,0,0
346438.5705793,1113,-0.00426379311829805,0.0928943128325045,0,0,0,0,0,0,0,NaN,NaN,NaN,NaN,NaN,NaN,0,0,0,0,0,0
346438.5810223,1116,-0.0041881101205945,0.0936335468664765,0,0,0,0,0,0,0,NaN,NaN,NaN,NaN,NaN,NaN,0,0,0,0,0,0
346438.5914484,1119,-0.00420891726389527,0.0931633016094565,0,0,0,0,0,0,0,NaN,NaN,NaN,NaN,NaN,NaN,0,0,0,0,0,0
346438.6018845,1122,-0.00483614532276988,0.0931503287516534,0,0,0,0,0,0,0,NaN,NaN,NaN,NaN,NaN,NaN,0,0,0,0,0,0
346438.6123206,1125,-0.00431958213448524,0.0929363112896681,0,0,0,0,0,0,0,NaN,NaN,NaN,NaN,NaN,NaN,0,0,0,0,0,0
346438.6228334,1128,-0.0041015762835741,0.0925735727883875,0,0,0,0,0,0,0,NaN,NaN,NaN,NaN,NaN,NaN,0.179499998688698,0.18979999423027,0.965300023555756,151.350006103516,175.059997558594,945.97998046875
346438.6332823,1131,-0.00440810434520245,0.0931066296994686,0,0,0,0,0,0,0,NaN,NaN,NaN,NaN,NaN,NaN,0.18359999358654,0.199100002646446,0.962599992752075,158.520004272461,181.039993286133,970.549987792969
346438.64371,1134,-0.00440629525110126,0.0923852211795747,0,-48.8574889702618,-65.0749540583221,1617.81931269796,82.9744907072571,-52.2289349065712,1601.06093920626,NaN,NaN,NaN,NaN,NaN,NaN,0.184900000691414,0.19149999320507,0.963900029659271,164.089996337891,182.350006103516,990.510009765625
346438.6541253,1137,-0.0050267307087779,0.0924531285651028,0,0,0,0,0,0,0,NaN,NaN,NaN,NaN,NaN,NaN,0.187999993562698,0.195500001311302,0.962499976158142,163.25,176.490005493164,971.02001953125
346438.6645485,1140,-0.00455895904451609,0.0922507181763649,0,0,0,0,0,0,0,NaN,NaN,NaN,NaN,NaN,NaN,0.19140000641346,0.189999997615814,0.96289998292923,158.550003051758,167.789993286133,927.919982910156
346438.6750275,1143,-0.00516227912157774,0.0918857160955668,0,0,0,0,0,0,0,NaN,NaN,NaN,NaN,NaN,NaN,0.195299997925758,0.197899997234344,0.960600018501282,154.649993896484,160.020004272461,887.25
346438.6855628,1146,-0.00474598444998264,0.0918358782306314,0,-48.4759391168197,-64.8880688976435,1617.76356160577,83.4627955212671,-52.146333821288,1600.94997959117,NaN,NaN,NaN,NaN,NaN,NaN,0.198899999260902,0.19200000166893,0.961000025272369,158.399993896484,160.300003051758,891.359985351562
346438.7000077,1149,-0.0050309575162828,0.0922649133950472,0,0,0,0,0,0,0,NaN,NaN,NaN,NaN,NaN,NaN,0,0,0,0,0,0
346438.710465,1152,-0.00506417639553547,0.0918606858700514,0,0,0,0,0,0,0,NaN,NaN,NaN,NaN,NaN,NaN,0,0,0,0,0,0
346438.7211206,1155,-0.00506776431575418,0.091688746958971,0,0,0,0,0,0,0,NaN,NaN,NaN,NaN,NaN,NaN,0,0,0,0,0,0
346438.7315701,1158,-0.00468895025551319,0.091259359754622,0,0,0,0,0,0,0,NaN,NaN,NaN,NaN,NaN,NaN,0,0,0,0,0,0
346438.7420201,1161,-0.00512511329725385,0.0921937887556851,0,0,0,0,0,0,0,NaN,NaN,NaN,NaN,NaN,NaN,0,0,0,0,0,0
346438.7525539,1164,-0.00575743010267615,0.0921131301671267,0,0,0,0,0,0,0,NaN,NaN,NaN,NaN,NaN,NaN,0.220300003886223,0.195199996232986,0.955699980258942,164.160003662109,145.669998168945,821.030029296875
346438.7629774,1167,-0.00547513132914901,0.0916519392281771,0,0,0,0,0,0,0,NaN,NaN,NaN,NaN,NaN,NaN,0.22409999370575,0.192200005054474,0.955399990081787,168.009994506836,148.080001831055,823.760009765625
346438.7734721,1170,-0.00537447817623615,0.0919556453824043,0,-46.7006325107614,-64.4665892602937,1617.63435506224,84.9091802701325,-51.6524561928182,1600.36995870287,NaN,NaN,NaN,NaN,NaN,NaN,0.224000006914139,0.195299997925758,0.954800009727478,180.330001831055,159.240005493164,876.179992675781
346438.7839511,1173,-0.00689608743414283,0.0928407473489642,0,0,0,0,0,0,0,NaN,NaN,NaN,NaN,NaN,NaN,0.227899998426437,0.1908999979496,0.954800009727478,181.410003662109,157.559997558594,862.710021972656
346438.7943845,1176,-0.00593147566542029,0.0917468018829823,0,-46.3708973466013,-64.3518597091523,1617.70299846677,85.4571689759154,-51.5365071643308,1600.30571260852,NaN,NaN,NaN,NaN,NaN,NaN,0.235699996352196,0.201299995183945,0.950800001621246,177.020004272461,149.929992675781,812.880004882812
346438.8047886,1179,-0.00563025381416082,0.0933034712448716,0,-46.0890230451416,-64.2893658308561,1617.78016642194,85.5778101075544,-51.4596686210901,1600.21323272788,NaN,NaN,NaN,NaN,NaN,NaN,0.234899997711182,0.191799998283386,0.952899992465973,195.770004272461,164.679992675781,892.880004882812
346438.8151896,1182,-0.00624415138736367,0.0921914874576032,0,-45.9067879608273,-64.1974093624004,1617.79380468985,85.7878810177166,-51.2898396683398,1600.272296568,NaN,NaN,NaN,NaN,NaN,NaN,0.23479999601841,0.190999999642372,0.953100025653839,214,177.610000610352,968.809997558594
346438.8256789,1185,-0.00556036736816168,0.0926410815678537,0,-45.6803601149079,-64.0911767903352,1617.72128397837,85.9952810039795,-51.2983552468868,1600.31426715105,NaN,NaN,NaN,NaN,NaN,NaN,0.235100001096725,0.186100006103516,0.953999996185303,223.270004272461,184.009994506836,994.22998046875
346438.836187,1188,-0.006211849860847,0.0926397330127657,0,-45.3492031197862,-63.9655831788396,1617.79377675601,86.1940418151591,-51.2368771160404,1600.36381588288,NaN,NaN,NaN,NaN,NaN,NaN,0,0,0,0,0,0
346438.8513807,1191,-0.00612274510785937,0.0932043473236263,0,0,0,0,0,0,0,NaN,NaN,NaN,NaN,NaN,NaN,0,0,0,0,0,0
346438.861839,1194,-0.00643415469676256,0.0929596339352429,0,0,0,0,0,0,0,NaN,NaN,NaN,NaN,NaN,NaN,0,0,0,0,0,0
346438.8724313,1197,-0.00707703782245517,0.0929737215861678,0,-44.7176996792924,-63.7854771618422,1617.79110688027,86.4757376395052,-51.1289296325447,1599.9077181638,NaN,NaN,NaN,NaN,NaN,NaN,0,0,0,0,0,0
346438.882885,1200,-0.00807520188391209,0.0929461968131363,0,-44.3638274976949,-63.700257017452,1617.74388295425,86.7718228498001,-51.0434586894759,1599.94297361368,NaN,NaN,NaN,NaN,NaN,NaN,0.279599994421005,0.192399993538857,0.940599977970123,231.860000610352,161.690002441406,854.02001953125
346438.8933659,1203,-0.00752728898078203,0.0930885275825858,0,-44.1940031330212,-63.6446459696008,1617.73323607793,86.9429844047153,-50.9619961428126,1599.97839351484,NaN,NaN,NaN,NaN,NaN,NaN,0.281399995088577,0.196799993515015,0.939199984073639,234.25,162.800003051758,859.22998046875
346438.9038178,1206,-0.00764173502102494,0.0928944441489875,0,-44.0034379396882,-63.5856130732894,1617.70064620866,87.1856038795474,-50.8847878915448,1599.99666612984,NaN,NaN,NaN,NaN,NaN,NaN,0.282299995422363,0.1942999958992,0.939400017261505,233.149993896484,161.539993286133,850.539978027344
346438.9143393,1209,-0.0077112871222198,0.0928763234056532,0,0,0,0,0,0,0,NaN,NaN,NaN,NaN,NaN,NaN,0.284599989652634,0.19879999756813,0.937799990177155,232.160003662109,159.039993286133,841.289978027344
346438.9248533,1212,-0.00754134217277169,0.0929581885226071,0,0,0,0,0,0,0,NaN,NaN,NaN,NaN,NaN,NaN,0.288100004196167,0.1942999958992,0.937699973583221,225.570007324219,151.25,807.940002441406
346438.9353173,1215,-0.00802124571055174,0.0931766870431602,0,0,0,0,0,0,0,NaN,NaN,NaN,NaN,NaN,NaN,0.294099986553192,0.202399998903275,0.934099972248077,215.070007324219,141.279998779297,754.299987792969
346438.9457985,1218,-0.00749606965109706,0.0928644858300686,0,0,0,0,0,0,0,NaN,NaN,NaN,NaN,NaN,NaN,0,0,0,0,0,0
346438.9562383,1221,-0.00806454569101334,0.0935363223776221,0,-43.0607416685665,-63.4691554980002,1618.01742153598,88.1213526753718,-50.4303958903305,1600.19633884931,NaN,NaN,NaN,NaN,NaN,NaN,0,0,0,0,0,0
346438.9667118,1224,-0.00878955330699682,0.0925732943229377,0,-42.9142471520241,-63.4701328270071,1618.14061156409,88.2967444100872,-50.3559795885418,1600.22260498115,NaN,NaN,NaN,NaN,NaN,NaN,0,0,0,0,0,0
346438.9794945,1227,-0.00875750463455915,0.0934285902418196,0,-42.7619379631829,-63.4982782712964,1618.23352836281,88.5491519906813,-50.2257175806248,1600.25034511,NaN,NaN,NaN,NaN,NaN,NaN,0,0,0,0,0,0
346438.9899678,1230,-0.00851371791213751,0.0935068306513131,0,-42.6620637580973,-63.4985182256049,1618.32083613699,88.6752499102366,-50.1475508424011,1600.21581920233,NaN,NaN,NaN,NaN,NaN,NaN,0,0,0,0,0,0
346439.0004234,1233,-0.00942941382527351,0.0942069011740387,0,-42.5269622313107,-63.4792673123249,1618.37603350442,88.8308456914897,-50.1206885147919,1600.23540770665,NaN,NaN,NaN,NaN,NaN,NaN,0,0,0,0,0,0
346439.0109223,1236,-0.00901890639215708,0.0933743751607835,0,-42.401319329403,-63.4471919457333,1618.38141401386,88.9550689836029,-50.00553389336,1600.20061272869,NaN,NaN,NaN,NaN,NaN,NaN,0,0,0,0,0,0
346439.0213867,1239,-0.00828315038233995,0.092502829991281,0,-42.2002358351629,-63.402534640457,1618.37019637492,89.1983121303204,-49.8584954319679,1600.19476941666,NaN,NaN,NaN,NaN,NaN,NaN,0,0,0,0,0,0
346439.0318677,1242,-0.00876226462423801,0.0929947573691607,0,-42.0329607961032,-63.3231635723723,1618.2821710735,89.401598860926,-49.7065561699212,1600.18700145076,NaN,NaN,NaN,NaN,NaN,NaN,0,0,0,0,0,0
346439.0423585,1245,-0.00897375587373972,0.0928973619826138,0,0,0,0,0,0,0,NaN,NaN,NaN,NaN,NaN,NaN,0,0,0,0,0,0
346439.0528953,1248,-0.00886271800845861,0.0930826276540756,0,-41.6680626703497,-63.1180360109925,1618.12427560172,89.5617131594884,-49.4434034920701,1600.21537741715,NaN,NaN,NaN,NaN,NaN,NaN,0.325500011444092,0.196999996900558,0.924799978733063,265.609985351562,159.919998168945,812.77001953125
346439.0633592,1251,-0.0083921616896987,0.0929897552356124,0,-41.5223018075609,-62.9981726049849,1617.99341630399,89.6282753264736,-49.3123144938375,1600.19520896025,NaN,NaN,NaN,NaN,NaN,NaN,0.325500011444092,0.191200003027916,0.925999999046326,273.929992675781,161.529998779297,832.789978027344
346439.0738658,1254,-0.00863661337643862,0.0929705136455596,0,0,0,0,0,0,0,NaN,NaN,NaN,NaN,NaN,NaN,0.32940000295639,0.185399994254112,0.925800025463104,269.010009765625,152.320007324219,804.309997558594
346439.0843194,1257,-0.00793566275388002,0.0925851412117481,0,-41.319115215026,-62.7521191795689,1617.78183391079,89.6400323042806,-49.109381020883,1600.1799839957,NaN,NaN,NaN,NaN,NaN,NaN,0.326599985361099,0.181600004434586,0.927500009536743,264.440002441406,146.210006713867,764.820007324219
346439.094874,1260,-0.00805259589105844,0.0934420818462968,0,-41.2651820648436,-62.6292560203134,1617.73031737205,89.6511867049447,-49.0235939120816,1600.16160080176,NaN,NaN,NaN,NaN,NaN,NaN,0.33500000834465,0.17960000038147,0.924899995326996,251.759994506836,135.509994506836,718.039978027344
346439.1058351,1263,-0.00849027466028929,0.0922712813131511,0,-41.1671560534297,-62.5459364458218,1617.72047739901,89.6033186317152,-48.891092668119,1600.11418139736,NaN,NaN,NaN,NaN,NaN,NaN,0.328399986028671,0.180399999022484,0.927100002765656,212.600006103516,111.269996643066,596.77001953125
346439.116558,1266,-0.00866618938744068,0.0929988901130855,0,0,0,0,0,0,0,NaN,NaN,NaN,NaN,NaN,NaN,0,0,0,0,0,0
346439.1270237,1269,-0.00834923330694437,0.0926312854513526,0,0,0,0,0,0,0,NaN,NaN,NaN,NaN,NaN,NaN,0,0,0,0,0,0
346439.1374671,1272,-0.00760518619790673,0.0917534599080682,0,0,0,0,0,0,0,NaN,NaN,NaN,NaN,NaN,NaN,0,0,0,0,0,0
346439.1479531,1275,-0.00824361387640238,0.0925601491704583,0,0,0,0,0,0,0,NaN,NaN,NaN,NaN,NaN,NaN,0,0,0,0,0,0
346439.1593168,1278,-0.00814578682184219,0.0922554027289152,0,0,0,0,0,0,0,NaN,NaN,NaN,NaN,NaN,NaN,0,0,0,0,0,0
346439.1700108,1281,-0.00810591131448746,0.0923857520334423,0,0,0,0,0,0,0,NaN,NaN,NaN,NaN,NaN,NaN,0,0,0,0,0,0
346439.1804597,1284,-0.00833406206220388,0.0922540402039886,0,0,0,0,0,0,0,NaN,NaN,NaN,NaN,NaN,NaN,0,0,0,0,0,0
346439.1908716,1287,-0.0080447169020772,0.0923145766369999,0,0,0,0,0,0,0,NaN,NaN,NaN,NaN,NaN,NaN,0,0,0,0,0,0
346439.201382,1290,-0.00826790742576122,0.0921340616419911,0,-41.5815840460427,-61.3125420928387,1617.55548940447,89.3255917428599,-47.1337381622461,1599.63788163399,NaN,NaN,NaN,NaN,NaN,NaN,0,0,0,0,0,0
346439.2119305,1293,-0.00799400918185711,0.0925207877531648,0,0,0,0,0,0,0,NaN,NaN,NaN,NaN,NaN,NaN,0,0,0,0,0,0
346439.2224815,1296,-0.00839762948453426,0.0920451659709215,0,-41.8434851039489,-60.8755140967979,1617.64833474976,89.3424111523873,-46.8394868135152,1599.71588073948,NaN,NaN,NaN,NaN,NaN,NaN,0.362300008535385,0.181400001049042,0.91430002450943,195.660003662109,93.5699996948242,492.709991455078
346439.2329619,1299,-0.00776566425338387,0.0917249791324139,0,-41.8476894389998,-60.680690128515,1617.71107462908,89.3446247527277,-46.7215561050812,1599.7640253874,NaN,NaN,NaN,NaN,NaN,NaN,0.369899988174438,0.17960000038147,0.911499977111816,206.130004882812,98.3000030517578,518.059997558594
346439.2434702,1302,-0.00839809887111187,0.0914558967575431,0,-41.9092401333003,-60.4246065353506,1617.69842161336,89.3479490508629,-46.5363087952119,1599.79871924688,NaN,NaN,NaN,NaN,NaN,NaN,0.369899988174438,0.17790000140667,0.911899983882904,195.020004272461,90.6600036621094,484.410003662109
346439.253936,1305,-0.00784971937537193,0.090975302644074,0,-41.9515710233052,-60.2307203360062,1617.70270146655,89.3339125325492,-46.3076931071102,1599.84458246399,NaN,NaN,NaN,NaN,NaN,NaN,0.374700009822845,0.177000001072884,0.910099983215332,211.25,98.2900009155273,525.809997558594
346439.264398,1308,-0.0079199094325304,0.0912168942391872,0,-41.9975022318214,-60.0498699386867,1617.70682246853,89.3426751830724,-46.0877869170896,1599.86822233193,NaN,NaN,NaN,NaN,NaN,NaN,0.37610000371933,0.179199993610382,0.909099996089935,253.009994506836,120.129997253418,636.02001953125
346439.2748522,1311,-0.00895742047578096,0.0917489597573876,0,-42.1022187012039,-59.8668327536046,1617.68661725273,89.3210396034284,-45.9270929153464,1599.89284016935,NaN,NaN,NaN,NaN,NaN,NaN,0.375699996948242,0.179299995303154,0.909200012683868,261.429992675781,124.26000213623,658.77001953125
346439.2853228,1314,-0.00801448337733746,0.0907800471410155,0,-42.129610554736,-59.6918227250429,1617.72039586735,89.6315277364053,-45.8381285308288,1600.35949078664,NaN,NaN,NaN,NaN,NaN,NaN,0.37950000166893,0.182199999690056,0.907100021839142,267.029998779297,126.849998474121,673.590026855469
346439.2957538,1317,-0.00827330444008112,0.0908063700422645,0,-42.2047275693835,-59.5050948170495,1617.71152214962,89.6023068807869,-45.6145972013609,1600.39586493784,NaN,NaN,NaN,NaN,NaN,NaN,0,0,0,0,0,0
346439.3062541,1320,-0.00801880657672882,0.0910589493811131,0,0,0,0,0,0,0,NaN,NaN,NaN,NaN,NaN,NaN,0,0,0,0,0,0
346439.3193783,1323,-0.0087482538074255,0.090085887722671,0,-42.6146596915125,-58.8790309384922,1617.64751323996,89.5597725623869,-45.0595981201075,1600.56722244556,NaN,NaN,NaN,NaN,NaN,NaN,0,0,0,0,0,0
346439.3298753,1326,-0.00812832918018103,0.0905554624274373,0,-42.7210963229546,-58.6494074346933,1617.65037654738,89.3251539102711,-44.7636398267706,1600.4931210902,NaN,NaN,NaN,NaN,NaN,NaN,0,0,0,0,0,0
346439.3402777,1329,-0.00838219467550516,0.090179899148643,0,-42.6306715678467,-58.5061421123064,1617.59360443783,89.3039041022783,-44.5220716184263,1600.52723073173,NaN,NaN,NaN,NaN,NaN,NaN,0,0,0,0,0,0
346439.3507326,1332,-0.00780644407495856,0.0906976846978068,0,-42.6850240478976,-58.2143632843594,1617.53499859617,88.5662192133571,-44.2503558735314,1599.80776470726,NaN,NaN,NaN,NaN,NaN,NaN,0,0,0,0,0,0
346439.3612657,1335,-0.00836829375475645,0.0906943673267961,0,-42.7771194330707,-57.9105573868385,1617.5052281319,88.3761687545882,-43.9670317211342,1599.81017544052,NaN,NaN,NaN,NaN,NaN,NaN,0,0,0,0,0,0
346439.371726,1338,-0.007913320325315,0.0904590025544167,0,-42.9154282806817,-57.5660305990871,1617.55259007723,88.2592634517726,-43.8281418285349,1599.74834554848,NaN,NaN,NaN,NaN,NaN,NaN,0,0,0,0,0,0
346439.3823289,1341,-0.00756859965622425,0.0906741669401527,0,-43.1113283898249,-57.1475017208105,1617.56015163597,88.4949572603131,-43.5538910246346,1600.149036986,NaN,NaN,NaN,NaN,NaN,NaN,0,0,0,0,0,0
346439.3928142,1344,-0.00807919260114431,0.0901707274839282,0,-43.3924600396789,-56.7741344677724,1617.59471304144,88.4721415525782,-43.2959829671709,1600.29203227939,NaN,NaN,NaN,NaN,NaN,NaN,0.417499989271164,0.203299999237061,0.885599970817566,219.820007324219,93.7699966430664,504.279998779297
346439.4033036,1347,-0.00667725410312414,0.0905948508530855,0,-43.4825747294469,-56.4771031469312,1617.70800178013,88.4791674455387,-43.172305129976,1600.50516083303,NaN,NaN,NaN,NaN,NaN,NaN,0.420399993658066,0.199000000953674,0.885200023651123,215.830001831055,91.0400009155273,492.309997558594
346439.413788,1350,-0.00786088593304157,0.0898490253835917,0,-43.6180763989228,-56.2097938454047,1617.76571372721,88.3070621328479,-42.7863785188683,1600.51961774544,NaN,NaN,NaN,NaN,NaN,NaN,0.422300010919571,0.208100005984306,0.882300019264221,244.720001220703,105.580001831055,547.409973144531
346439.4242453,1353,-0.00812692567706108,0.0893683455884457,0,-43.7441038377006,-55.8240614535898,1617.72105330646,87.798661817854,-42.547596999013,1600.01945269092,NaN,NaN,NaN,NaN,NaN,NaN,0.423599988222122,0.195999994874001,0.884400010108948,305.119995117188,139.380004882812,661.580017089844
346439.4347127,1356,-0.00770096480846405,0.0899542136117816,0,-43.7935944949406,-55.4599975048454,1617.6096532876,87.6973195277251,-42.348005976412,1600.12016518682,NaN,NaN,NaN,NaN,NaN,NaN,0.436199992895126,0.219999998807907,0.872600018978119,288.700012207031,129.440002441406,610.419982910156
346439.4452315,1359,-0.00825224351137877,0.0896125327795744,0,-43.88847288585,-55.0599664070831,1617.54724619381,87.7799234563564,-42.1335542735232,1600.5641220055,NaN,NaN,NaN,NaN,NaN,NaN,0.43520000576973,0.19879999756813,0.878099977970123,303.109985351562,134.960006713867,639.950012207031
346439.4556763,1362,-0.00755039509385824,0.0892954248934984,0,-44.0082079688825,-54.5263448156595,1617.55643772472,87.4625826513296,-41.4882401875319,1600.52843629165,NaN,NaN,NaN,NaN,NaN,NaN,0,0,0,0,0,0
346439.4663276,1363.2,-0.00864797551184893,0.0902459075674415,0,-44.2718531814593,-54.2272221018665,1617.68337655862,87.3988968120461,-41.2988720844466,1600.54353676005,NaN,NaN,NaN,NaN,NaN,NaN,0,0,0,0,0,0
346439.479255,1360.2,-0.00790179241448641,0.0891546480357647,0,-44.6954608432146,-53.8552709354708,1617.7219768856,87.1838518956538,-40.8457685175876,1600.59336236256,NaN,NaN,NaN,NaN,NaN,NaN,0,0,0,0,0,0
346439.4896819,1357.2,-0.00767601281404495,0.0891879064962268,0,-44.9741399158676,-53.4334643953337,1617.90219995706,87.0919505291858,-40.5030880335221,1600.73058818873,NaN,NaN,NaN,NaN,NaN,NaN,0,0,0,0,0,0
346439.5000661,1354.2,-0.00780441192910075,0.0887779532000423,0,-45.0943670667674,-52.8710403149258,1617.95187457003,86.732913021131,-40.0433181455761,1600.64069269045,NaN,NaN,NaN,NaN,NaN,NaN,0,0,0,0,0,0
346439.5105286,1351.2,-0.00783336162567139,0.0884405108168721,0,-45.0523558676874,-52.5636619740943,1617.91497698341,86.578300066447,-39.80960737878,1600.6522871605,NaN,NaN,NaN,NaN,NaN,NaN,0,0,0,0,0,0
346439.5209633,1348.2,-0.00762466620653868,0.0882153943181038,0,-44.9245378418485,-52.2220548003277,1617.9172837969,86.4633880514701,-39.5992022871814,1600.68888346305,NaN,NaN,NaN,NaN,NaN,NaN,0,0,0,0,0,0
346439.5315237,1345.2,-0.00713688367977738,0.0877617517486215,0,-45.2365320238906,-51.77536467138,1617.87848933017,86.4164601270488,-39.3462757142567,1600.75901269156,NaN,NaN,NaN,NaN,NaN,NaN,0,0,0,0,0,0
346439.5420934,1342.2,-0.00707087107002735,0.0877604153007269,0,-45.3557094117179,-51.3581590319437,1617.98520010086,86.2253296498458,-38.8573206059105,1600.80838061431,NaN,NaN,NaN,NaN,NaN,NaN,0,0,0,0,0,0
346439.5525315,1339.2,-0.0079786004498601,0.0885179428383708,0,-45.6897677021285,-51.0741260732513,1617.88153737725,86.0391600907885,-38.5789674405866,1600.7522308386,NaN,NaN,NaN,NaN,NaN,NaN,0,0,0,0,0,0
346439.5629816,1336.2,-0.00639914954081178,0.0875894160941243,0,-45.761915688723,-50.6681810874827,1618.01988263687,85.5009721351222,-37.9034236033358,1600.53923011807,NaN,NaN,NaN,NaN,NaN,NaN,0.438300013542175,0.176100000739098,0.881399989128113,339.730010986328,121.419998168945,716.809997558594
346439.5734329,1333.2,-0.00715073943138123,0.0868958061560988,0,-46.002737083381,-50.1187285726676,1618.05150929801,85.4037605694406,-37.7243219218488,1600.62556757105,NaN,NaN,NaN,NaN,NaN,NaN,0.437599986791611,0.163499996066093,0.884199976921082,342.179992675781,121.830001831055,719.650024414062
346439.5839286,1330.2,-0.00693201785907149,0.0863392226397991,0,-46.3649144405073,-49.646111999498,1618.16602084258,85.3448317045856,-37.3097158105834,1600.69114859147,NaN,NaN,NaN,NaN,NaN,NaN,0.44080001115799,0.174300000071526,0.880500018596649,338.339996337891,119.660003662109,709.369995117188
346439.5943778,1327.2,-0.00661965366452932,0.0861833471804857,0,-46.656630382499,-49.2670244101869,1618.1703765877,85.3121743096493,-37.0339478253074,1600.82470380037,NaN,NaN,NaN,NaN,NaN,NaN,0.439200013875961,0.162699997425079,0.883499979972839,340.670013427734,120.389999389648,712.919982910156
346439.6048847,1324.2,-0.00659464206546545,0.0849478080868721,0,-46.7919449796812,-48.9725348288425,1618.22767059275,85.2806932376187,-36.8332411963266,1601.00366680411,NaN,NaN,NaN,NaN,NaN,NaN,0.442099988460541,0.172900006175041,0.880100011825562,345.410003662109,122.330001831055,721.099975585938
346439.6154129,1321.2,-0.00630858307704329,0.0848419651389122,0,-46.8612035589562,-48.6157529689219,1618.3028847863,85.277055413133,-36.4375620497115,1601.15294439956,NaN,NaN,NaN,NaN,NaN,NaN,0.440100014209747,0.163599997758865,0.88289999961853,355.600006103516,126.699996948242,739.789978027344
346439.62602,1318.2,-0.00618860870599747,0.0842974320054054,0,-47.0156608530506,-48.1112302053176,1618.1849424224,84.8077925167713,-35.9239464524812,1600.90687778948,NaN,NaN,NaN,NaN,NaN,NaN,0,0,0,0,0,0
346439.637061,1315.2,-0.00586019642651081,0.0838700648397207,0,-46.9891112019873,-47.7396220025031,1618.08790757597,84.5599055029469,-35.683070994337,1600.91931127785,NaN,NaN,NaN,NaN,NaN,NaN,0,0,0,0,0,0
346439.6474978,1312.2,-0.00640058936551213,0.0837105050683022,0,-47.1206116329459,-47.2597377010158,1618.02650998855,84.3722367167326,-35.3028556011333,1600.8611352936,NaN,NaN,NaN,NaN,NaN,NaN,0,0,0,0,0,0
346439.6580207,1309.2,-0.00612415466457605,0.0839997161179781,0,-47.2114913588003,-46.8999527613416,1618.0836200372,84.2718693276896,-35.0076833396496,1600.92121221166,NaN,NaN,NaN,NaN,NaN,NaN,0,0,0,0,0,0
346439.6685016,1306.2,-0.00564836803823709,0.083454717323184,0,-47.5602926917439,-46.4499969658258,1618.38456099525,84.2655074422635,-34.7361428462324,1601.11194838496,NaN,NaN,NaN,NaN,NaN,NaN,0,0,0,0,0,0
346439.6789926,1303.2,-0.00577258225530386,0.0836563710123301,0,-47.7075028857923,-46.2509923575551,1618.01988437301,84.1855592883651,-34.5215670825022,1601.15005629931,NaN,NaN,NaN,NaN,NaN,NaN,0,0,0,0,0,0
346439.6904405,1300.2,-0.00580376107245684,0.0836071021854878,0,-48.0024035181578,-45.8371637475085,1618.08869252481,83.8180097799329,-34.1060652171259,1600.94619320368,NaN,NaN,NaN,NaN,NaN,NaN,0,0,0,0,0,0
346439.7009486,1297.2,-0.00552640343084931,0.0827979672700167,0,-48.1415538503288,-45.475101582951,1618.04037966088,83.7317841327071,-33.9052859951159,1601.08475202528,NaN,NaN,NaN,NaN,NaN,NaN,0,0,0,0,0,0
346439.7114631,1294.2,-0.0047786608338356,0.0828410353511572,0,-48.1750977961343,-45.2139057041814,1618.00737226079,83.5989987743428,-33.6140992824519,1601.04942193421,NaN,NaN,NaN,NaN,NaN,NaN,0,0,0,0,0,0
346439.7219764,1291.2,-0.00559478858485818,0.0829858597368002,0,-48.1913495509798,-44.9310134814667,1617.92641710933,83.3741261689441,-33.4210464381751,1600.95026885082,NaN,NaN,NaN,NaN,NaN,NaN,0,0,0,0,0,0
346439.7324112,1288.2,-0.00627960171550512,0.082490461319685,0,-48.2504007460889,-44.5175706200812,1617.83016709799,83.3159097483922,-33.1360958007867,1601.05483968493,NaN,NaN,NaN,NaN,NaN,NaN,0.45770001411438,0.167500004172325,0.873199999332428,401.579986572266,142.339996337891,785.210021972656
346439.7433023,1285.2,-0.00516092218458652,0.081932757422328,0,-48.6821323705422,-43.9482365919085,1618.14183524723,83.2170609431982,-33.0287028150942,1601.01214886951,NaN,NaN,NaN,NaN,NaN,NaN,0.461699992418289,0.170300006866455,0.870500028133392,422.850006103516,148.539993286133,823.340026855469
346439.7537674,1282.2,-0.00525948265567422,0.0825875591486692,0,-48.8333058892037,-43.7160420292664,1618.15334133806,83.1345284888093,-32.7697183170867,1601.07378639613,NaN,NaN,NaN,NaN,NaN,NaN,0.463699996471405,0.164599999785423,0.870599985122681,386.559997558594,132.589996337891,742.97998046875
346439.7641688,1279.2,-0.00595514383167028,0.0819056056439877,0,-48.7558730119388,-43.7657478600685,1617.89857443794,82.9859301641945,-32.4016637921454,1601.04460025597,NaN,NaN,NaN,NaN,NaN,NaN,0.464899986982346,0.167099997401237,0.869499981403351,393.010009765625,136.589996337891,752.27001953125
346439.7746479,1276.2,-0.00550542026758194,0.0818580821156502,0,-48.8690980848087,-43.6253062822204,1617.90930364933,82.8070676131122,-32.1606017660039,1600.98513954683,NaN,NaN,NaN,NaN,NaN,NaN,0.462500005960464,0.16889999806881,0.870400011539459,391.239990234375,138.809997558594,750.669982910156
346439.7852623,1273.2,-0.0054956809617579,0.0820705652236939,0,-49.0040996017169,-43.4416030473873,1617.98945630607,82.7312455908487,-31.9458631951162,1601.08109678996,NaN,NaN,NaN,NaN,NaN,NaN,0.463499993085861,0.169900000095367,0.869700014591217,347.890014648438,123.589996337891,664
346439.7992435,1270.2,-0.00552144274115562,0.0815343618392944,0,-49.1955891998276,-43.2355803362958,1618.0986405854,82.4815163849436,-31.7364901905633,1601.05637288133,NaN,NaN,NaN,NaN,NaN,NaN,0,0,0,0,0,0
346439.8097285,1267.2,-0.00605999305844307,0.0815265256911516,0,-49.2918234476248,-43.0357781383478,1618.15116929249,82.3941725738069,-31.7139697330628,1601.10529465985,NaN,NaN,NaN,NaN,NaN,NaN,0,0,0,0,0,0
346439.8201943,1264.2,-0.00604943372309208,0.0810813739895821,0,-49.4022738736067,-42.7738352209453,1618.2494225628,82.3618520832238,-31.5681635358512,1601.17172501519,NaN,NaN,NaN,NaN,NaN,NaN,0,0,0,0,0,0
346439.8305477,1261.2,-0.00571802072227001,0.0810921438038349,0,-49.7116424185021,-42.2764323840374,1618.61097600837,82.2792893625023,-31.4746099271797,1601.15842419941,NaN,NaN,NaN,NaN,NaN,NaN,0,0,0,0,0,0
346439.8410396,1258.2,-0.00595566630363464,0.0810283239930868,0,-49.8523446800202,-42.0969870349685,1618.58413810005,82.2859067241903,-31.3197912329974,1601.18429978176,NaN,NaN,NaN,NaN,NaN,NaN,0,0,0,0,0,0
346439.8515512,1255.2,-0.00540549028664827,0.0803583100438118,0,-49.8706176584798,-42.0337738015208,1618.62189917375,82.253995511858,-31.0602447669979,1601.10374108978,NaN,NaN,NaN,NaN,NaN,NaN,0,0,0,0,0,0
346439.8621329,1252.2,-0.0062904404476285,0.08114506714046,0,-49.9007759906098,-41.9494435307749,1618.64973703321,82.2417896297148,-30.8764397142672,1601.12749848501,NaN,NaN,NaN,NaN,NaN,NaN,0,0,0,0,0,0
346439.8727955,1249.2,-0.00596606871113181,0.0813800733536482,0,-49.8078527505304,-42.0261205213075,1618.37034520508,82.2586756026105,-30.6085960019357,1601.31093098367,NaN,NaN,NaN,NaN,NaN,NaN,0.463600009679794,0.165199995040894,0.870500028133392,509.489990234375,177.529998779297,967.950012207031
346439.8835142,1246.2,-0.00653271470218897,0.0812976885586977,0,-49.8158604609478,-41.9418958185039,1618.38472888481,82.2715239730117,-30.4748374037151,1601.36467184723,NaN,NaN,NaN,NaN,NaN,NaN,0.470099985599518,0.160300001502037,0.867900013923645,440.690002441406,145.729995727539,825.659973144531
346439.8939791,1243.2,-0.00641211401671171,0.0811840131878853,0,-49.8161341414362,-41.855667018641,1618.39592959066,82.2246729585341,-30.3094410730106,1601.4280082235,NaN,NaN,NaN,NaN,NaN,NaN,0.464399993419647,0.147300004959106,0.873300015926361,314.040008544922,94.9899978637695,596.049987792969
346439.904411,1240.2,-0.00681004673242569,0.082086319476366,0,-49.7964388884297,-41.7994077853904,1618.39989933399,82.2089699106287,-30.1395182395426,1601.45139757402,NaN,NaN,NaN,NaN,NaN,NaN,0.391000002622604,0.153600007295609,0.907500028610229,201.720001220703,73,444.920013427734
346439.914856,1237.2,-0.00653458060696721,0.0814984854310751,0,-49.7912308094357,-41.7320757358057,1618.41908821083,82.1348919251518,-30.1139307558076,1601.39868559516,NaN,NaN,NaN,NaN,NaN,NaN,0.382200002670288,0.159999996423721,0.910099983215332,215.179992675781,86.1699981689453,515.429992675781
346439.9257061,1234.2,-0.00669035268947482,0.0818496257066727,0,-49.8634510592808,-41.6599708101058,1618.42394511797,82.098889195834,-30.0850911495438,1601.43656446498,NaN,NaN,NaN,NaN,NaN,NaN,0,0,0,0,0,0
346439.936099,1231.2,-0.00673148827627301,0.0818317499011755,0,-49.919757715093,-41.627777030427,1618.45564861268,82.0872262051532,-29.9406203757827,1601.46912081562,NaN,NaN,NaN,NaN,NaN,NaN,0,0,0,0,0,0
346439.946524,1228.2,-0.00695794960483909,0.0817749764770269,0,-49.9849284519622,-41.5705622333376,1618.49326873051,81.9652124490884,-29.8749909033485,1601.4233940493,NaN,NaN,NaN,NaN,NaN,NaN,0,0,0,0,0,0
346439.9569595,1225.2,-0.006865328643471,0.0818315170705319,0,-49.9941915033079,-41.5409680701974,1618.51385116745,81.7699310054753,-29.8412616517222,1601.35321510249,NaN,NaN,NaN,NaN,NaN,NaN,0,0,0,0,0,0
346439.9674202,1222.2,-0.00646895542740822,0.0821717143058777,0,-50.1024562526822,-41.4809673279761,1618.53617511599,81.7320079430975,-29.8502874110681,1601.4524783893,NaN,NaN,NaN,NaN,NaN,NaN,0,0,0,0,0,0
346439.9789968,1219.2,-0.00643436005339026,0.0823324326425791,0,-50.2296594901144,-41.4317404228781,1618.53136578853,81.5392765120248,-29.8521264246771,1601.44412042385,NaN,NaN,NaN,NaN,NaN,NaN,0,0,0,0,0,0
346439.9895062,1216.2,-0.00648498302325606,0.0826996810734272,0,-50.351945100188,-41.4073088044871,1618.57345277395,81.3448988370352,-29.7767699366263,1601.46225280873,NaN,NaN,NaN,NaN,NaN,NaN,0,0,0,0,0,0
346440.0002158,1213.2,-0.00632582930848002,0.0825447406619787,0,-50.4921263882805,-41.3521718539965,1618.61941898527,81.2126505794145,-29.6857752383697,1601.4680515807,NaN,NaN,NaN,NaN,NaN,NaN,0,0,0,0,0,0
346440.0106212,1210.2,-0.00647881627082825,0.0824119303375483,0,-50.568698803158,-41.3111201786441,1618.63653430967,81.1343235945713,-29.7651198072453,1601.547141551,NaN,NaN,NaN,NaN,NaN,NaN,0,0,0,0,0,0
346440.0210573,1207.2,-0.00624480610713363,0.0825885612517595,0,-50.6538113413102,-41.2983764859191,1618.65526309223,80.8592347131889,-29.721636391612,1601.5116909014,NaN,NaN,NaN,NaN,NaN,NaN,0,0,0,0,0,0
346440.0314741,1204.2,-0.00629955949261785,0.0825510811060667,0,-50.9320131749428,-41.1120121841273,1619.00057209116,80.7779960478186,-29.7108664281932,1601.66234642533,NaN,NaN,NaN,NaN,NaN,NaN,0,0,0,0,0,0
346440.0419572,1201.2,-0.00590696511790156,0.0825680758804083,0,-51.0781285551482,-41.1657333371611,1619.03519906315,80.7492133101211,-29.7579487253029,1601.8137079258,NaN,NaN,NaN,NaN,NaN,NaN,0,0,0,0,0,0
346440.0525506,1198.2,-0.00581634370610118,0.0828429948538542,0,-51.3362509083303,-41.2615870204367,1619.15525526729,80.4063990032437,-29.8835974207486,1601.83015806961,NaN,NaN,NaN,NaN,NaN,NaN,0.354999989271164,0.154200002551079,0.921999990940094,255.899993896484,109.809997558594,688.140014648438
346440.0630682,1195.2,-0.00651619164273143,0.0835276585072279,0,-51.5948898194662,-41.3298455036208,1619.21595562461,80.2310399940772,-29.9268392667307,1601.91628858391,NaN,NaN,NaN,NaN,NaN,NaN,0.353100001811981,0.162799999117851,0.921299993991852,224.820007324219,102.220001220703,603.039978027344
346440.0734955,1192.2,-0.00517901498824358,0.0833434242755175,0,-51.8240410732701,-41.3961125598669,1619.2995737208,80.0814854472339,-29.8880776942399,1601.95393879794,NaN,NaN,NaN,NaN,NaN,NaN,0.355199992656708,0.176100000739098,0.918099999427795,275.75,136.380004882812,749.840026855469
346440.0840593,1189.2,-0.00523582799360156,0.0837872460484505,0,-52.0414292140489,-41.5039081680708,1619.40881318337,80.0083607252619,-30.0791385209844,1602.02684548791,NaN,NaN,NaN,NaN,NaN,NaN,0.345099985599518,0.173800006508827,0.922299981117249,300.059997558594,150.869995117188,823.530029296875
346440.0945376,1186.2,-0.00643302779644728,0.0837135300040245,0,-52.1844227114264,-41.6335777131935,1619.45816165695,79.8288746934587,-30.1928998241552,1601.98138543496,NaN,NaN,NaN,NaN,NaN,NaN,0.353300005197525,0.179299995303154,0.918200016021729,284.839996337891,143.970001220703,782.059997558594
346440.1050039,1183.2,-0.00520213739946485,0.0838549420237541,0,-52.2801813531203,-42.000435635715,1619.26212173114,79.6492656339333,-30.28288899238,1602.0595712062,NaN,NaN,NaN,NaN,NaN,NaN,0.341399997472763,0.174899995326996,0.923500001430511,238.389999389648,119.220001220703,650.880004882812
346440.1154479,1180.2,-0.00469558965414762,0.0848621059209108,0,-52.4323878477401,-41.9574821607133,1619.52903842887,79.5118224789304,-30.3781065016457,1602.07462094765,NaN,NaN,NaN,NaN,NaN,NaN,0.352200001478195,0.179399996995926,0.918500006198883,255.789993286133,130.050003051758,707.309997558594
346440.125931,1177.2,-0.00489533413201571,0.0847937216982246,0,-52.6244114883357,-42.1272677255447,1619.58072018286,79.359483193604,-30.5354578041725,1602.16989417801,NaN,NaN,NaN,NaN,NaN,NaN,0,0,0,0,0,0
346440.1389118,1174.2,-0.00494387792423368,0.0853395307436585,0,-52.6948032687807,-42.246825885437,1619.61082178661,79.1895605006529,-30.6719356977346,1602.19313583602,NaN,NaN,NaN,NaN,NaN,NaN,0,0,0,0,0,0
346440.1493301,1171.2,-0.00408908445388079,0.0851641608402133,0,-52.8199719471405,-42.3685881746234,1619.67123910548,79.20146994086,-30.7837760841768,1602.39794448752,NaN,NaN,NaN,NaN,NaN,NaN,0,0,0,0,0,0
346440.1597785,1168.2,-0.00426894798874855,0.0857547366991639,0,-52.8327501750302,-42.4987775644867,1619.71088175585,79.0068292742733,-31.0199190371568,1602.2946274387,NaN,NaN,NaN,NaN,NaN,NaN,0,0,0,0,0,0
346440.1701902,1165.2,-0.00430541345849633,0.0854241982102394,0,0,0,0,0,0,0,NaN,NaN,NaN,NaN,NaN,NaN,0,0,0,0,0,0
346440.1807139,1162.2,-0.00434339884668589,0.0853026270866394,0,0,0,0,0,0,0,NaN,NaN,NaN,NaN,NaN,NaN,0,0,0,0,0,0
346440.1911966,1159.2,-0.00410884991288185,0.0857263276353478,0,-52.9925893575043,-43.126140133246,1619.72986487684,78.7887859844746,-31.6496648182889,1602.34108709702,NaN,NaN,NaN,NaN,NaN,NaN,0,0,0,0,0,0
346440.2017422,1156.2,-0.00398544548079371,0.0857692187651992,0,-53.2237661520393,-43.4250788845085,1619.77663950395,78.5193382329671,-31.595880783582,1602.12669916108,NaN,NaN,NaN,NaN,NaN,NaN,0,0,0,0,0,0
346440.2122555,1153.2,-0.00365634146146476,0.0856134410947561,0,-53.333110744117,-43.769758978261,1619.75249897402,78.5970130732212,-31.7950397893594,1602.26351120559,NaN,NaN,NaN,NaN,NaN,NaN,0,0,0,0,0,0
346440.222879,1150.2,-0.00351384771056473,0.0860118161886931,0,-53.6731615293306,-44.1016031064338,1619.57671853841,78.3492985002286,-31.8960862074227,1602.19924669804,NaN,NaN,NaN,NaN,NaN,NaN,0.312900006771088,0.164599999785423,0.935400009155273,267.820007324219,140.479995727539,856.530029296875
346440.2334216,1147.2,-0.00419260654598475,0.0856319008395076,0,-53.6824552584754,-44.3975815237838,1619.23393511801,78.1449373976429,-32.0862426197952,1602.11385472803,NaN,NaN,NaN,NaN,NaN,NaN,0.312900006771088,0.163499996066093,0.935599982738495,266.399993896484,137.190002441406,857.200012207031
346440.2439355,1144.2,-0.00318236346356571,0.0858605870977044,0,-53.8731310933928,-44.5137625765646,1619.1031131816,77.9435685238323,-32.1798711650952,1601.99763071206,NaN,NaN,NaN,NaN,NaN,NaN,0.312700003385544,0.164900004863739,0.935400009155273,271.529998779297,137.740005493164,877.909973144531
346440.2544201,1141.2,-0.00263509224168956,0.0868602883070707,0,-54.0428328316369,-44.3910336850568,1619.27570043026,77.8897444928835,-32.2611901588882,1602.08892926808,NaN,NaN,NaN,NaN,NaN,NaN,0.311800003051758,0.164900004863739,0.935699999332428,260.880004882812,134.139999389648,847.460021972656
346440.2649682,1138.2,-0.00311739812605083,0.0869940588250756,0,-54.0988888841977,-44.5129243661687,1619.20815598846,77.8128590837578,-32.322979755332,1602.1298069195,NaN,NaN,NaN,NaN,NaN,NaN,0.30799999833107,0.167899996042252,0.93639999628067,260.079986572266,140.580001831055,852.590026855469
346440.2754875,1135.2,-0.00302392826415598,0.0871078189462423,0,-54.1491397881261,-44.6312901788681,1619.1320345356,77.6567810255369,-32.3570657574764,1602.05967631157,NaN,NaN,NaN,NaN,NaN,NaN,0.303799986839294,0.169699996709824,0.9375,260.089996337891,142.820007324219,869.22998046875
346440.2860188,1132.2,-0.00263091898523271,0.0879482164978981,0,-53.995994654537,-44.9626586437286,1618.77771715773,77.6431987127117,-32.4485894564289,1602.10113355486,NaN,NaN,NaN,NaN,NaN,NaN,0,0,0,0,0,0
346440.2965901,1129.2,-0.00220562564209104,0.0871045956388116,0,-54.0253068329951,-45.0772121591961,1618.75514165195,77.5274603752505,-32.5409511786993,1602.01046737625,NaN,NaN,NaN,NaN,NaN,NaN,0,0,0,0,0,0
346440.3069932,1126.2,-0.00261463620699942,0.0877724573016167,0,-54.3190696985674,-45.0170058470251,1619.09261176665,77.4613260037443,-32.7258409421518,1602.06668760353,NaN,NaN,NaN,NaN,NaN,NaN,0,0,0,0,0,0
346440.3174585,1123.2,-0.00336647848598659,0.0880029363557696,0,-54.3374803087175,-45.1930003330579,1619.09818323383,77.3443598426487,-32.8122945964091,1602.07241142193,NaN,NaN,NaN,NaN,NaN,NaN,0,0,0,0,0,0
346440.3279938,1120.2,-0.0019364976324141,0.0878218993544579,0,-54.4562616690356,-45.3510722013992,1619.06127837944,77.1010523755889,-32.9539370113241,1601.9487570976,NaN,NaN,NaN,NaN,NaN,NaN,0,0,0,0,0,0
346440.3387392,1117.2,-0.00209268881008029,0.0883035337552428,0,-54.4773703961267,-45.5177513049027,1619.19118361606,77.0547263952051,-33.1319636959872,1601.97410897946,NaN,NaN,NaN,NaN,NaN,NaN,0,0,0,0,0,0
346440.3492699,1114.2,-0.00155162159353495,0.088422691822052,0,-54.3714621041686,-45.9216491306706,1618.86705295923,76.9431773714872,-33.2130912181128,1601.90465469025,NaN,NaN,NaN,NaN,NaN,NaN,0,0,0,0,0,0
346440.3597433,1111.2,-0.00173148594330996,0.0884584313258529,0,-54.6856960143695,-46.0562191750119,1618.96193145432,76.7357377002886,-33.5439377577152,1601.74861798004,NaN,NaN,NaN,NaN,NaN,NaN,0,0,0,0,0,0
346440.370246,1108.2,-0.00126925588119775,0.0876833725720644,0,-54.8568210862537,-46.1959284631713,1619.06013405115,76.6387634122364,-33.519054378215,1601.8018145677,NaN,NaN,NaN,NaN,NaN,NaN,0,0,0,0,0,0
346440.3813277,1105.2,-0.00215212977491319,0.0883984318003058,0,-55.0213304831917,-46.2980731761296,1619.15223647812,76.6312824555552,-33.7386168890037,1601.91933214677,NaN,NaN,NaN,NaN,NaN,NaN,0,0,0,0,0,0
346440.3918124,1102.2,-0.0011938854586333,0.0885919718071818,0,-55.3128863390389,-46.2082709170237,1619.47694861234,76.467042482559,-33.8425050585852,1601.83389426601,NaN,NaN,NaN,NaN,NaN,NaN,0,0,0,0,0,0
346440.4022964,1099.2,-0.00121213344391435,0.0887843830510974,0,-55.4343642838871,-46.2932208400584,1619.5329768919,76.4361598148868,-34.1468480741566,1601.85835281623,NaN,NaN,NaN,NaN,NaN,NaN,0,0,0,0,0,0
346440.4127697,1096.2,-0.00134117971174419,0.0883075375109911,0,-55.591590414757,-46.4091251444108,1619.53178538996,76.3673108114674,-34.1904208672251,1601.96020934514,NaN,NaN,NaN,NaN,NaN,NaN,0.26129999756813,0.17339999973774,0.949599981307983,228.220001220703,152.399993896484,913.239990234375
346440.4231976,1093.2,-0.00119421083945781,0.0885514648631215,0,-55.6521842198236,-46.4694442561345,1619.53059323462,76.2539734122292,-34.2801857517231,1601.97232381791,NaN,NaN,NaN,NaN,NaN,NaN,0.261900007724762,0.173299998044968,0.949400007724762,225.770004272461,151.899993896484,898.070007324219
346440.4337125,1090.2,-0.00180031219497323,0.0893851215019822,0,-55.707930588391,-46.5440909719809,1619.48886772905,76.2181328676397,-34.2853789961673,1602.11558674777,NaN,NaN,NaN,NaN,NaN,NaN,0.264299988746643,0.179299995303154,0.94760000705719,222.389999389648,150.369995117188,882.049987792969
346440.4441667,1087.2,-0.00137303804513067,0.0884961424395442,0,-55.5313765928029,-46.8238173122624,1619.15679021248,76.0257906805079,-34.4427628824814,1602.02758724793,NaN,NaN,NaN,NaN,NaN,NaN,0.261000007390976,0.176300004124641,0.949100017547607,224.460006713867,154.470001220703,895.989990234375
346440.4546443,1084.2,0.000131827167933807,0.0880497343838215,0,-55.5646615373643,-46.9351460725834,1619.10379888001,76.0080809590799,-34.5025070506093,1602.16824102854,NaN,NaN,NaN,NaN,NaN,NaN,0.260500013828278,0.182799994945526,0.948000013828278,229.190002441406,161.210006713867,920.5
346440.4651532,1081.2,-0.000443431054009125,0.0885573657229543,0,-55.6705616598632,-47.0372672617168,1619.08375814935,75.8439346400747,-34.5971938117117,1602.01668264555,NaN,NaN,NaN,NaN,NaN,NaN,0.256599992513657,0.17620000243187,0.950299978256226,228.410003662109,160.520004272461,926.190002441406
346440.4788504,1078.2,-0.00051945768063888,0.0888553945347667,0,-55.6591418634928,-47.2073863784331,1619.09969015544,75.7466918134194,-34.7833816333256,1602.05133822447,NaN,NaN,NaN,NaN,NaN,NaN,0,0,0,0,0,0
346440.4895579,1075.2,-0.000839045504108071,0.0889554996043444,0,-55.9075912876455,-47.1261414118508,1619.4291701453,75.6626513814325,-34.9593764695715,1602.05689055869,NaN,NaN,NaN,NaN,NaN,NaN,0,0,0,0,0,0
346440.5119045,1072.2,-9.78141761152074e-05,0.0886460583657026,0,-55.9140393333222,-47.1616716039001,1619.44900446305,75.6130670737891,-34.9268819081296,1602.04001119332,NaN,NaN,NaN,NaN,NaN,NaN,0.251700013875961,0.180500000715256,0.950800001621246,223.080001831055,163.240005493164,929.669982910156
346440.5224976,1069.2,0.000109477092337329,0.0890678469091654,0,-56.1138544981169,-47.8472853841436,1619.0229962774,75.300397124401,-35.171288467078,1602.02697771308,NaN,NaN,NaN,NaN,NaN,NaN,0,0,0,0,0,0
346440.5328994,1066.2,0.000500028545502573,0.0894589250907302,0,-56.4218126832084,-47.9577511661561,1619.06099429111,75.2298753082021,-35.2375169357249,1602.07999575796,NaN,NaN,NaN,NaN,NaN,NaN,0,0,0,0,0,0
346440.5433941,1063.2,0.000696880742907524,0.0884394444525242,0,-56.6922324195204,-48.121967683281,1619.03287115028,75.0598245474099,-35.3889056241502,1602.14065484367,NaN,NaN,NaN,NaN,NaN,NaN,0.238800004124641,0.1807000041008,0.954100012779236,193.410003662109,153.229995727539,853.47998046875
346440.5538909,1060.2,0.000596563331782818,0.088826984539628,0,-56.8948478242767,-48.2423542157985,1619.09618273369,74.922660551171,-35.4541638412236,1602.16201900077,NaN,NaN,NaN,NaN,NaN,NaN,0.241699993610382,0.18970000743866,0.951600015163422,185.399993896484,148.479995727539,826.359985351562
346440.5643471,1057.2,-0.000672663212753832,0.0891788614913821,0,-56.9949959283729,-48.3521644776866,1619.14145999697,74.7678612583688,-35.5132123404868,1602.1637215171,NaN,NaN,NaN,NaN,NaN,NaN,0.234599992632866,0.182500004768372,0.954800009727478,184.050003051758,150.5,833.059997558594
346440.5747576,1054.2,-0.000105286402686033,0.0895667713135481,0,-57.0985986968941,-48.4781511203519,1619.20061204316,74.6917898261537,-35.5843418379272,1602.18301088998,NaN,NaN,NaN,NaN,NaN,NaN,0.234699994325638,0.19200000166893,0.952899992465973,178.830001831055,150.009994506836,826.75
346440.5852496,1051.2,0.000915118667762727,0.0899054961279035,0,-57.2961657593283,-48.3762258264087,1619.48356347771,74.6728560417054,-35.6787242092582,1602.21151574697,NaN,NaN,NaN,NaN,NaN,NaN,0.227400004863739,0.187099993228912,0.955699980258942,180.339996337891,156.699996948242,849.809997558594
346440.5991828,1048.2,0.000534607854206115,0.0894784763455391,0,-57.264504071081,-48.6961500379971,1619.19694300968,74.6064012286641,-35.7925764447147,1602.27386112083,NaN,NaN,NaN,NaN,NaN,NaN,0,0,0,0,0,0
346440.6096751,1045.2,0.000556707091163844,0.08893485032022,0,-57.3506037094571,-48.6244450542244,1619.50096608798,74.6171040764492,-35.923838942401,1602.27039537432,NaN,NaN,NaN,NaN,NaN,NaN,0,0,0,0,0,0
346440.6201197,1042.2,0.000925779982935637,0.0904086124151945,0,-57.3669049721044,-48.7218437088465,1619.50154148368,74.5869923211588,-36.002193475187,1602.28567797633,NaN,NaN,NaN,NaN,NaN,NaN,0,0,0,0,0,0
346440.6305488,1039.2,0.000473200372653082,0.0894950054585934,0,-57.3586683208844,-48.8399098225163,1619.49287451932,74.5930154167192,-36.3135130225784,1602.2570610126,NaN,NaN,NaN,NaN,NaN,NaN,0,0,0,0,0,0
346440.6410376,1036.2,0.000323852582369,0.0889336964115501,0,-57.2783160105382,-49.1318387693933,1619.19540498602,74.5661739736415,-36.5148236609437,1602.28056798839,NaN,NaN,NaN,NaN,NaN,NaN,0,0,0,0,0,0
346440.6515111,1033.2,0.00101044843904674,0.0893793286755681,0,-57.2903350874482,-49.2308105002644,1619.19504864934,74.6330051035288,-36.6816577622154,1602.40164475424,NaN,NaN,NaN,NaN,NaN,NaN,0,0,0,0,0,0
346440.6620437,1030.2,0.0009323536651209,0.0893880542367697,0,-57.3188535548409,-49.3052890324498,1619.18346707666,74.6074313603267,-36.9652169182968,1602.38508957654,NaN,NaN,NaN,NaN,NaN,NaN,0,0,0,0,0,0
346440.6726002,1027.2,0.000344354048138484,0.0899858431890607,0,-57.3067818480136,-49.3905895898366,1619.19811368804,74.413242925127,-37.0755268446085,1602.30651955195,NaN,NaN,NaN,NaN,NaN,NaN,0.205400004982948,0.195199996232986,0.958999991416931,163.210006713867,161.699996948242,883.02001953125
346440.6830403,1024.2,0.000617209530901164,0.0896482611075044,0,-57.3339342419047,-49.43529069189,1619.18415517633,74.3571207786096,-37.075931649286,1602.26583566801,NaN,NaN,NaN,NaN,NaN,NaN,0.20100000500679,0.190200001001358,0.960900008678436,160.970001220703,163.289993286133,885.719970703125
346440.6934778,1021.2,0.00128458335530013,0.0900278644636273,0,-57.3217263527396,-49.4783795881544,1619.20640915321,74.4107890703552,-37.2805773470528,1602.37524792231,NaN,NaN,NaN,NaN,NaN,NaN,0.197899997234344,0.195199996232986,0.960600018501282,162.699996948242,168.699996948242,916.5
346440.7038829,1018.2,0.000672838243190199,0.0888471188023686,0,-57.5696439027559,-49.350285969886,1619.52452377444,74.3822417982959,-37.2963994987284,1602.3991916463,NaN,NaN,NaN,NaN,NaN,NaN,0.195700004696846,0.190799996256828,0.961899995803833,158.649993896484,164.149993896484,907.010009765625
346440.7143237,1015.2,0.000894211290869862,0.0895407184958458,0,-57.5851776199521,-49.4043057328551,1619.51992494772,74.2614301808999,-37.253792337467,1602.30284855606,NaN,NaN,NaN,NaN,NaN,NaN,0.1942999958992,0.192399993538857,0.961899995803833,152.240005493164,158.639999389648,884.320007324219
346440.7248523,1012.2,0.000363630446372554,0.0892887072637677,0,-57.6197458203417,-49.4507679949029,1619.51249719106,74.2140747782467,-37.4021226844676,1602.28947051286,NaN,NaN,NaN,NaN,NaN,NaN,0.190999999642372,0.188800007104874,0.963299989700317,151.639999389648,160.619995117188,895.190002441406
346440.7353392,1009.2,0.00022446176444646,0.0890806823968887,0,-57.6251317637209,-49.5046793489673,1619.51534907452,74.0783766629276,-37.4205597273332,1602.14037252166,NaN,NaN,NaN,NaN,NaN,NaN,0.187299996614456,0.191899999976158,0.96340000629425,148.910003662109,162.110000610352,902.169982910156
346440.7458585,1006.2,0.000731604814063758,0.0896341562271118,0,-57.6542610968035,-49.5809935067093,1619.53766467511,74.069397727754,-37.5048433694645,1602.16878166158,NaN,NaN,NaN,NaN,NaN,NaN,0,0,0,0,0,0
346440.758833,1003.2,-0.000212104845559224,0.0892381457611919,0,-57.4275402097919,-49.9251397457833,1619.21281088113,74.2423085230778,-37.600668355913,1602.39591018661,NaN,NaN,NaN,NaN,NaN,NaN,0,0,0,0,0,0
346440.7694818,1000.2,0.000531241646967828,0.0898125305771828,0,-57.4218028368149,-50.1037286934883,1619.18096162477,74.1980281632954,-37.6365973128307,1602.40140216356,NaN,NaN,NaN,NaN,NaN,NaN,0,0,0,0,0,0
346440.7798917,997.2,5.3341453167377e-05,0.0898821851238608,0,-57.3760783530931,-50.2359044933128,1619.23173082285,74.1664950184379,-37.7556921646721,1602.37278294533,NaN,NaN,NaN,NaN,NaN,NaN,0,0,0,0,0,0
346440.7903583,994.2,4.31751177529804e-05,0.0896705336868763,0,-57.48831237441,-50.3431273715523,1619.17998922483,74.1686699913999,-37.9047771992044,1602.34310235253,NaN,NaN,NaN,NaN,NaN,NaN,0,0,0,0,0,0
346440.8007895,991.2,0.00034248738666065,0.0896896779537201,0,-57.5768627059791,-50.450670791226,1619.1383255943,74.108459287707,-38.0025066032544,1602.3099659809,NaN,NaN,NaN,NaN,NaN,NaN,0,0,0,0,0,0
346440.8112367,988.2,0.000258517247857526,0.0899697387591004,0,-57.6646487087893,-50.5932951448431,1619.09772746495,74.0079994380784,-38.1207872533995,1602.23509678317,NaN,NaN,NaN,NaN,NaN,NaN,0,0,0,0,0,0
346440.8217428,985.2,-0.00104339455720037,0.0912556661292911,0,-57.9664669197657,-50.4766080182938,1619.35625586524,73.9028995040785,-38.1943011501693,1602.20635981728,NaN,NaN,NaN,NaN,NaN,NaN,0,0,0,0,0,0
346440.8322468,982.2,-8.88562790350989e-05,0.0899006690829992,0,-58.0428590273336,-50.5325290278117,1619.29066807218,73.9954579116434,-38.5192216581212,1602.35392040702,NaN,NaN,NaN,NaN,NaN,NaN,0,0,0,0,0,0
346440.8427677,979.2,0.000276635575573891,0.0902254929766059,0,-58.1520802633609,-50.6397283146884,1619.24790577346,73.9310387039282,-38.4624317704683,1602.2952740075,NaN,NaN,NaN,NaN,NaN,NaN,0.154100000858307,0.18019999563694,0.971499979496002,98.8000030517578,134.279998779297,780.02001953125
346440.853155,976.2,0.000166792699019425,0.0899659231305122,0,-58.0770589563022,-50.9045772676538,1619.04105645825,73.8954182705996,-38.6904619204746,1602.24402868194,NaN,NaN,NaN,NaN,NaN,NaN,0.152700006961823,0.185599997639656,0.970700025558472,95.6999969482422,134.710006713867,780.140014648438
346440.8636636,973.2,-0.000237051426665857,0.0898083843290806,0,-58.1716307922465,-50.9812599829683,1619.08143323849,73.8522551111951,-38.7408939668097,1602.21650250779,NaN,NaN,NaN,NaN,NaN,NaN,0.14640000462532,0.179900005459785,0.972699999809265,95.0899963378906,137.479995727539,790.580017089844
346440.8740725,970.2,-0.000411463610362262,0.089778789691627,0,-58.2291808302134,-51.0517486835337,1619.06017304289,73.8508116355899,-38.8498305267405,1602.21369618902,NaN,NaN,NaN,NaN,NaN,NaN,0.146500006318092,0.187700003385544,0.971199989318848,94.9499969482422,142.429992675781,808.830017089844
346440.8845478,967.2,-0.000195824555703439,0.0900691639631987,0,-58.289314181846,-51.1163083238048,1619.10273670474,73.8731971020657,-38.8346929681432,1602.25628517816,NaN,NaN,NaN,NaN,NaN,NaN,0.140799999237061,0.182500004768372,0.973100006580353,91.9199981689453,141.820007324219,804.280029296875
346440.8950493,964.2,-0.000167798047186807,0.0902915395796299,0,-58.2934814671086,-51.1819856586199,1619.05052259827,73.9324340165249,-38.9597826110815,1602.28498004189,NaN,NaN,NaN,NaN,NaN,NaN,0.142000004649162,0.185699999332428,0.972299993038177,89.25,139.029998779297,793.539978027344
346440.9055323,961.2,-0.000272035948000848,0.0906837223097682,0,-58.2116556314726,-51.2236694079648,1619.08303686179,73.9723735927547,-39.0011147829191,1602.27243763112,NaN,NaN,NaN,NaN,NaN,NaN,0.138199999928474,0.182099997997284,0.97350001335144,90.6100006103516,142.759994506836,816.22998046875
346440.9188065,958.2,-0.00107471947558224,0.0899950614199042,0,-58.218108257239,-51.2985452581458,1619.09049860213,74.0407726913106,-38.9617327519643,1602.24333473561,NaN,NaN,NaN,NaN,NaN,NaN,0,0,0,0,0,0
346440.929687,955.2,-0.00049227720592171,0.0908938780426979,0,-58.1320185675547,-51.3712888744069,1619.07169172953,74.1059197741396,-38.9339106450219,1602.1786556428,NaN,NaN,NaN,NaN,NaN,NaN,0,0,0,0,0,0
346440.9401251,952.2,-0.000575012527406216,0.0906977778300643,0,-57.992631227695,-51.438335185606,1619.08107133167,74.1916482064632,-38.9777733682554,1602.18203924036,NaN,NaN,NaN,NaN,NaN,NaN,0,0,0,0,0,0
346440.95058,949.2,-0.000634371244814247,0.0902802398428321,0,-57.8559230572883,-51.5131458410119,1619.03755860925,74.195794821692,-39.016967746559,1602.10376074593,NaN,NaN,NaN,NaN,NaN,NaN,0,0,0,0,0,0
346440.9610292,946.2,-0.00191894383169711,0.0912964068353176,0,-57.6794350136105,-51.5901296384833,1618.9949697281,74.2583207655392,-38.9750041944959,1602.1199140301,NaN,NaN,NaN,NaN,NaN,NaN,0,0,0,0,0,0
346440.971399,943.2,-0.00113495392724872,0.0904325930401683,0,-57.4941084807936,-51.7059443991661,1618.99622144235,74.2713638408469,-39.0483342113229,1602.02159245618,NaN,NaN,NaN,NaN,NaN,NaN,0,0,0,0,0,0
346440.9818004,940.2,-0.000683839258272201,0.0896229123696685,0,-57.2084027598138,-51.7907286189048,1618.97617808041,74.4036788445884,-38.9925848925322,1602.09687928641,NaN,NaN,NaN,NaN,NaN,NaN,0,0,0,0,0,0
346440.9922272,937.2,-0.0017255968414247,0.0904806353151798,0,-57.0358583569833,-51.8999030173579,1618.90168638793,74.4489761393006,-38.9292993288022,1602.07100180136,NaN,NaN,NaN,NaN,NaN,NaN,0,0,0,0,0,0
346441.0027,934.2,-0.00120135047473013,0.0900344340130687,0,-56.8586200059174,-51.9325197357204,1618.87363576612,74.533269707047,-38.8891556787936,1602.02106937342,NaN,NaN,NaN,NaN,NaN,NaN,0.11259999871254,0.189600005745888,0.975399971008301,61.6399993896484,137.580001831055,778.309997558594
346441.013201,931.2,-0.00160253723151982,0.0905214887112379,0,-56.6873509552557,-51.9781825909587,1618.79371853246,74.6098826373439,-38.9309749420736,1601.98621925708,NaN,NaN,NaN,NaN,NaN,NaN,0.104099996387959,0.184400007128716,0.977299988269806,58.9099998474121,141.149993896484,801.090026855469
346441.0237993,928.2,-0.00176141527481377,0.09023527931422,0,-56.6279196000274,-51.9780827715103,1618.77103390962,74.558988660802,-38.9253630741485,1601.81948360162,NaN,NaN,NaN,NaN,NaN,NaN,0.100299999117851,0.187099993228912,0.977199971675873,55.5999984741211,143.470001220703,813.280029296875
346441.034344,925.2,-0.00144339969847351,0.0901836169883609,0,-56.6064400751609,-51.9976839064585,1618.72997719055,74.7020958561774,-38.8617361196601,1601.95596925003,NaN,NaN,NaN,NaN,NaN,NaN,0.094700001180172,0.181500002741814,0.978799998760223,52.560001373291,140.399993896484,800.080017089844
346441.0448493,922.2,-0.00154043547809124,0.0902913235127926,0,-56.5355065843356,-52.0021982375739,1618.70943426773,74.7166717700142,-38.9664159657098,1601.86700335543,NaN,NaN,NaN,NaN,NaN,NaN,0.0945999994874001,0.18359999358654,0.978399991989136,49.1800003051758,137.440002441406,786.559997558594
346441.0587632,919.2,-0.00161602545995265,0.0902362339198589,0,-56.5328008936409,-51.9590041139486,1618.62050209718,74.7260396612168,-39.0191383764646,1601.85733828827,NaN,NaN,NaN,NaN,NaN,NaN,0,0,0,0,0,0
346441.0692295,916.2,-0.00134414527565241,0.0901886712759733,0,-56.5960350894626,-51.8914607753447,1618.55744787623,74.7501177358529,-39.0830630215181,1601.89415857901,NaN,NaN,NaN,NaN,NaN,NaN,0,0,0,0,0,0
346441.0797013,913.2,-0.00162160396575928,0.0898585993796587,0,-56.5988518269502,-51.8712472002106,1618.48649072907,74.66905597523,-39.0762622039072,1601.83892707858,NaN,NaN,NaN,NaN,NaN,NaN,0,0,0,0,0,0
346441.0901296,910.2,-0.00152110308408737,0.0905192609876394,0,-56.6385374217283,-51.8312773391677,1618.47500522707,74.7700848227836,-39.1279370788567,1601.94991066308,NaN,NaN,NaN,NaN,NaN,NaN,0,0,0,0,0,0
346441.1005609,907.2,-0.00189827242866158,0.0906218517571688,0,-56.6322567911549,-51.8215394675039,1618.5147060664,74.7734007656221,-39.0791379135177,1601.98236320601,NaN,NaN,NaN,NaN,NaN,NaN,0,0,0,0,0,0
346441.1109852,904.2,-0.00154146028216928,0.0900831086561084,0,-56.6366097502923,-51.7637751324092,1618.45837398963,74.7753405530056,-39.1394701559647,1602.04086648342,NaN,NaN,NaN,NaN,NaN,NaN,0,0,0,0,0,0
346441.1215178,901.2,-0.0014092578785494,0.0904165389016271,0,-56.7831627514712,-51.6657267377385,1618.44719271106,74.7144685861873,-39.0877161739758,1602.01109420954,NaN,NaN,NaN,NaN,NaN,NaN,0,0,0,0,0,0
346441.1319593,898.2,-0.00135272485204041,0.09004031624645,0,-56.6812272680002,-51.6465497937994,1618.51001054877,74.7475348469619,-39.259362895067,1602.02255780764,NaN,NaN,NaN,NaN,NaN,NaN,0,0,0,0,0,0
346441.1424296,895.2,-0.00242213439196348,0.0895059932023287,0,-56.6068778324713,-51.5928455990449,1618.53758614851,74.7781877412987,-39.2556083674435,1602.09005759397,NaN,NaN,NaN,NaN,NaN,NaN,0.0632999986410141,0.184599995613098,0.980799973011017,22.5799999237061,134.619995117188,760.150024414062
346441.1528141,892.2,-0.00197887397371233,0.0908518744632602,0,-56.6231869616864,-51.5459885815254,1618.57256019641,74.8082070135398,-39.2251754110602,1602.0944034229,NaN,NaN,NaN,NaN,NaN,NaN,0,0,0,0,0,0
346441.1719323,889.2,-0.00160021230112761,0.0904155842959881,0,-56.872685982821,-51.3200377199279,1618.87603127011,74.8258581225089,-39.2543499933361,1602.08359071966,NaN,NaN,NaN,NaN,NaN,NaN,0.0590000003576279,0.18299999833107,0.981299996376038,19.5200004577637,131.960006713867,746.469970703125
346441.1824405,886.2,-0.0021559523884207,0.0897238211706281,0,-56.7270635975802,-51.2895614020103,1618.99676247436,74.9213866724214,-39.3165247756354,1602.16246626318,NaN,NaN,NaN,NaN,NaN,NaN,0,0,0,0,0,0
346441.1929333,883.2,-0.00244455924257636,0.089438452757895,0,-56.4744009256192,-51.3111287033148,1619.07307890314,75.0310586601535,-39.2705796553455,1602.14145156501,NaN,NaN,NaN,NaN,NaN,NaN,0,0,0,0,0,0
346441.2033941,880.2,-0.00190925423521549,0.0900685511529446,0,-56.3867906405939,-51.3265792158574,1619.12014694902,75.066741817862,-39.3571080844101,1602.14986275622,NaN,NaN,NaN,NaN,NaN,NaN,0,0,0,0,0,0
346441.2138562,877.2,-0.002386613516137,0.0888255707919598,0,-56.0296047117952,-51.5181523581429,1618.77144624802,75.1335610742145,-39.380675719039,1602.14448405677,NaN,NaN,NaN,NaN,NaN,NaN,0.00329999998211861,0.169799998402596,0.985499978065491,-24.3799991607666,117.819999694824,726.080017089844
346441.2242493,874.2,-0.00212898128665984,0.0893864905461669,0,-55.9570507688133,-51.516760442182,1618.76216164647,75.181081657108,-39.3649397514265,1602.10815195866,NaN,NaN,NaN,NaN,NaN,NaN,0.00480000022798777,0.173099994659424,0.984899997711182,-25.5699996948242,115.690002441406,713.099975585938
346441.2347037,871.2,-0.00214530946686864,0.089076878875494,0,-55.9449031721653,-51.4815064609078,1618.76297579855,75.276613512534,-39.3353991633312,1602.10382928228,NaN,NaN,NaN,NaN,NaN,NaN,0.00170000002253801,0.171399995684624,0.985199987888336,-26.3700008392334,116.129997253418,712.469970703125
346441.2451798,868.2,-0.00179697782732546,0.0894703095778823,0,-55.9039472734198,-51.4720205057994,1618.73634768291,75.2851926187968,-39.3752784757843,1602.0285854299,NaN,NaN,NaN,NaN,NaN,NaN,0.00419999985024333,0.174099996685982,0.98470002412796,-26.5499992370605,113.949996948242,701.75
346441.259473,865.2,-0.00240811030380428,0.088999311812222,0,-55.9422734360163,-51.3729362988699,1618.66233140405,75.359184443487,-39.4059221509766,1601.98480771432,NaN,NaN,NaN,NaN,NaN,NaN,0,0,0,0,0,0
346441.26997,862.2,-0.00198002462275326,0.0892948726192117,0,-55.9627292572854,-51.3446657438045,1618.63302701596,75.4255955972061,-39.4211740553879,1601.94367596668,NaN,NaN,NaN,NaN,NaN,NaN,0,0,0,0,0,0
346441.280433,859.2,-0.00191029370762408,0.0890083521604538,0,-55.978422085964,-51.2885128738834,1618.61862423936,75.4229906282155,-39.3753244626257,1601.90622046525,NaN,NaN,NaN,NaN,NaN,NaN,0,0,0,0,0,0
346441.2909005,856.2,-0.00116558989975601,0.0896517461165786,0,-55.9653214060246,-51.2700117685324,1618.59231691263,75.467440211502,-39.4167916053468,1601.87142929917,NaN,NaN,NaN,NaN,NaN,NaN,0,0,0,0,0,0
346441.3014017,853.2,-0.00192222360055894,0.0887650273740292,0,-56.0475479325922,-51.198319347759,1618.56006147317,75.4717551380996,-39.3528349272499,1601.85980271443,NaN,NaN,NaN,NaN,NaN,NaN,0,0,0,0,0,0
346441.3119059,850.2,-0.00210143998265266,0.0887595232576132,0,-56.0665980525318,-51.164723812708,1618.50462414105,75.5726278505066,-39.3818219425209,1601.89595168859,NaN,NaN,NaN,NaN,NaN,NaN,0,0,0,0,0,0
346441.3224107,847.2,-0.00209622248075902,0.0888076148927212,0,-56.132237151891,-51.0720813247679,1618.49852739088,75.4887824596628,-39.3869547080794,1601.79837587121,NaN,NaN,NaN,NaN,NaN,NaN,0,0,0,0,0,0
346441.3328714,844.2,-0.00185250851791352,0.0887331929057837,0,-56.1763305034085,-51.0089368028376,1618.48313415372,75.5385758266107,-39.4008828054583,1601.80516879583,NaN,NaN,NaN,NaN,NaN,NaN,-0.0252000000327826,0.161200001835823,0.986599981784821,-36.7700004577637,91.1800003051758,585.549987792969
346441.3433884,841.2,-0.00208484451286495,0.0884296432137489,0,-56.2030660382709,-50.9812111371714,1618.49374499872,75.5945225292013,-39.4831394225623,1601.80723433385,NaN,NaN,NaN,NaN,NaN,NaN,-0.0162000004202127,0.16779999434948,0.985700011253357,-39.0299987792969,92.8300018310547,597.090026855469
346441.3538309,838.2,-0.00322192255407572,0.0885160150006414,0,-56.234008512662,-50.9241230472828,1618.52040304943,75.6550753963722,-39.4082099284095,1601.80895776664,NaN,NaN,NaN,NaN,NaN,NaN,-0.0285999998450279,0.158099994063377,0.986999988555908,-38.9500007629395,87.4400024414062,574.669982910156
346441.3642482,835.2,-0.00172599242068827,0.0880406996235251,0,-56.2119727969057,-50.8853350489847,1618.54385469362,75.6958814173317,-39.3317560513526,1601.7466695842,NaN,NaN,NaN,NaN,NaN,NaN,-0.0201999992132187,0.163499996066093,0.986299991607666,-40.5900001525879,87.8099975585938,579.059997558594
346441.3747053,832.2,-0.00241541862487793,0.0880506582558155,0,-56.173007124783,-50.8717195607684,1618.52224928692,75.7922956920538,-39.4479239051771,1601.73759294034,NaN,NaN,NaN,NaN,NaN,NaN,-0.031199999153614,0.160099998116493,0.986599981784821,-43.439998626709,93.7300033569336,609.52001953125
346441.3852698,829.2,-0.00101517839357257,0.0881504429504275,0,-56.123324343101,-50.861385348491,1618.50142210467,75.9116433741959,-39.3783632290931,1601.76565203994,NaN,NaN,NaN,NaN,NaN,NaN,-0.0274000000208616,0.168699994683266,0.985300004482269,-47.6500015258789,100.459999084473,639.919982910156
346441.398772,826.2,-0.00224563665688038,0.0873927496373653,0,-56.1178473230181,-50.8428197436263,1618.47996247955,75.9373767683763,-39.4924744106788,1601.62915255495,NaN,NaN,NaN,NaN,NaN,NaN,0,0,0,0,0,0
346441.409218,823.2,-0.00267287297174335,0.0872200703248382,0,-56.0429296343357,-50.8208891617364,1618.46085963225,76.1093219153244,-39.5587854222157,1601.57218410166,NaN,NaN,NaN,NaN,NaN,NaN,0,0,0,0,0,0
346441.4196765,820.2,-0.00340634328313172,0.0882218083366752,0,-55.9234383769882,-50.8017524550947,1618.43631388963,76.1720516860859,-39.5542285467002,1601.48417894897,NaN,NaN,NaN,NaN,NaN,NaN,0,0,0,0,0,0
346441.4301382,817.2,-0.00270087644457817,0.0868243923410773,0,-55.8432768069073,-50.7750148227428,1618.37585428517,76.2747538889173,-39.5431687087542,1601.36965931828,NaN,NaN,NaN,NaN,NaN,NaN,0,0,0,0,0,0
346441.4405783,814.2,-0.00362114887684584,0.0880823502317071,0,-55.7199025277876,-50.7942656724221,1618.40948909022,76.4498003634639,-39.4395250230474,1601.40622653831,NaN,NaN,NaN,NaN,NaN,NaN,0,0,0,0,0,0
346441.4510015,811.2,-0.00422547059133649,0.0877235945314169,0,0,0,0,0,0,0,NaN,NaN,NaN,NaN,NaN,NaN,0,0,0,0,0,0
346441.4614728,808.2,-0.00325655960477889,0.086979209817946,0,0,0,0,0,0,0,NaN,NaN,NaN,NaN,NaN,NaN,0,0,0,0,0,0
346441.471934,805.2,-0.00375429261475801,0.0879618063569069,0,0,0,0,0,0,0,NaN,NaN,NaN,NaN,NaN,NaN,0,0,0,0,0,0
346441.4823877,802.2,-0.00324781495146453,0.0868696061894298,0,0,0,0,0,0,0,NaN,NaN,NaN,NaN,NaN,NaN,-0.0595000013709068,0.179299995303154,0.98199999332428,-77.6800003051758,121.529998779297,733.950012207031
346441.4928123,799.2,-0.00307662971317768,0.0875344913452864,0,0,0,0,0,0,0,NaN,NaN,NaN,NaN,NaN,NaN,-0.0636999979615211,0.179700002074242,0.981700003147125,-82.8000030517578,126.650001525879,761.25
346441.5032832,796.2,-0.00348628289066255,0.0869194598868489,0,0,0,0,0,0,0,NaN,NaN,NaN,NaN,NaN,NaN,-0.068400003015995,0.183899998664856,0.980599999427795,-90.3199996948242,136.339996337891,804.140014648438
346441.5137231,793.2,-0.00418481696397066,0.0872375223785639,0,0,0,0,0,0,0,NaN,NaN,NaN,NaN,NaN,NaN,-0.0724000036716461,0.188800007104874,0.979300022125244,-97.379997253418,148.229995727539,849.539978027344
346441.524201,790.2,-0.00412045698612928,0.0869420640170574,0,0,0,0,0,0,0,NaN,NaN,NaN,NaN,NaN,NaN,-0.0736000016331673,0.188999995589256,0.979200005531311,-97.8199996948242,146.139999389648,839.380004882812
346441.5346851,787.2,-0.00388719304464757,0.0873649831861258,0,0,0,0,0,0,0,NaN,NaN,NaN,NaN,NaN,NaN,-0.0756999999284744,0.187000006437302,0.979399979114532,-97.5199966430664,142.139999389648,817.690002441406
346441.5452246,784.2,-0.00374557636678219,0.0865460777655244,0,0,0,0,0,0,0,NaN,NaN,NaN,NaN,NaN,NaN,-0.0781000033020973,0.190400004386902,0.978600025177002,-100.690002441406,145.5,825.809997558594
346441.5587035,781.2,-0.00411125039681792,0.0868680834770203,0,0,0,0,0,0,0,NaN,NaN,NaN,NaN,NaN,NaN,0,0,0,0,0,0
346441.5694449,778.2,-0.00430802116170526,0.0863070007413626,0,0,0,0,0,0,0,NaN,NaN,NaN,NaN,NaN,NaN,0,0,0,0,0,0
346441.5798951,775.2,-0.004149722866714,0.0869538098573685,0,0,0,0,0,0,0,NaN,NaN,NaN,NaN,NaN,NaN,0,0,0,0,0,0
346441.5904481,772.2,-0.00546112703159451,0.0866619007661939,0,0,0,0,0,0,0,NaN,NaN,NaN,NaN,NaN,NaN,0,0,0,0,0,0
346441.6008422,769.2,-0.00432024756446481,0.0861692870035768,0,0,0,0,0,0,0,NaN,NaN,NaN,NaN,NaN,NaN,0,0,0,0,0,0
346441.6112836,766.2,-0.00412821397185326,0.0865023996680975,0,0,0,0,0,0,0,NaN,NaN,NaN,NaN,NaN,NaN,0,0,0,0,0,0
346441.6217886,763.2,-0.0058856038376689,0.0859473444521427,0,0,0,0,0,0,0,NaN,NaN,NaN,NaN,NaN,NaN,0,0,0,0,0,0
346441.6323115,760.2,-0.00474624801427126,0.0859965732321143,0,0,0,0,0,0,0,NaN,NaN,NaN,NaN,NaN,NaN,0,0,0,0,0,0
346441.6427942,757.2,-0.004929652903229,0.0859925135970116,0,-53.4677035613732,-50.9417294112572,1618.35095088453,78.7611674556715,-39.9249215996003,1601.21668398656,NaN,NaN,NaN,NaN,NaN,NaN,-0.104299999773502,0.184499993920326,0.977299988269806,-123.110000610352,140.289993286133,821.640014648438
346441.6532368,754.2,-0.00548953795805573,0.085709466971457,0,-53.3131820280638,-51.0647435744581,1618.32077339387,78.9307811512639,-39.9565736603025,1601.14547089849,NaN,NaN,NaN,NaN,NaN,NaN,-0.105999998748302,0.179900005459785,0.977999985218048,-118.470001220703,131.779998779297,778.169982910156
346441.6637234,751.2,-0.00527533981949091,0.0863220071420074,0,-53.0731107680929,-51.1384138919111,1618.33630651285,79.121473906506,-40.0661618206583,1601.15897374218,NaN,NaN,NaN,NaN,NaN,NaN,-0.099200002849102,0.170499995350838,0.980300009250641,-98.8899993896484,101.559997558594,644.900024414062
346441.6742782,748.2,-0.00500813219696283,0.0862913731485605,0,-52.7298711400888,-51.2144945152943,1618.26328168315,79.3305508667595,-40.1917506429045,1601.10247528342,NaN,NaN,NaN,NaN,NaN,NaN,-0.104599997401237,0.168200001120567,0.980199992656708,-101.419998168945,102.150001525879,647.640014648438
346441.6847458,745.2,-0.00474375346675515,0.086651511862874,0,-52.496635201248,-51.3354841060118,1618.21871745397,79.6402497321322,-40.3038609919438,1601.22208268142,NaN,NaN,NaN,NaN,NaN,NaN,-0.107400000095367,0.179700002074242,0.977800011634827,-112.029998779297,113.949996948242,697.419982910156
346441.6989624,742.2,-0.00612714188173413,0.0860104098916054,0,0,0,0,0,0,0,NaN,NaN,NaN,NaN,NaN,NaN,0,0,0,0,0,0
346441.7094813,739.2,-0.00501856626942754,0.0868979789316654,0,0,0,0,0,0,0,NaN,NaN,NaN,NaN,NaN,NaN,0,0,0,0,0,0
346441.7200015,736.2,-0.00574124557897449,0.0869339289143682,0,0,0,0,0,0,0,NaN,NaN,NaN,NaN,NaN,NaN,0,0,0,0,0,0
346441.7304044,733.2,-0.00627811206504703,0.0865063624456525,0,0,0,0,0,0,0,NaN,NaN,NaN,NaN,NaN,NaN,0,0,0,0,0,0
346441.7408954,730.2,-0.00534931197762489,0.087533075734973,0,0,0,0,0,0,0,NaN,NaN,NaN,NaN,NaN,NaN,0,0,0,0,0,0
346441.7513691,727.2,-0.00573856104165316,0.0870935576036573,0,0,0,0,0,0,0,NaN,NaN,NaN,NaN,NaN,NaN,0,0,0,0,0,0
346441.7618116,724.2,-0.00672039017081261,0.0869824098423123,0,0,0,0,0,0,0,NaN,NaN,NaN,NaN,NaN,NaN,0,0,0,0,0,0
346441.772348,721.2,-0.00556779326871037,0.0881674665957689,0,0,0,0,0,0,0,NaN,NaN,NaN,NaN,NaN,NaN,0,0,0,0,0,0
346441.7827654,718.2,-0.00583515595644712,0.0876636182889342,0,-51.0425858903144,-51.8739810745069,1618.22357607963,80.9525600359536,-40.4649564140229,1601.14439891709,NaN,NaN,NaN,NaN,NaN,NaN,-0.166999995708466,0.200100004673004,0.965399980545044,-219.850006103516,195.050003051758,1066.66003417969
346441.7931973,715.2,-0.00636872882023454,0.0876597849652171,0,-50.8848234680834,-51.9303896062207,1618.28294266636,81.0974015982502,-40.5422999184769,1601.14728760116,NaN,NaN,NaN,NaN,NaN,NaN,-0.165099993348122,0.19030000269413,0.967700004577637,-204.229995727539,177.020004272461,977.969970703125
346441.8036142,712.2,-0.00662777619436383,0.0878434492275119,0,-50.8008754469327,-51.9802893512071,1618.37167453985,81.1808543312177,-40.5086492743876,1601.12029264516,NaN,NaN,NaN,NaN,NaN,NaN,-0.164000004529953,0.198899999260902,0.966199994087219,-179.940002441406,149.789993286133,847.109985351562
346441.8140345,709.2,-0.00634918408468366,0.0875209787860513,0,-50.6866458637134,-52.0285629910333,1618.43090809067,81.2606381982098,-40.5240815987553,1601.12731327539,NaN,NaN,NaN,NaN,NaN,NaN,-0.162599995732307,0.183100000023842,0.969600021839142,-170.039993286133,135.860000610352,793.400024414062
346441.8244758,706.2,-0.0062846252694726,0.0878134336322546,0,-50.5007265311071,-52.0949162506933,1618.50623786151,81.4059672010883,-40.641119246392,1601.1547869202,NaN,NaN,NaN,NaN,NaN,NaN,-0.155499994754791,0.172900006175041,0.972599983215332,-142.800003051758,105.389999389648,664.510009765625
346441.8349346,703.2,-0.00686465203762054,0.0873588718473911,0,-50.4029538862508,-52.1565540575063,1618.52977913394,81.4700988208861,-40.7714427511034,1601.17565032081,NaN,NaN,NaN,NaN,NaN,NaN,-0.157499998807907,0.165199995040894,0.973599970340729,-134.100006103516,94.5599975585938,615.010009765625
346441.8454229,700.2,-0.00674501853063703,0.0878449887037277,0,-50.3294930349452,-52.1890274999199,1618.59086288467,81.5833051984806,-40.8710763327274,1601.2731300304,NaN,NaN,NaN,NaN,NaN,NaN,-0.154599994421005,0.165999993681908,0.973900020122528,-128.440002441406,87.3199996948242,581.840026855469
346441.8559132,697.2,-0.00684997765347362,0.0869335042312741,0,-50.179821566881,-52.3042885920971,1618.63479131874,81.6679225615922,-40.9424084771901,1601.30937334767,NaN,NaN,NaN,NaN,NaN,NaN,0,0,0,0,0,0
346441.8663653,694.2,-0.00713549926877022,0.0882630370557308,0,-50.1021734734618,-52.3846473919313,1618.64944232766,81.8025207001663,-41.0969197861708,1601.41955605027,NaN,NaN,NaN,NaN,NaN,NaN,0,0,0,0,0,0
346441.8768438,691.2,-0.00679590227082372,0.0874836560338736,0,-50.0960988900403,-52.4409052500689,1618.61651901406,81.8725471203426,-41.2450359881016,1601.46465556519,NaN,NaN,NaN,NaN,NaN,NaN,0,0,0,0,0,0
346441.8872322,688.2,-0.00598542578518391,0.0873596588149667,0,-50.0300826879967,-52.461702637803,1618.64427823125,81.894978088018,-41.2317620744392,1601.43838259188,NaN,NaN,NaN,NaN,NaN,NaN,0,0,0,0,0,0
346441.8977114,685.2,-0.00728157535195351,0.0885845957323909,0,-49.9051116620555,-52.5597004054629,1618.64143557528,82.0233044178082,-41.362165706346,1601.52759897949,NaN,NaN,NaN,NaN,NaN,NaN,0,0,0,0,0,0
346441.9083853,682.2,-0.00701054278761148,0.0882267825305462,0,-49.7698689177768,-52.6135096067236,1618.69214638113,82.0135606281212,-41.3529349988822,1601.46299446362,NaN,NaN,NaN,NaN,NaN,NaN,0,0,0,0,0,0
346441.9190695,679.2,-0.00727317109704018,0.0882646081969142,0,0,0,0,0,0,0,NaN,NaN,NaN,NaN,NaN,NaN,0,0,0,0,0,0
346441.9296269,676.2,-0.00707083940505981,0.0887768197804689,0,0,0,0,0,0,0,NaN,NaN,NaN,NaN,NaN,NaN,0,0,0,0,0,0
346441.9400344,673.2,-0.00711743673309684,0.0886114289984107,0,0,0,0,0,0,0,NaN,NaN,NaN,NaN,NaN,NaN,0,0,0,0,0,0
346441.9504405,670.2,-0.00710684293881059,0.0890938512980938,0,0,0,0,0,0,0,NaN,NaN,NaN,NaN,NaN,NaN,0,0,0,0,0,0
346441.9613613,667.2,-0.00669705588370562,0.0893954731523991,0,0,0,0,0,0,0,NaN,NaN,NaN,NaN,NaN,NaN,0,0,0,0,0,0
346441.9718222,664.2,-0.00660163443535566,0.089367725327611,0,0,0,0,0,0,0,NaN,NaN,NaN,NaN,NaN,NaN,0,0,0,0,0,0
346441.9822816,661.2,-0.00696614431217313,0.0895397946238518,0,0,0,0,0,0,0,NaN,NaN,NaN,NaN,NaN,NaN,0,0,0,0,0,0
346441.9927014,658.2,-0.00689939968287945,0.0893331658095121,0,0,0,0,0,0,0,NaN,NaN,NaN,NaN,NaN,NaN,-0.20440000295639,0.171000003814697,0.963800013065338,-161.679992675781,95.5299987792969,592.840026855469
346442.0030963,655.2,-0.00628118123859167,0.0908935278654099,0,0,0,0,0,0,0,NaN,NaN,NaN,NaN,NaN,NaN,-0.203999996185303,0.187999993562698,0.960799992084503,-167.679992675781,99.2799987792969,606.380004882812
346442.0135648,652.2,-0.00688162166625261,0.0901340994983912,0,0,0,0,0,0,0,NaN,NaN,NaN,NaN,NaN,NaN,-0.210199996829033,0.176100000739098,0.961700022220612,-171.940002441406,101.819999694824,616.47998046875
346442.0239783,649.2,-0.00727494992315769,0.089771980792284,0,0,0,0,0,0,0,NaN,NaN,NaN,NaN,NaN,NaN,-0.20890000462532,0.194700002670288,0.958400011062622,-168.25,99.0500030517578,594.960021972656
346442.0343539,646.2,-0.00663677603006363,0.0906226070597768,0,0,0,0,0,0,0,NaN,NaN,NaN,NaN,NaN,NaN,-0.215299993753433,0.182099997997284,0.959399998188019,-171.529998779297,101.699996948242,596.289978027344
346442.0448205,643.2,-0.00681237317621708,0.0902669657021761,0,0,0,0,0,0,0,NaN,NaN,NaN,NaN,NaN,NaN,-0.217899993062019,0.203400000929832,0.954500019550323,-174.75,103.690002441406,599.830017089844
346442.0584816,640.2,-0.00708467094227672,0.0904865892603993,0,0,0,0,0,0,0,NaN,NaN,NaN,NaN,NaN,NaN,0,0,0,0,0,0
346442.0688935,637.2,-0.0075141116976738,0.091081889718771,0,0,0,0,0,0,0,NaN,NaN,NaN,NaN,NaN,NaN,0,0,0,0,0,0
346442.0793815,634.2,-0.00722469436004758,0.0908915096893907,0,0,0,0,0,0,0,NaN,NaN,NaN,NaN,NaN,NaN,0,0,0,0,0,0
346442.0898715,631.2,-0.00807070452719927,0.0910848280414939,0,0,0,0,0,0,0,NaN,NaN,NaN,NaN,NaN,NaN,0,0,0,0,0,0
346442.1003701,628.2,-0.00755807384848595,0.0910329328849912,0,0,0,0,0,0,0,NaN,NaN,NaN,NaN,NaN,NaN,0,0,0,0,0,0
346442.1109156,625.2,-0.00783941708505154,0.0900907892733812,0,0,0,0,0,0,0,NaN,NaN,NaN,NaN,NaN,NaN,0,0,0,0,0,0
346442.1213676,622.2,-0.0070049068890512,0.0912738362327218,0,0,0,0,0,0,0,NaN,NaN,NaN,NaN,NaN,NaN,0,0,0,0,0,0
346442.1317944,619.2,-0.006961933337152,0.0906491795554757,0,0,0,0,0,0,0,NaN,NaN,NaN,NaN,NaN,NaN,0,0,0,0,0,0
346442.1422262,616.2,-0.00764495693147182,0.0907352244481444,0,0,0,0,0,0,0,NaN,NaN,NaN,NaN,NaN,NaN,0,0,0,0,0,0
346442.1526801,613.2,-0.00718377577140927,0.0915700852870941,0,0,0,0,0,0,0,NaN,NaN,NaN,NaN,NaN,NaN,-0.252600014209747,0.170699998736382,0.952400028705597,-149.020004272461,69.8199996948242,430.410003662109
346442.1631359,610.2,-0.00675602303817868,0.0914207803085446,0,0,0,0,0,0,0,NaN,NaN,NaN,NaN,NaN,NaN,-0.244499996304512,0.1858000010252,0.95169997215271,-155.050003051758,72.9700012207031,448.309997558594
346442.17357,607.2,-0.00657575763761997,0.0916836265474558,0,0,0,0,0,0,0,NaN,NaN,NaN,NaN,NaN,NaN,-0.255299985408783,0.170100003480911,0.951799988746643,-166.050003051758,79.5599975585938,487.559997558594
346442.184076,604.2,-0.00701522966846824,0.0914100533351302,0,0,0,0,0,0,0,NaN,NaN,NaN,NaN,NaN,NaN,-0.246900007128716,0.182500004768372,0.95169997215271,-172.860000610352,83.25,511.959991455078
346442.194523,601.2,-0.00675289984792471,0.0917501639574766,0,0,0,0,0,0,0,NaN,NaN,NaN,NaN,NaN,NaN,-0.257099986076355,0.169599995017052,0.951399981975555,-184.869995117188,90.120002746582,550.820007324219
346442.2050051,598.2,-0.00633944710716605,0.0913241378962994,0,0,0,0,0,0,0,NaN,NaN,NaN,NaN,NaN,NaN,-0.250900000333786,0.182899996638298,0.950600028038025,-188.130004882812,91.8300018310547,559.969970703125
346442.2182924,595.2,-0.00596049753949046,0.0917266024276614,0,0,0,0,0,0,0,NaN,NaN,NaN,NaN,NaN,NaN,0,0,0,0,0,0
346442.2288712,592.2,-0.00616124691441655,0.091722485050559,0,-50.1076343510152,-53.9846826493047,1619.37912575533,82.0313481414307,-43.1889188545004,1601.87981909849,NaN,NaN,NaN,NaN,NaN,NaN,0,0,0,0,0,0
346442.2394219,589.2,-0.0057515911757946,0.0911741530522704,0,0,0,0,0,0,0,NaN,NaN,NaN,NaN,NaN,NaN,0,0,0,0,0,0
346442.2498587,586.2,-0.00609797006472945,0.0918990060687065,0,-50.2679042743498,-53.9200601589336,1619.2880912497,81.7313869932379,-43.1760149114352,1601.67794770009,NaN,NaN,NaN,NaN,NaN,NaN,0,0,0,0,0,0
346442.2603098,583.2,-0.00614826893433928,0.0918979378417134,0,-50.3080770309183,-53.8673670228556,1619.29367244299,81.6716234387082,-43.1063079555044,1601.63966102383,NaN,NaN,NaN,NaN,NaN,NaN,0,0,0,0,0,0
346442.2707969,580.2,-0.00615999568253756,0.0921209001913667,0,-50.3794749988761,-53.859000529088,1619.22672446893,81.6661426551815,-43.0839956300039,1601.64964517207,NaN,NaN,NaN,NaN,NaN,NaN,0,0,0,0,0,0
346442.2812802,577.2,-0.0058612572029233,0.0923086953349412,0,-50.4800299937765,-53.7958784782957,1619.18218955142,81.5604951229387,-42.9964673815697,1601.58327124187,NaN,NaN,NaN,NaN,NaN,NaN,0,0,0,0,0,0
346442.2917495,574.2,-0.00543415267020464,0.0921418791636825,0,-50.5287208380792,-53.7575579248803,1619.13541987221,81.4931653866968,-42.9373065930427,1601.52574994628,NaN,NaN,NaN,NaN,NaN,NaN,0,0,0,0,0,0
346442.3022047,571.2,-0.00520046893507242,0.092479576729238,0,-50.5585304422398,-53.7390517177525,1619.06885025901,81.4636020014037,-42.9226872928426,1601.51545378671,NaN,NaN,NaN,NaN,NaN,NaN,0,0,0,0,0,0
346442.3126386,568.2,-0.00567446742206812,0.0919936712831259,0,-50.6145027661434,-53.7075691808745,1619.02293036528,81.3908842373568,-42.9005881423879,1601.50749894743,NaN,NaN,NaN,NaN,NaN,NaN,-0.274500012397766,0.177599996328354,0.944999992847443,-293.239990234375,146.940002441406,867.52001953125
346442.3231259,565.2,-0.00580336712300777,0.0911545366048813,0,-50.6507474400449,-53.6725829159621,1618.9932547822,81.343882747826,-42.8119968298308,1601.51638904199,NaN,NaN,NaN,NaN,NaN,NaN,-0.27810001373291,0.189899995923042,0.941600024700165,-291.839996337891,146.509994506836,858.469970703125
346442.3336539,562.2,-0.00540256081148982,0.0920844454318285,0,-50.6752151134914,-53.6413383161536,1618.95697639278,81.2830422690798,-42.834279589536,1601.52237048494,NaN,NaN,NaN,NaN,NaN,NaN,-0.27649998664856,0.178800001740456,0.944199979305267,-290.429992675781,145.940002441406,851.22998046875
346442.3440998,559.2,-0.00480028707534075,0.0923013695515692,0,-50.7012637715405,-53.5649896389248,1618.94311209187,81.2349830139846,-42.8268601916059,1601.54151442376,NaN,NaN,NaN,NaN,NaN,NaN,-0.281300008296967,0.193599998950958,0.939899981021881,-287.690002441406,144.190002441406,839.309997558594
346442.3547186,556.8,-0.00586574617773294,0.0917446859180927,0,-50.6615854391653,-53.5272798661168,1618.95993533087,81.1787370159268,-42.7481668788456,1601.54733140251,NaN,NaN,NaN,NaN,NaN,NaN,-0.278600007295609,0.180600002408028,0.943300008773804,-285.160003662109,142.589996337891,825.809997558594
346442.3652421,559.8,-0.00526930252090096,0.0913823241367936,0,-50.6678015358109,-53.4745771404223,1618.96046875258,81.1161142672631,-42.6577271165705,1601.53872793066,NaN,NaN,NaN,NaN,NaN,NaN,-0.286100000143051,0.196099996566772,0.937900006771088,-292.049987792969,146.309997558594,841.780029296875
346442.3783425,562.8,-0.00461146607995033,0.0912677453830838,0,-50.6723770504957,-53.3857882732362,1618.99426456719,81.0777023965287,-42.6375978244838,1601.56041870262,NaN,NaN,NaN,NaN,NaN,NaN,0,0,0,0,0,0
346442.3888293,565.8,-0.00475435424596071,0.0914071355015039,0,-50.7179672001547,-53.3032490660384,1618.96245530389,81.0341938406414,-42.6105309835839,1601.57192423558,NaN,NaN,NaN,NaN,NaN,NaN,0,0,0,0,0,0
346442.3994093,568.8,-0.00426850374788046,0.0913405561819673,0,-50.6662891757157,-53.1298263919337,1619.00131160739,80.9716702337132,-42.5365777358251,1601.59828104509,NaN,NaN,NaN,NaN,NaN,NaN,0,0,0,0,0,0
346442.4098852,571.8,-0.00515499245375395,0.0900911124423146,0,-50.7707370134465,-52.9348625791244,1619.00778223116,80.9449831805965,-42.5126898923035,1601.58143025047,NaN,NaN,NaN,NaN,NaN,NaN,0,0,0,0,0,0
346442.4202949,574.8,-0.00466332444921136,0.0904212383553386,0,-50.792116713577,-52.8260972833295,1619.03002429138,80.9185961570525,-42.4431353791339,1601.57233093411,NaN,NaN,NaN,NaN,NaN,NaN,0,0,0,0,0,0
346442.4308474,577.8,-0.00448032049462199,0.090634691901505,0,-50.9012171848841,-52.6515879996448,1619.0544978598,80.8917726377236,-42.3737157282939,1601.57577042559,NaN,NaN,NaN,NaN,NaN,NaN,0,0,0,0,0,0
346442.4414551,580.8,-0.00437916489318013,0.0904311066493392,0,-50.9323076470707,-52.552508131659,1619.04682101002,80.8359065768067,-42.2789099431365,1601.57199749317,NaN,NaN,NaN,NaN,NaN,NaN,0,0,0,0,0,0
346442.4519461,583.8,-0.0046007102355361,0.0907339392229915,0,-50.9961179752101,-52.4212938767885,1619.11969720574,80.7834155395419,-42.2016792387178,1601.56790017094,NaN,NaN,NaN,NaN,NaN,NaN,0,0,0,0,0,0
346442.4624778,586.8,-0.0040736491791904,0.0908622093498707,0,-51.075115758875,-52.3141143049132,1619.12386467928,80.7304068269672,-42.19251854361,1601.60471256983,NaN,NaN,NaN,NaN,NaN,NaN,-0.30009999871254,0.196799993515015,0.933399975299835,-323.260009765625,159.020004272461,901.869995117188
346442.4729377,589.8,-0.00444482313469052,0.0914314076304436,0,-51.192248608674,-52.1951950067739,1619.11292415576,80.6469466750761,-42.146661826946,1601.63839693563,NaN,NaN,NaN,NaN,NaN,NaN,-0.321200013160706,0.1841000020504,0.929000020027161,-380.130004882812,179.789993286133,976.969970703125
346442.4834567,592.8,-0.0041325930505991,0.0906396884471178,0,-51.3194640500069,-52.1101075534291,1619.13371025172,80.5576879143455,-42.0551790001781,1601.65622222289,NaN,NaN,NaN,NaN,NaN,NaN,-0.341800004243851,0.198100000619888,0.918699979782104,-342.299987792969,149.300003051758,842.130004882812
346442.4939538,595.8,-0.00491068325936794,0.0916684040799737,0,-51.4555364677749,-52.0261980148387,1619.16112167932,80.502609564423,-42.1086417388933,1601.73859086388,NaN,NaN,NaN,NaN,NaN,NaN,-0.338600009679794,0.165800005197525,0.926199972629547,-319.130004882812,133.199996948242,777.130004882812
346442.5044413,598.8,-0.00381034822203219,0.0904550993815064,0,-51.6128852635194,-51.8980581950969,1619.21232052916,80.3371441876504,-41.9413886181964,1601.69259837242,NaN,NaN,NaN,NaN,NaN,NaN,-0.338899999856949,0.192800000309944,0.920799970626831,-370.760009765625,160.369995117188,909.359985351562
346442.5182567,601.8,-0.00360715924762189,0.091523839533329,0,-51.7541077691631,-51.8342695876674,1619.26814431778,80.0994228251707,-41.8229127515038,1601.65332615008,NaN,NaN,NaN,NaN,NaN,NaN,0,0,0,0,0,0
346442.5287129,604.8,-0.00385787105187774,0.0914127429947257,0,-51.9372906020333,-51.7235520575075,1619.30276062746,79.9523004954892,-41.7462376635716,1601.67893133223,NaN,NaN,NaN,NaN,NaN,NaN,0,0,0,0,0,0
346442.5391783,607.8,-0.00373149267397821,0.090754677914083,0,-52.0778625954495,-51.6022295458068,1619.35950728954,79.7919957339488,-41.6463759297757,1601.67666521634,NaN,NaN,NaN,NaN,NaN,NaN,0,0,0,0,0,0
346442.5496477,610.8,-0.00388236669823527,0.0909474067389965,0,-52.2022914502436,-51.4970646002886,1619.38433397143,79.7109245042812,-41.4845753602263,1601.75795411383,NaN,NaN,NaN,NaN,NaN,NaN,0,0,0,0,0,0
346442.5601501,613.8,-0.00428955722600222,0.0907093793153763,0,-52.3182330526515,-51.4152272152334,1619.380348618,79.5684318959611,-41.3890536281316,1601.77269717736,NaN,NaN,NaN,NaN,NaN,NaN,0,0,0,0,0,0
346442.5706736,616.8,-0.00398805877193809,0.09109570030123,0,-52.4227574790771,-51.284654718431,1619.40609647014,79.4099539475948,-41.289127331924,1601.79208352446,NaN,NaN,NaN,NaN,NaN,NaN,0,0,0,0,0,0
346442.5811778,619.8,-0.00386534724384546,0.0905174737796187,0,-52.5100113145958,-51.1724011887208,1619.41278771847,79.3556433181905,-41.2271611018541,1601.81433715968,NaN,NaN,NaN,NaN,NaN,NaN,0,0,0,0,0,0
346442.5916687,622.8,-0.00484339147806168,0.0917000755667687,0,-52.734031116019,-51.0273012659458,1619.36352953268,79.2955747656274,-41.0913703929392,1601.860889569,NaN,NaN,NaN,NaN,NaN,NaN,0,0,0,0,0,0
346442.6021129,625.8,-0.00366741931065917,0.0903243724256754,0,-52.8819989360574,-50.917016349363,1619.32482869952,79.1315084371358,-41.1464659424339,1601.79898408213,NaN,NaN,NaN,NaN,NaN,NaN,0,0,0,0,0,0
346442.6125188,628.8,-0.00344890262931585,0.0907691506668925,0,0,0,0,0,0,0,NaN,NaN,NaN,NaN,NaN,NaN,-0.329199999570847,0.172099992632866,0.928399980068207,-281.619995117188,118,683.119995117188
346442.6229859,631.8,-0.00364094576798379,0.0900371413677931,0,-53.1433282361426,-50.6858216695396,1619.25835516005,78.9053479266402,-40.9047952136193,1601.90713540405,NaN,NaN,NaN,NaN,NaN,NaN,-0.328799992799759,0.196600005030632,0.923699975013733,-284.660003662109,119.099998474121,693.140014648438
346442.6334838,634.8,-0.00388479116372764,0.090391724742949,0,-53.2538518926094,-50.578891691386,1619.17234918659,78.8182803949577,-40.8346719120272,1601.8932932777,NaN,NaN,NaN,NaN,NaN,NaN,-0.328099995851517,0.171100005507469,0.929000020027161,-279.339996337891,116.440002441406,679.510009765625
346442.6439513,637.8,-0.00379572506062686,0.0898425256833434,0,-53.2786117094744,-50.4644562269886,1619.09017284265,78.7046260471783,-40.7243570810655,1601.88675715243,NaN,NaN,NaN,NaN,NaN,NaN,-0.327699989080429,0.196099996566772,0.924199998378754,-279.179992675781,116.169998168945,678.679992675781
346442.6543907,640.8,-0.00393539387732744,0.0902679100632668,0,-53.3161304550224,-50.331832590526,1619.02816377106,78.602044711271,-40.7248161846971,1601.81948125935,NaN,NaN,NaN,NaN,NaN,NaN,-0.327699989080429,0.170699998736382,0.929199993610382,-279.059997558594,115.910003662109,679.320007324219
346442.6648262,643.8,-0.00358334532938898,0.0902609381824732,0,0,0,0,0,0,0,NaN,NaN,NaN,NaN,NaN,NaN,-0.323500007390976,0.192699998617172,0.926400005817413,-275.570007324219,114.589996337891,673.179992675781
346442.675281,646.8,-0.00413707550615072,0.0899602588266134,0,0,0,0,0,0,0,NaN,NaN,NaN,NaN,NaN,NaN,-0.327499985694885,0.167199999094009,0.929899990558624,-284.790008544922,116.089996337891,696.039978027344
346442.6857343,649.8,-0.00393683696165681,0.0900060454383493,0,0,0,0,0,0,0,NaN,NaN,NaN,NaN,NaN,NaN,0,0,0,0,0,0
346442.6961848,652.8,-0.0039396365173161,0.0903548592701554,0,0,0,0,0,0,0,NaN,NaN,NaN,NaN,NaN,NaN,0,0,0,0,0,0
346442.7066778,655.8,-0.0037189400754869,0.0894318319857121,0,0,0,0,0,0,0,NaN,NaN,NaN,NaN,NaN,NaN,0,0,0,0,0,0
346442.717101,658.8,-0.00390036287717521,0.0899513861164451,0,0,0,0,0,0,0,NaN,NaN,NaN,NaN,NaN,NaN,0,0,0,0,0,0
346442.7275273,661.8,-0.00251882593147457,0.0898317642509937,0,0,0,0,0,0,0,NaN,NaN,NaN,NaN,NaN,NaN,0,0,0,0,0,0
346442.7383313,664.8,-0.00392097607254982,0.0897357113659382,0,0,0,0,0,0,0,NaN,NaN,NaN,NaN,NaN,NaN,0,0,0,0,0,0
346442.7488202,667.8,-0.00304056005552411,0.0906888138502836,0,-54.2703594185167,-48.5916273315867,1618.99836702073,77.9986246910927,-38.9805525046562,1601.74360339828,NaN,NaN,NaN,NaN,NaN,NaN,0,0,0,0,0,0
346442.759227,670.8,-0.00365964625962079,0.089931401796639,0,0,0,0,0,0,0,NaN,NaN,NaN,NaN,NaN,NaN,0,0,0,0,0,0
346442.7696336,673.8,-0.00400276575237513,0.0896249445155263,0,0,0,0,0,0,0,NaN,NaN,NaN,NaN,NaN,NaN,0,0,0,0,0,0
346442.7804427,676.8,-0.00380720198154449,0.089265650510788,0,0,0,0,0,0,0,NaN,NaN,NaN,NaN,NaN,NaN,0,0,0,0,0,0
346442.790919,679.8,-0.00375704118050635,0.0889670070260763,0,0,0,0,0,0,0,NaN,NaN,NaN,NaN,NaN,NaN,0,0,0,0,0,0
346442.8013776,682.8,-0.00381671776995063,0.0891772884875536,0,0,0,0,0,0,0,NaN,NaN,NaN,NaN,NaN,NaN,0,0,0,0,0,0
346442.8118642,685.8,-0.00381544977426529,0.0886872181668878,0,0,0,0,0,0,0,NaN,NaN,NaN,NaN,NaN,NaN,0,0,0,0,0,0
346442.8224787,688.8,-0.0032378223259002,0.0879252007231116,0,0,0,0,0,0,0,NaN,NaN,NaN,NaN,NaN,NaN,-0.312900006771088,0.18529999256134,0.931500017642975,-370.459991455078,168.470001220703,990.890014648438
346442.8329412,691.8,-0.00308192614465952,0.0884594837203622,0,0,0,0,0,0,0,NaN,NaN,NaN,NaN,NaN,NaN,-0.306699991226196,0.169599995017052,0.936600029468536,-334.489990234375,151.809997558594,898.530029296875
346442.8434834,694.8,-0.00378920533694327,0.0880105070769787,0,0,0,0,0,0,0,NaN,NaN,NaN,NaN,NaN,NaN,-0.304100006818771,0.1942999958992,0.932600021362305,-290.269989013672,132.850006103516,783.429992675781
346442.8539383,697.8,-0.00368410465307534,0.0876887816935778,0,0,0,0,0,0,0,NaN,NaN,NaN,NaN,NaN,NaN,-0.295399993658066,0.178000003099442,0.93860000371933,-310.619995117188,146.850006103516,854.5
346442.8643802,700.8,-0.00345919979736209,0.0876098763197661,0,0,0,0,0,0,0,NaN,NaN,NaN,NaN,NaN,NaN,-0.297100007534027,0.189899995923042,0.935800015926361,-322.459991455078,153.639999389648,899.710021972656
346442.874877,703.8,-0.00352128362283111,0.0871321097016335,0,0,0,0,0,0,0,NaN,NaN,NaN,NaN,NaN,NaN,-0.291700005531311,0.177200004458427,0.939999997615814,-317.459991455078,152.119995117188,889.109985351562
346442.8853084,706.8,-0.00318896630778909,0.0868800453841686,0,0,0,0,0,0,0,NaN,NaN,NaN,NaN,NaN,NaN,-0.293300002813339,0.195500001311302,0.935800015926361,-294.130004882812,142.630004882812,824.239990234375
346442.8958197,709.8,-0.00438811630010605,0.0877454275265336,0,0,0,0,0,0,0,NaN,NaN,NaN,NaN,NaN,NaN,0,0,0,0,0,0
346442.9062571,712.8,-0.00363358110189438,0.0867277555167675,0,0,0,0,0,0,0,NaN,NaN,NaN,NaN,NaN,NaN,0,0,0,0,0,0
346442.9166827,715.8,-0.00288722431287169,0.0874440841376782,0,0,0,0,0,0,0,NaN,NaN,NaN,NaN,NaN,NaN,0,0,0,0,0,0
346442.9271479,718.8,-0.00325855938717723,0.0868353586643934,0,0,0,0,0,0,0,NaN,NaN,NaN,NaN,NaN,NaN,0,0,0,0,0,0
346442.9375858,721.8,-0.00311218621209264,0.0863159442320466,0,0,0,0,0,0,0,NaN,NaN,NaN,NaN,NaN,NaN,0,0,0,0,0,0
346442.9479843,724.8,-0.00355374091304839,0.086566910520196,0,0,0,0,0,0,0,NaN,NaN,NaN,NaN,NaN,NaN,0,0,0,0,0,0
346442.9584108,727.8,-0.0036806499119848,0.0866497749462724,0,0,0,0,0,0,0,NaN,NaN,NaN,NaN,NaN,NaN,0,0,0,0,0,0
346442.9688713,730.8,-0.00383168528787792,0.0865188142284751,0,0,0,0,0,0,0,NaN,NaN,NaN,NaN,NaN,NaN,0,0,0,0,0,0
346442.980112,733.8,-0.0025713739451021,0.0864274663850665,0,-53.4789444221985,-41.6852693999416,1619.53547056604,78.1955245425721,-31.6801823673849,1602.08605721815,NaN,NaN,NaN,NaN,NaN,NaN,0,0,0,0,0,0
346442.9907445,736.8,-0.00379422958940268,0.0857035111635923,0,-53.6160238923681,-41.29744797079,1619.47234063201,78.2012251650088,-31.3557685349466,1602.19231917103,NaN,NaN,NaN,NaN,NaN,NaN,0,0,0,0,0,0
346443.0012469,739.8,-0.00456516398116946,0.0847473790869117,0,-53.5565138802348,-41.0420688520188,1619.40260154478,78.1395782124557,-31.0938841338177,1602.19642243164,NaN,NaN,NaN,NaN,NaN,NaN,0,0,0,0,0,0
346443.0117133,742.8,-0.00378533056937158,0.0848222984001041,0,-53.4573376340257,-40.7556531044999,1619.39333378871,78.1650350744235,-30.7681145477294,1602.23317585925,NaN,NaN,NaN,NaN,NaN,NaN,0,0,0,0,0,0
346443.0224185,745.8,-0.0042444271966815,0.0851277638226748,0,0,0,0,0,0,0,NaN,NaN,NaN,NaN,NaN,NaN,-0.211199998855591,0.187099993228912,0.959399998188019,-187.520004272461,113.76000213623,672.530029296875
346443.0329011,748.8,-0.00455481605604291,0.0853284899145365,0,0,0,0,0,0,0,NaN,NaN,NaN,NaN,NaN,NaN,-0.207699999213219,0.169100001454353,0.963500022888184,-159.740005493164,92.7399978637695,577.739990234375
346443.0433406,751.8,-0.0037636065389961,0.0838011879473925,0,0,0,0,0,0,0,NaN,NaN,NaN,NaN,NaN,NaN,-0.178299993276596,0.157399997115135,0.971300005912781,-113.319999694824,58.1599998474121,421.459991455078
346443.0537559,754.8,-0.00465179746970534,0.0840907901525497,0,0,0,0,0,0,0,NaN,NaN,NaN,NaN,NaN,NaN,-0.185100004076958,0.154899999499321,0.970399975776672,-120.76000213623,65.0199966430664,457.230010986328
346443.0642341,757.8,-0.00515242852270603,0.0847712246701121,0,-54.0958057650172,-39.2475115468698,1619.67520993881,78.1692628696873,-29.7654749342664,1602.35548593884,NaN,NaN,NaN,NaN,NaN,NaN,-0.18979999423027,0.173199996352196,0.966400027275085,-149.440002441406,88.6399993896484,567.669982910156
346443.0746819,760.8,-0.0049244062975049,0.0840444475412369,0,0,0,0,0,0,0,NaN,NaN,NaN,NaN,NaN,NaN,-0.189400002360344,0.162200003862381,0.968400001525879,-136.529998779297,80.0299987792969,525.330017089844
346443.0851823,763.8,-0.00498097948729992,0.0836639445275068,0,0,0,0,0,0,0,NaN,NaN,NaN,NaN,NaN,NaN,-0.168999999761581,0.163100004196167,0.972000002861023,-115.190002441406,65.1500015258789,453.940002441406
346443.0986264,766.8,-0.00483431573957205,0.0839304424822331,0,0,0,0,0,0,0,NaN,NaN,NaN,NaN,NaN,NaN,0,0,0,0,0,0
346443.109369,769.8,-0.00406133523210883,0.0837367497384548,0,0,0,0,0,0,0,NaN,NaN,NaN,NaN,NaN,NaN,0,0,0,0,0,0
346443.1198315,772.8,-0.00444024335592985,0.0842988662421703,0,-53.9768004484402,-37.9524462191603,1618.92183257062,77.9326522406627,-28.3912486194669,1601.95788952025,NaN,NaN,NaN,NaN,NaN,NaN,0,0,0,0,0,0
346443.1303025,775.8,-0.00474151456728578,0.0841314516961575,0,-54.0059865276967,-37.6038682647152,1618.959574885,78.0267359279179,-28.1375949338015,1602.03744479704,NaN,NaN,NaN,NaN,NaN,NaN,0,0,0,0,0,0
346443.1407731,778.8,-0.00499980291351676,0.0834162034094334,0,-54.1276832230784,-37.2787524193694,1618.92810246132,77.958047189757,-27.9781819586258,1601.90073522736,NaN,NaN,NaN,NaN,NaN,NaN,0,0,0,0,0,0
346443.1511637,781.8,-0.00498782005161047,0.0833366852253676,0,-54.1748093698072,-37.0596430022559,1618.9463406422,77.9145762159912,-27.8017020574528,1601.89120917498,NaN,NaN,NaN,NaN,NaN,NaN,0,0,0,0,0,0
346443.1616149,784.8,-0.0045463889837265,0.0833582080900669,0,-54.1340442151422,-36.8231346921019,1618.98086426209,77.8750564007699,-27.4448420055242,1601.84026929079,NaN,NaN,NaN,NaN,NaN,NaN,0,0,0,0,0,0
346443.1720909,787.8,-0.00465903431177139,0.0837448038160801,0,-54.0229774749979,-36.6641904690654,1619.00157151317,77.8785378152647,-27.1284769975991,1601.91592736824,NaN,NaN,NaN,NaN,NaN,NaN,0,0,0,0,0,0
346443.1825719,790.8,-0.00470034265890718,0.0833832271397114,0,-53.9175092655445,-36.1781482843532,1619.22474065552,77.8795462864441,-26.8324216799785,1601.988992647,NaN,NaN,NaN,NaN,NaN,NaN,-0.156200006604195,0.177599996328354,0.971599996089935,-151.470001220703,111.940002441406,707.469970703125
346443.1930379,793.8,-0.00555559480562806,0.0824655987322331,0,-53.8050056774099,-36.1183292366594,1619.02178891044,77.9154883081996,-26.6319208996932,1602.04500171214,NaN,NaN,NaN,NaN,NaN,NaN,-0.164499998092651,0.174400001764297,0.97079998254776,-168.460006713867,129.279998779297,782.5
346443.2035368,796.8,-0.00497011886909604,0.0829333182424307,0,0,0,0,0,0,0,NaN,NaN,NaN,NaN,NaN,NaN,-0.181700006127357,0.201499998569489,0.962499976158142,-214.550003051758,173.240005493164,977.400024414062
346443.2139736,799.8,-0.0052342782728374,0.0832397270947695,0,0,0,0,0,0,0,NaN,NaN,NaN,NaN,NaN,NaN,-0.16949999332428,0.18350000679493,0.968299984931946,-203.039993286133,168.25,951.830017089844
346443.2244527,802.8,-0.00479032518342137,0.083240619301796,0,0,0,0,0,0,0,NaN,NaN,NaN,NaN,NaN,NaN,-0.159400001168251,0.195600003004074,0.967599987983704,-192.710006713867,167.160003662109,956.900024414062
346443.2379784,805.8,-0.00569991674274206,0.0828870818018913,0,0,0,0,0,0,0,NaN,NaN,NaN,NaN,NaN,NaN,0,0,0,0,0,0
346443.2484755,808.8,-0.00520663661882281,0.0824855197221041,0,0,0,0,0,0,0,NaN,NaN,NaN,NaN,NaN,NaN,0,0,0,0,0,0
346443.2589418,811.8,-0.00538499420508742,0.0820862207561731,0,0,0,0,0,0,0,NaN,NaN,NaN,NaN,NaN,NaN,0,0,0,0,0,0
346443.2693694,814.8,-0.00512396171689034,0.0820389468222857,0,0,0,0,0,0,0,NaN,NaN,NaN,NaN,NaN,NaN,0,0,0,0,0,0
346443.279872,817.8,-0.00517845479771495,0.0823029860854149,0,-53.7712454271114,-32.961968107743,1619.83939650399,78.1074399492209,-24.1231327414452,1602.31410641273,NaN,NaN,NaN,NaN,NaN,NaN,0,0,0,0,0,0
346443.2902944,820.8,-0.00501754367724061,0.0815185852348805,0,-53.8312998053011,-32.9598244707198,1619.49461744433,78.0874896515347,-23.8258350087701,1602.36851949576,NaN,NaN,NaN,NaN,NaN,NaN,0,0,0,0,0,0
346443.3008154,823.8,-0.00525567913427949,0.082050022110343,0,-53.8054809918798,-32.6636225264465,1619.61115828964,78.0717434922247,-23.5811455439229,1602.44922271869,NaN,NaN,NaN,NaN,NaN,NaN,0,0,0,0,0,0
346443.3112343,826.8,-0.0061090150848031,0.0825615510344505,0,-53.7550138056541,-32.4309923230824,1619.66163947366,77.9814298397934,-23.1405317279498,1602.47935529032,NaN,NaN,NaN,NaN,NaN,NaN,0,0,0,0,0,0
346443.3216842,829.8,-0.00580328330397606,0.0823142122477293,0,-53.7001286276177,-31.9908134739976,1619.84467331031,78.0753590999921,-22.7581671742824,1602.63771228672,NaN,NaN,NaN,NaN,NaN,NaN,0,0,0,0,0,0
346443.3321392,832.8,-0.00486815720796585,0.0824356380850077,0,-53.6519785167629,-31.6502741571884,1619.91660017562,78.0892526779835,-22.4292948481378,1602.70454516344,NaN,NaN,NaN,NaN,NaN,NaN,0,0,0,0,0,0
346443.3426067,835.8,-0.00577630195766687,0.0818574488162994,0,0,0,0,0,0,0,NaN,NaN,NaN,NaN,NaN,NaN,-0.119599997997284,0.196099996566772,0.973299980163574,-171.089996337891,198.539993286133,1108.26000976562
346443.3530202,838.8,-0.0051766443066299,0.081413284316659,0,0,0,0,0,0,0,NaN,NaN,NaN,NaN,NaN,NaN,-0.116300001740456,0.190599992871284,0.974799990653992,-170.809997558594,205.779998779297,1130.55004882812
346443.3634325,841.8,-0.00512505369260907,0.0818241074681282,0,-53.905094863482,-30.4964268915316,1620.11244483923,78.1508801558991,-21.5301765707974,1602.69653965122,NaN,NaN,NaN,NaN,NaN,NaN,-0.112400002777576,0.193399995565414,0.974699974060059,-170.889999389648,210.809997558594,1171.96997070312
346443.3738803,844.8,-0.0063986461609602,0.0827152863144875,0,-53.8530796433439,-30.3191279297899,1620.27197325446,78.1280300123634,-21.251392015154,1602.80954067338,NaN,NaN,NaN,NaN,NaN,NaN,-0.107400000095367,0.1807000041008,0.977699995040894,-159.369995117188,197.229995727539,1134.89001464844
346443.3844537,847.8,-0.00565555272623897,0.0814856573939323,0,0,0,0,0,0,0,NaN,NaN,NaN,NaN,NaN,NaN,-0.100299999117851,0.184300005435944,0.977699995040894,-142.710006713867,180,1043.43005371094
346443.3980331,850.8,-0.00546534452587366,0.0817194752395153,0,0,0,0,0,0,0,NaN,NaN,NaN,NaN,NaN,NaN,0,0,0,0,0,0
346443.4084586,853.8,-0.00575834698975086,0.0815356433391571,0,-53.5088402089674,-28.9390967902046,1620.28385494541,78.0053375399055,-20.149239108034,1602.7205077532,NaN,NaN,NaN,NaN,NaN,NaN,0,0,0,0,0,0
346443.418905,856.8,-0.0057006343267858,0.0812002144753933,0,-53.4825128760665,-28.6940783000445,1620.27263851252,78.0050883148936,-19.8419038857516,1602.74663800156,NaN,NaN,NaN,NaN,NaN,NaN,0,0,0,0,0,0
346443.4295667,859.8,-0.00535633694380522,0.0810505416244268,0,-53.4915675757869,-28.4266483013319,1620.1839469257,78.0296596989997,-19.3878302744418,1602.67604741708,NaN,NaN,NaN,NaN,NaN,NaN,0,0,0,0,0,0
346443.4400131,862.8,-0.00518350349739194,0.0811288993805647,0,-53.5218728243829,-28.1969907106675,1620.18283603917,78.1029458444966,-19.0919460957521,1602.68465690885,NaN,NaN,NaN,NaN,NaN,NaN,0,0,0,0,0,0
346443.4504109,865.8,-0.00586999487131834,0.0792332015931606,0,-53.5662289022141,-27.9559599675713,1620.20550588854,78.1740350549538,-18.9225735867292,1602.67842009949,NaN,NaN,NaN,NaN,NaN,NaN,0,0,0,0,0,0
346443.4608771,868.8,-0.00523891625925899,0.079374697431922,0,-53.6030848150853,-27.7236330087314,1620.15446186969,78.2380768149124,-18.5496739787258,1602.66626698146,NaN,NaN,NaN,NaN,NaN,NaN,0,0,0,0,0,0
346443.471344,871.8,-0.00499476166442037,0.0801894389092922,0,-53.6528046464394,-27.4511925326281,1620.14430466227,78.2982492063447,-18.3323845634812,1602.76904055765,NaN,NaN,NaN,NaN,NaN,NaN,0,0,0,0,0,0
346443.4817994,874.8,-0.0052161100320518,0.0796150121837854,0,-53.8032200944452,-27.1582418102978,1620.07155288707,78.3260007471146,-18.1598145684075,1602.85315714377,NaN,NaN,NaN,NaN,NaN,NaN,0,0,0,0,0,0
346443.4922124,877.8,-0.00532972952350974,0.0789433535188437,0,-53.7909351169499,-26.9649014739527,1620.05333503212,78.3367167875278,-17.8715650756676,1602.82152831007,NaN,NaN,NaN,NaN,NaN,NaN,0,0,0,0,0,0
346443.5026772,880.8,-0.00532824592664838,0.0789204280823469,0,-53.7194952653124,-26.9483354658947,1619.7829545312,78.3443887942445,-17.6939993311151,1602.81462986599,NaN,NaN,NaN,NaN,NaN,NaN,0,0,0,0,0,0
346443.5131603,883.8,-0.00524346809834242,0.0780706185847521,0,-53.6357711040015,-26.5260697281648,1620.02891013403,78.3409896622424,-17.4961615554373,1602.85815732556,NaN,NaN,NaN,NaN,NaN,NaN,-0.0544000007212162,0.174400001764297,0.983200013637543,-82.1800003051758,157.580001831055,937.400024414062
346443.5236549,886.8,-0.0054740565828979,0.077922922000289,0,-53.5876355156264,-26.3825237207428,1620.00944347611,78.372354236469,-17.3474907436327,1602.8961463605,NaN,NaN,NaN,NaN,NaN,NaN,-0.0467000007629395,0.180600002408028,0.982500016689301,-77.6600036621094,160.410003662109,942.47998046875
346443.5340912,889.8,-0.0059820138849318,0.0784088097512722,0,-53.5163983708088,-26.2104052675846,1619.93402172321,78.3686433959327,-17.0633409876311,1602.85803893934,NaN,NaN,NaN,NaN,NaN,NaN,-0.0456000007688999,0.177100002765656,0.98309999704361,-76.4000015258789,161.899993896484,960.510009765625
346443.5445391,892.8,-0.00548012973740697,0.0775870572775602,0,-53.4928170202947,-26.0925672932284,1619.92433885256,78.4249491200097,-16.7163639011418,1602.79428142698,NaN,NaN,NaN,NaN,NaN,NaN,-0.0419000014662743,0.183799996972084,0.982100009918213,-73.5899963378906,154.559997558594,929.929992675781
346443.5549378,895.8,-0.00559332733973861,0.0779137894511223,0,-53.4931518653722,-26.0091959009896,1619.85952495998,78.4768827474161,-16.5630741191255,1602.78363977337,NaN,NaN,NaN,NaN,NaN,NaN,0,0,0,0,0,0
346443.565451,898.8,-0.00566094322130084,0.0778386428952217,0,-53.4284642462987,-25.7193624987357,1619.79306430444,78.577388088295,-16.2710830116438,1602.8059086321,NaN,NaN,NaN,NaN,NaN,NaN,-0.0458000004291534,0.175999999046326,0.983299970626831,-80.5199966430664,165.360000610352,1009.15002441406
346443.5759403,901.8,-0.00576163455843925,0.0775745067745447,0,-53.3947841071842,-25.348800073956,1619.71939865089,78.5311372078071,-16.0160143003846,1602.69292257105,NaN,NaN,NaN,NaN,NaN,NaN,0,0,0,0,0,0
346443.5863898,904.8,-0.00634248182177544,0.0781238976866007,0,-53.3810184183812,-25.163292535018,1619.63852693874,78.5235357018102,-15.9093376004215,1602.6984198853,NaN,NaN,NaN,NaN,NaN,NaN,0,0,0,0,0,0
346443.5968486,907.8,-0.00595773383975029,0.0778729025274515,0,-53.3648091722615,-24.9593624687989,1619.64057734849,78.5021342009057,-15.7615744932297,1602.67009548614,NaN,NaN,NaN,NaN,NaN,NaN,0,0,0,0,0,0
346443.6072896,910.8,-0.00504197925329208,0.0778173267841339,0,-53.3104682414083,-24.7440948047577,1619.73277839774,78.4403663070576,-15.6338920597202,1602.62451086318,NaN,NaN,NaN,NaN,NaN,NaN,0,0,0,0,0,0
346443.6180805,913.8,-0.00536572653800249,0.0776034783571959,0,-53.2783326532561,-24.5501932048782,1619.82092201734,78.374202801426,-15.5055406897222,1602.62644303432,NaN,NaN,NaN,NaN,NaN,NaN,0,0,0,0,0,0
346443.6285811,916.8,-0.00530273141339421,0.0773054718971252,0,-53.2776924257704,-24.4458309475621,1619.85260560691,78.3958515206835,-15.316546075432,1602.65927226179,NaN,NaN,NaN,NaN,NaN,NaN,0,0,0,0,0,0
346443.6390892,919.8,-0.00589502137154341,0.0772557988762856,0,-53.2573607326237,-24.3222510036627,1619.85943468325,78.3598075007264,-15.2182526751179,1602.67068944629,NaN,NaN,NaN,NaN,NaN,NaN,0,0,0,0,0,0
346443.6495604,922.8,-0.00589200248941779,0.077663416415453,0,-53.3196806531036,-24.2408449669107,1619.83840911999,78.3185133730792,-15.0550107144192,1602.69648717411,NaN,NaN,NaN,NaN,NaN,NaN,0,0,0,0,0,0
346443.6600335,925.8,-0.00572863174602389,0.0769547767937183,0,-53.2866075698522,-24.1719075938138,1619.88799218205,78.2290135034106,-14.9484150461489,1602.65749832095,NaN,NaN,NaN,NaN,NaN,NaN,0,0,0,0,0,0
346443.6704739,928.8,-0.00663779862225056,0.0760869927704334,0,-53.3562453649009,-24.1155524472353,1619.91055796776,78.1701569749009,-14.8561970861986,1602.64469259253,NaN,NaN,NaN,NaN,NaN,NaN,0,0,0,0,0,0
346443.6809767,931.8,-0.00612966762855649,0.0768789485096932,0,-53.3842217503005,-24.051276236234,1619.91674397817,78.1740797658495,-14.8243836926167,1602.72999531201,NaN,NaN,NaN,NaN,NaN,NaN,0,0,0,0,0,0
346443.6914428,934.8,-0.00561437336727977,0.0769222643226385,0,-53.4630484643081,-23.9770206621174,1619.90711357546,78.0666852833046,-14.7290698722743,1602.65122470623,NaN,NaN,NaN,NaN,NaN,NaN,0,0,0,0,0,0
346443.701946,937.8,-0.00606854911893606,0.0767176397144795,0,-53.5344361626716,-23.9547169523222,1619.86470590266,78.0329738267715,-14.6998755636271,1602.7097672896,NaN,NaN,NaN,NaN,NaN,NaN,0,0,0,0,0,0
346443.7124394,940.8,-0.00611759861931205,0.0767202734947205,0,-53.6584404536899,-23.9215125163734,1619.80564044189,77.9854333902377,-14.6850701646408,1602.74871786958,NaN,NaN,NaN,NaN,NaN,NaN,0.00529999984428287,0.159799993038177,0.987100005149841,-22.7099990844727,146.970001220703,961.890014648438
346443.7229037,943.8,-0.00584022840484977,0.0764224085956812,0,-53.7174724801824,-23.8445180256464,1619.82710096621,77.9050131673904,-14.6078642602866,1602.71263263023,NaN,NaN,NaN,NaN,NaN,NaN,0.012699999846518,0.166899994015694,0.985899984836578,-19.6499996185303,142.460006713867,934.390014648438
346443.7333509,946.8,-0.00538175599649549,0.0759956989437342,0,-53.7942521989621,-23.7654717128475,1619.85555140535,77.8874240309351,-14.5569735118848,1602.75427528924,NaN,NaN,NaN,NaN,NaN,NaN,0.0109000001102686,0.156399995088577,0.987600028514862,-15.9399995803833,132.009994506836,877.960021972656
346443.7437988,949.8,-0.00594343757256866,0.0768429324030876,0,-53.8053606455784,-23.6795724086845,1619.90127450107,77.9047871617816,-14.5024990732932,1602.80981650772,NaN,NaN,NaN,NaN,NaN,NaN,0.0216000005602837,0.164299994707108,0.986199975013733,-11.789999961853,131.860000610352,878.590026855469
346443.7542874,952.8,-0.00647061550989747,0.0762345477938652,0,-53.945437690709,-23.6380123759042,1619.82325687099,77.8700947545104,-14.4276585487912,1602.82489641225,NaN,NaN,NaN,NaN,NaN,NaN,0.0192000009119511,0.155499994754791,0.987600028514862,-7.73999977111816,127.720001220703,851.52001953125
346443.7648067,955.8,-0.00598876876756549,0.0771320875734091,0,-53.9204833288834,-23.5601181911836,1619.95254010221,77.8464186261581,-14.4049523531805,1602.83857939966,NaN,NaN,NaN,NaN,NaN,NaN,0.0322999991476536,0.163499996066093,0.986000001430511,-3.51999998092651,122.699996948242,824.559997558594
346443.7753206,958.8,-0.00636163353919983,0.0766170009970665,0,-53.9802088280211,-23.4991605484671,1619.95445791494,77.828093778022,-14.3331717380024,1602.84706720866,NaN,NaN,NaN,NaN,NaN,NaN,0.0307000000029802,0.158299997448921,0.986899971961975,-0.479999989271164,126.940002441406,843.320007324219
346443.7858256,961.8,-0.00723716989159584,0.0777045790106058,0,-54.0415823210699,-23.4326464907615,1620.00391733277,77.8282857281011,-14.1980669118269,1602.86582809274,NaN,NaN,NaN,NaN,NaN,NaN,0,0,0,0,0,0
346443.7962827,964.8,-0.00611164839938283,0.0767835699021816,0,-54.040810175895,-23.3792838843531,1620.07895265143,77.8106723182874,-14.1829741003005,1602.89747935752,NaN,NaN,NaN,NaN,NaN,NaN,0,0,0,0,0,0
346443.806757,967.8,-0.00677857268601656,0.0780070576816797,0,-54.0806917421348,-23.3010405862755,1620.06904059299,77.8046153371265,-14.1202415213426,1602.9195906735,NaN,NaN,NaN,NaN,NaN,NaN,0,0,0,0,0,0
346443.8176905,970.8,-0.00576109392568469,0.0771850723773241,0,-54.0958675667913,-23.2830418307614,1620.09572932396,77.7812660818116,-14.1021453944012,1602.9229505255,NaN,NaN,NaN,NaN,NaN,NaN,0,0,0,0,0,0
346443.8282183,973.8,-0.00583089934661984,0.078085758164525,0,-54.1852026455619,-23.2162577827076,1620.06943945603,77.7647596829558,-14.0870642109181,1602.92914643601,NaN,NaN,NaN,NaN,NaN,NaN,0,0,0,0,0,0
346443.8388252,976.8,-0.00603412045165896,0.0774739928543568,0,-54.3114732373099,-23.1861015346138,1620.04162800195,77.7117311889287,-14.0740623409101,1602.95027833603,NaN,NaN,NaN,NaN,NaN,NaN,0,0,0,0,0,0
346443.8496494,979.8,-0.00602047145366669,0.0779902044683695,0,-54.2633415559994,-23.1415861734942,1620.13759907421,77.6804513486041,-14.0476277012453,1602.98689228057,NaN,NaN,NaN,NaN,NaN,NaN,0,0,0,0,0,0
346443.860236,982.8,-0.00563936261460185,0.0795158393681049,0,-54.3502310149253,-23.0861601008121,1620.16309390577,77.654387056447,-14.0160069619365,1602.9999155989,NaN,NaN,NaN,NaN,NaN,NaN,0,0,0,0,0,0
346443.8706904,985.8,-0.00615032063797116,0.0786210898309946,0,-54.4404997122666,-23.0632505329966,1620.14161874719,77.576359987944,-13.9588830748781,1603.0050082673,NaN,NaN,NaN,NaN,NaN,NaN,0,0,0,0,0,0
346443.8811764,988.8,-0.00518228951841593,0.0791479296982288,0,-54.5096454865662,-23.0318126410779,1620.12445229619,77.4976379843897,-13.9530134025899,1603.0607722593,NaN,NaN,NaN,NaN,NaN,NaN,0,0,0,0,0,0
346443.8916912,991.8,-0.00632521696388721,0.0786644689738751,0,-54.6162982939764,-23.0388099668773,1620.11047732671,77.3677969156895,-13.9409264620473,1603.07846699626,NaN,NaN,NaN,NaN,NaN,NaN,0,0,0,0,0,0
346443.9022286,994.8,-0.00555168371647596,0.0785188734531403,0,-54.7386387452839,-23.016325364446,1620.09794280674,77.2673313863591,-13.9226424917788,1603.11552351676,NaN,NaN,NaN,NaN,NaN,NaN,0,0,0,0,0,0
346443.9129663,997.8,-0.00520929275080562,0.0779011029750109,0,-54.8655091010969,-23.0073761236537,1620.13053888827,77.119246368821,-14.0230685417176,1603.19784717478,NaN,NaN,NaN,NaN,NaN,NaN,0.0768999978899956,0.158000007271767,0.984399974346161,38.0299987792969,120.160003662109,794.719970703125
346443.9234893,1000.8,-0.00552732683718204,0.0791667275130749,0,-55.0554190738901,-23.0015691759903,1620.08778465813,77.0204313727765,-13.9943964323408,1603.2358765579,NaN,NaN,NaN,NaN,NaN,NaN,0.0846000015735626,0.159799993038177,0.983500003814697,40.8300018310547,117.23999786377,783.299987792969
346443.9339158,1003.8,-0.00582298077642918,0.0788560122251511,0,-55.2168970946574,-23.0004664741573,1620.08429941843,76.9036117080776,-13.9298967597247,1603.27780567114,NaN,NaN,NaN,NaN,NaN,NaN,0.0830999985337257,0.156100004911423,0.984200000762939,44.5099983215332,120.940002441406,809.460021972656
346443.9444165,1006.8,-0.00532494019716978,0.0789982214570046,0,-55.3588929252827,-23.0087437868414,1620.09366831255,76.7459984131702,-13.9391094770463,1603.25611612572,NaN,NaN,NaN,NaN,NaN,NaN,0.088299997150898,0.158700004220009,0.983399987220764,48.939998626709,125.360000610352,838.489990234375
346443.9578447,1009.8,-0.00562057550996542,0.0794081076979637,0,-55.5305853337824,-23.0277820666675,1620.12906953486,76.6086013067823,-13.9404980671554,1603.32359679997,NaN,NaN,NaN,NaN,NaN,NaN,0,0,0,0,0,0
346443.9682885,1012.8,-0.00548822712153196,0.0798943027853966,0,-55.6502239976795,-23.0264773813291,1620.1753031294,76.53293768099,-13.9700318705796,1603.36255257912,NaN,NaN,NaN,NaN,NaN,NaN,0,0,0,0,0,0
346443.9787133,1015.8,-0.00514931231737137,0.0794798567891121,0,-55.7584110202058,-23.0129021705625,1620.19789820982,76.4000510344183,-13.9611875417764,1603.46712516242,NaN,NaN,NaN,NaN,NaN,NaN,0,0,0,0,0,0
346443.9891898,1018.8,-0.00510860746726394,0.0797755442559719,0,-55.9778019586249,-23.0041138291603,1620.2279887385,76.1909881876984,-13.9727595675101,1603.49621129949,NaN,NaN,NaN,NaN,NaN,NaN,0,0,0,0,0,0
346443.9996467,1021.8,-0.00537567771971226,0.0802097175270319,0,-56.0794342191968,-23.0013107821276,1620.35992092935,76.1199532980238,-13.943330808297,1603.51697540507,NaN,NaN,NaN,NaN,NaN,NaN,0,0,0,0,0,0
346444.0101195,1024.8,-0.00517492694780231,0.0794538524001837,0,-56.2354311863155,-22.9837006373883,1620.37271895826,76.0292617702666,-13.9426265568526,1603.59450906062,NaN,NaN,NaN,NaN,NaN,NaN,0,0,0,0,0,0
346444.020568,1027.8,-0.00523064145818353,0.0800396487116814,0,-56.3188312057824,-22.9730215247889,1620.48140427952,75.8964665454908,-13.9943402435257,1603.61362003567,NaN,NaN,NaN,NaN,NaN,NaN,0,0,0,0,0,0
346444.0310511,1030.8,-0.00590106938034296,0.0809938445687294,0,-56.3889740269728,-22.9638192824725,1620.5501330051,75.755901280978,-13.9566012593355,1603.69918918009,NaN,NaN,NaN,NaN,NaN,NaN,0,0,0,0,0,0
346444.0415326,1033.8,-0.00556229613721371,0.0800812937319279,0,-56.4846997531105,-22.9187978604931,1620.51743217991,75.5592539915392,-14.0457214271913,1603.72268328199,NaN,NaN,NaN,NaN,NaN,NaN,0,0,0,0,0,0
346444.0519756,1036.8,-0.00410599075257778,0.080165021494031,0,-56.5610508855503,-22.9052851799757,1620.59682452233,75.4717976920807,-14.0300451164535,1603.80371734574,NaN,NaN,NaN,NaN,NaN,NaN,0,0,0,0,0,0
346444.0623734,1039.8,-0.00502124754711986,0.0802131373435259,0,-56.6440067661833,-22.8872799379923,1620.60499338043,75.2939879060451,-14.0463820005007,1603.82219670234,NaN,NaN,NaN,NaN,NaN,NaN,0,0,0,0,0,0
346444.0728165,1042.8,-0.00552045507356524,0.0801580011844635,0,-56.7898570382747,-22.8082803856038,1620.59864677128,75.0992538934577,-14.1207035888762,1603.83455752798,NaN,NaN,NaN,NaN,NaN,NaN,0.127700001001358,0.157600000500679,0.979200005531311,83.0100021362305,123.279998779297,829.650024414062
346444.0832596,1045.8,-0.00552013143897057,0.0799925554543734,0,-56.8599181472625,-22.8146702498072,1620.56319135016,74.9655778794151,-14.1316237415682,1603.84705170991,NaN,NaN,NaN,NaN,NaN,NaN,0.1317999958992,0.157000005245209,0.978799998760223,86.2699966430664,122.300003051758,831.299987792969
346444.0937732,1048.8,-0.00504039460793138,0.0799013342708349,0,-56.9455935736916,-22.8080750570621,1620.56543471223,74.8987121494054,-14.152488452342,1603.82978772138,NaN,NaN,NaN,NaN,NaN,NaN,0.133699998259544,0.153400003910065,0.979099988937378,89.4800033569336,121.019996643066,834.169982910156
346444.1042077,1051.8,-0.00514073064550757,0.0802854396402836,0,-57.0769794522599,-22.7728647696373,1620.54073383282,74.8002396409867,-14.12524923864,1603.80336034914,NaN,NaN,NaN,NaN,NaN,NaN,0.136600002646446,0.155699998140335,0.978299975395203,98.4300003051758,130.149993896484,888.440002441406
346444.1146286,1054.8,-0.00662184320390224,0.0808831885457039,0,-57.1357554586323,-22.7500232839508,1620.55337507225,74.7306829237957,-14.1955847098501,1603.7787111786,NaN,NaN,NaN,NaN,NaN,NaN,0.137799993157387,0.156700000166893,0.977999985218048,110.930000305176,143.850006103516,969.039978027344
346444.125078,1057.8,-0.00528303207829595,0.0797869399189949,0,-57.2096084538507,-22.7379298185529,1620.54514013757,74.6452892894046,-14.2211896063038,1603.75238359533,NaN,NaN,NaN,NaN,NaN,NaN,0.140799999237061,0.157199993729591,0.977500021457672,120.190002441406,150.699996948242,1017.78002929688
346444.1365895,1060.8,-0.00581795442849398,0.0800908621400595,0,-57.2738699489265,-22.755985255345,1620.52748859496,74.5781951874232,-14.2880951073255,1603.76299542836,NaN,NaN,NaN,NaN,NaN,NaN,0,0,0,0,0,0
346444.1470439,1063.8,-0.00521019799634814,0.0802178926765919,0,-57.3542658423676,-22.768622016075,1620.49270970022,74.4950695886755,-14.3304730739191,1603.73270667027,NaN,NaN,NaN,NaN,NaN,NaN,0,0,0,0,0,0
346444.1575397,1066.8,-0.00478478381410241,0.0805370457470417,0,-57.4254727853078,-22.7782490732445,1620.4874652482,74.3951500797344,-14.390724230678,1603.71450904059,NaN,NaN,NaN,NaN,NaN,NaN,0,0,0,0,0,0
346444.1680105,1069.8,-0.00530309416353703,0.0810304325073957,0,-57.5134998814779,-22.7837045740778,1620.47814309031,74.3259237468582,-14.4405189200968,1603.75499988737,NaN,NaN,NaN,NaN,NaN,NaN,0,0,0,0,0,0
346444.1784747,1072.8,-0.00538460351526737,0.0806832857429981,0,-57.5414978680653,-22.8244744921383,1620.46969289825,74.1899555780979,-14.4855078147626,1603.70356069004,NaN,NaN,NaN,NaN,NaN,NaN,0,0,0,0,0,0
346444.1890218,1075.8,-0.00505063310265541,0.0810772333294153,0,-57.6469667934584,-22.8279059998091,1620.45629020927,74.0665447412464,-14.549809494553,1603.67395921589,NaN,NaN,NaN,NaN,NaN,NaN,0,0,0,0,0,0
346444.1995407,1078.8,-0.00553295761346817,0.0809597004204989,0,-57.7136367367783,-22.8820028082997,1620.4556661376,73.8481979334329,-14.6111387151096,1603.59909853233,NaN,NaN,NaN,NaN,NaN,NaN,0,0,0,0,0,0
346444.2100681,1081.8,-0.0051292316056788,0.080579748749733,0,-57.8024492809318,-22.9346062084231,1620.48198367747,73.7325651227961,-14.6398365191222,1603.59184494054,NaN,NaN,NaN,NaN,NaN,NaN,0,0,0,0,0,0
346444.220505,1084.8,-0.00451115053147078,0.0807771183550358,0,-57.869957930791,-22.9831080970769,1620.50930737395,73.6616538188515,-14.6912195827788,1603.6134615339,NaN,NaN,NaN,NaN,NaN,NaN,0,0,0,0,0,0
346444.2309518,1087.8,-0.00484452722594142,0.080679165571928,0,-57.9907592314804,-23.0401839383387,1620.53621537804,73.5463803686284,-14.7128864478112,1603.6175405988,NaN,NaN,NaN,NaN,NaN,NaN,0,0,0,0,0,0
346444.2414135,1090.8,-0.00473782420158386,0.0809832368046045,0,-58.0917189211554,-23.1101186554106,1620.55960046213,73.4517448276181,-14.7714591032399,1603.60789571699,NaN,NaN,NaN,NaN,NaN,NaN,0,0,0,0,0,0
346444.2519405,1093.8,-0.00495092524215579,0.081228694319725,0,-58.2249996535729,-23.1941904014705,1620.59991861268,73.3528085799653,-14.7683719473101,1603.6223854753,NaN,NaN,NaN,NaN,NaN,NaN,0,0,0,0,0,0
346444.2626948,1096.8,-0.00491682952269912,0.0809927642345429,0,-58.3972545800854,-23.2539468112289,1620.67012090539,73.2739310655135,-14.8680231878987,1603.71183643272,NaN,NaN,NaN,NaN,NaN,NaN,0,0,0,0,0,0
346444.2731876,1099.8,-0.00452614249661565,0.081528602540493,0,-58.6282867082016,-23.3854742067024,1620.68062351086,73.1571189165015,-14.9633873509454,1603.72344419725,NaN,NaN,NaN,NaN,NaN,NaN,0.183100000023842,0.157800003886223,0.970300018787384,167.889999389648,148.179992675781,1030.48999023438
346444.2837374,1102.8,-0.00519010331481695,0.0811041131615639,0,-58.776345918672,-23.4454270456361,1620.71847477503,73.0791550338941,-15.0122883063983,1603.70942297571,NaN,NaN,NaN,NaN,NaN,NaN,0.185599997639656,0.157600000500679,0.969900012016296,174.639999389648,152.949996948242,1050.51000976562
346444.2941933,1105.8,-0.00477406289428473,0.0807411301881075,0,-58.918155789461,-23.538233146056,1620.74571021541,72.9944381458687,-15.1575953981764,1603.70632600405,NaN,NaN,NaN,NaN,NaN,NaN,0.187399998307228,0.158199995756149,0.969500005245209,180.160003662109,156.690002441406,1067.51000976562
346444.3046863,1108.8,-0.00432814797386527,0.0808265008032322,0,-59.0065838406762,-23.5918552197875,1620.75435108071,72.8783351572562,-15.2916256394508,1603.70378088481,NaN,NaN,NaN,NaN,NaN,NaN,0.192399993538857,0.158899992704391,0.968400001525879,181.059997558594,155.179992675781,1040.05004882812
346444.3176813,1111.8,-0.00490546459332108,0.0809023067355156,0,0,0,0,0,0,0,NaN,NaN,NaN,NaN,NaN,NaN,0,0,0,0,0,0
346444.3281637,1114.8,-0.00327708479017019,0.0810605701059103,0,0,0,0,0,0,0,NaN,NaN,NaN,NaN,NaN,NaN,0,0,0,0,0,0
346444.3385763,1117.8,-0.00447500264272094,0.0805239699780941,0,-59.4690629635866,-23.8346551379857,1620.65229326099,72.4532498494257,-15.4862508964214,1603.69867819182,NaN,NaN,NaN,NaN,NaN,NaN,0,0,0,0,0,0
346444.3489775,1120.8,-0.00525342766195536,0.0799036420881748,0,-59.5688732933116,-23.8921228011903,1620.65086876052,72.3495576719989,-15.4894725526553,1603.69746876329,NaN,NaN,NaN,NaN,NaN,NaN,0,0,0,0,0,0
346444.359422,1123.8,-0.00463536661118269,0.0813137240707874,0,-59.6835081140099,-23.9388312743343,1620.60964780655,72.1290325886417,-15.5098760016139,1603.68765479984,NaN,NaN,NaN,NaN,NaN,NaN,0,0,0,0,0,0
346444.3699127,1126.8,-0.00450021773576736,0.0809347651898861,0,-59.730562698885,-23.9927061064076,1620.62666104029,72.0504643709036,-15.6055845767251,1603.72757622792,NaN,NaN,NaN,NaN,NaN,NaN,0,0,0,0,0,0
346444.3803984,1129.8,-0.00446891831234097,0.0811472240835428,0,-59.9116955624794,-24.050614199663,1620.54155567402,71.9473858470652,-15.6614717908328,1603.7355745539,NaN,NaN,NaN,NaN,NaN,NaN,0,0,0,0,0,0
346444.391015,1132.8,-0.00374238123185933,0.0804692398756743,0,-60.005491751093,-24.1035615355644,1620.4791797496,71.8477708158233,-15.6449533119605,1603.72781077232,NaN,NaN,NaN,NaN,NaN,NaN,0,0,0,0,0,0
346444.4014941,1135.8,-0.00430100690573454,0.0809933044016361,0,-60.3430562646397,-24.3704737808105,1620.18886542257,71.684560989454,-15.7064022825005,1603.71316886989,NaN,NaN,NaN,NaN,NaN,NaN,0,0,0,0,0,0
346444.4119484,1138.8,-0.00331863039173186,0.082644896954298,0,-60.41378824008,-24.4585770819593,1620.14243503454,71.4628271513647,-15.7981389892436,1603.6654330606,NaN,NaN,NaN,NaN,NaN,NaN,0,0,0,0,0,0
346444.4224403,1141.8,-0.00415226398035884,0.0815511927008629,0,-60.4161804525177,-24.3228547232054,1620.34315558449,71.2534569980267,-15.9457099136962,1603.64662435292,NaN,NaN,NaN,NaN,NaN,NaN,0.247099995613098,0.157600000500679,0.956099987030029,217.820007324219,139.470001220703,932.840026855469
346444.4328474,1144.8,-0.00384889077395201,0.0816610235720873,0,-60.58234296114,-24.3790364669814,1620.35350776982,71.0955731904511,-15.9760113107794,1603.69748887745,NaN,NaN,NaN,NaN,NaN,NaN,0.269400000572205,0.163200005888939,0.949100017547607,214.259994506836,124.319999694824,838.719970703125
346444.4432955,1147.8,-0.00408164830878377,0.0816983081400394,0,-60.7826328309762,-24.4338568721755,1620.33510574123,70.9135222652186,-16.027113767851,1603.68752158364,NaN,NaN,NaN,NaN,NaN,NaN,0.270000010728836,0.153400003910065,0.950600028038025,233.630004882812,133.490005493164,895.02001953125
346444.4537512,1150.8,-0.00422600703313947,0.081656176969409,0,-60.9984727204738,-24.488474967827,1620.35387676749,70.715321363489,-16.1015654193002,1603.69825153692,NaN,NaN,NaN,NaN,NaN,NaN,0.272899985313416,0.160999998450279,0.948499977588654,241.460006713867,139.410003662109,920.130004882812
346444.4642605,1153.8,-0.00418848637491465,0.0824605919420719,0,-61.181222594137,-24.5799675833022,1620.46195045214,70.5961568043151,-16.1630750935412,1603.77363578878,NaN,NaN,NaN,NaN,NaN,NaN,0.269400000572205,0.156299993395805,0.950200021266937,245.979995727539,144.710006713867,933.619995117188
346444.4776459,1156.8,-0.00415585422888398,0.0816744364798069,0,-61.5465678668905,-24.6927711899551,1620.5632310299,70.442200691376,-16.2380423434162,1603.80092532291,NaN,NaN,NaN,NaN,NaN,NaN,0,0,0,0,0,0
346444.4880494,1159.8,-0.00370114692486823,0.0815629404038191,0,-61.7291443682844,-24.7441729343945,1620.59317488823,70.3248690722281,-16.2882607516263,1603.83253801576,NaN,NaN,NaN,NaN,NaN,NaN,0,0,0,0,0,0
346444.4984639,1162.8,-0.00347206112928689,0.0817847460508347,0,-61.8022340728891,-24.8300251080652,1620.6410648764,70.156320176492,-16.3732276086039,1603.86680454718,NaN,NaN,NaN,NaN,NaN,NaN,0,0,0,0,0,0
346444.5089693,1165.8,-0.00368851376697421,0.0809989556670189,0,0,0,0,0,0,0,NaN,NaN,NaN,NaN,NaN,NaN,0,0,0,0,0,0
346444.5194572,1168.8,-0.00411277776584029,0.0820239190012217,0,0,0,0,0,0,0,NaN,NaN,NaN,NaN,NaN,NaN,0,0,0,0,0,0
346444.5307424,1171.8,-0.00322671141475439,0.0807627610862255,0,-62.0985327703329,-24.9991303549584,1620.58733549707,69.5227192288295,-16.6191698525845,1603.88330671393,NaN,NaN,NaN,NaN,NaN,NaN,0,0,0,0,0,0
346444.5411916,1174.8,-0.00307619199156761,0.0814945720136166,0,-62.179980294089,-25.0471878529218,1620.58873208493,69.4047754097756,-16.6767454358292,1603.83153663672,NaN,NaN,NaN,NaN,NaN,NaN,0,0,0,0,0,0
346444.551675,1177.8,-0.003519122954458,0.0814384467899799,0,-62.2137752494032,-25.1189556736976,1620.61169171719,69.3240386920494,-16.7374189985828,1603.8393773231,NaN,NaN,NaN,NaN,NaN,NaN,0,0,0,0,0,0
346444.5621813,1180.8,-0.00337358633987606,0.0812030587345362,0,-62.3557575207263,-25.1901702884623,1620.56654063908,69.1811119475081,-16.7984861661297,1603.82915936689,NaN,NaN,NaN,NaN,NaN,NaN,0,0,0,0,0,0
346444.5726998,1183.8,-0.00414425740018487,0.0811747595667839,0,-62.8942145378503,-25.3124396071728,1620.29761500872,68.9477373844543,-16.9011891580266,1603.85562733699,NaN,NaN,NaN,NaN,NaN,NaN,0.295300006866455,0.164700001478195,0.941100001335144,239.970001220703,114.599998474121,824.859985351562
346444.5837042,1186.8,-0.00371114653535187,0.0816221296787262,0,0,0,0,0,0,0,NaN,NaN,NaN,NaN,NaN,NaN,0.301699995994568,0.156100004911423,0.940599977970123,241.880004882812,115.410003662109,824.489990234375
346444.5941464,1189.8,-0.00248406827449799,0.0810492619872093,0,-63.5090881296132,-25.4357023713638,1620.14186103622,68.3779860605674,-17.1430441633966,1603.91016511073,NaN,NaN,NaN,NaN,NaN,NaN,0.302700012922287,0.162900000810623,0.939000010490417,242.039993286133,116.069999694824,817.049987792969
346444.6046602,1192.8,-0.00247894180938601,0.0812988825142384,0,-63.7741314448939,-25.5370698115439,1620.10161555561,68.1289179178287,-17.208209950596,1603.91541972225,NaN,NaN,NaN,NaN,NaN,NaN,0.307399988174438,0.156700000166893,0.93860000371933,240.970001220703,113.680000305176,804.169982910156
346444.6151286,1195.8,-0.00276463129557669,0.0806925542652607,0,-63.9706311845375,-25.6471512502981,1620.14085711005,67.9709851413866,-17.2542984893324,1603.85695344662,NaN,NaN,NaN,NaN,NaN,NaN,0.309899985790253,0.158099994063377,0.9375,245.389999389648,115.730003356934,809.72998046875
346444.6256288,1198.8,-0.00229691690765321,0.080945659801364,0,-64.1424866550505,-25.7227244329163,1620.08678813173,67.848666762672,-17.2884412841422,1603.78791272894,NaN,NaN,NaN,NaN,NaN,NaN,0.314300000667572,0.157199993729591,0.936200022697449,240.759994506836,113.550003051758,782.700012207031
346444.6374255,1201.8,-0.00303748110309243,0.0808656070381403,0,-64.3178650042327,-25.8590620427443,1620.09776410272,67.6366846369029,-17.3700469763968,1603.69780869422,NaN,NaN,NaN,NaN,NaN,NaN,0,0,0,0,0,0
346444.6478897,1204.8,-0.00216235732659698,0.0808422345668078,0,0,0,0,0,0,0,NaN,NaN,NaN,NaN,NaN,NaN,0,0,0,0,0,0
346444.6583441,1207.8,-0.00110938062425703,0.0823489412665367,0,0,0,0,0,0,0,NaN,NaN,NaN,NaN,NaN,NaN,0,0,0,0,0,0
346444.6687914,1210.8,-0.00204458623193204,0.0813655130565167,0,0,0,0,0,0,0,NaN,NaN,NaN,NaN,NaN,NaN,0,0,0,0,0,0
346444.6793719,1213.8,-0.00137546332553029,0.0813473410904408,0,-64.8581515588088,-26.3169281083601,1620.22503853367,66.6619352994204,-17.7567422996442,1603.67510762111,NaN,NaN,NaN,NaN,NaN,NaN,0,0,0,0,0,0
346444.6898928,1216.8,-0.00151151663158089,0.0814864080399275,0,-65.0365760734207,-26.4480206607498,1620.20601976206,66.5072841572085,-17.7796289125693,1603.66597427593,NaN,NaN,NaN,NaN,NaN,NaN,0,0,0,0,0,0
346444.7003831,1219.8,-0.00167349691037089,0.0815615694969893,0,-65.1406808446404,-26.5898775594855,1620.17659285282,66.346454657248,-17.855170271756,1603.68308092239,NaN,NaN,NaN,NaN,NaN,NaN,0,0,0,0,0,0
346444.7107898,1222.8,-0.00219577481038868,0.0820681549608707,0,-65.2649357859035,-26.7064766148278,1620.17739273099,66.2308259289402,-17.9668471840288,1603.74012672988,NaN,NaN,NaN,NaN,NaN,NaN,0,0,0,0,0,0
346444.7213364,1225.8,-0.000757824629545212,0.0816260598599911,0,-65.5977361762964,-27.0613557640525,1619.93775721624,66.0996266526879,-18.0533467672219,1603.77979391993,NaN,NaN,NaN,NaN,NaN,NaN,0,0,0,0,0,0
346444.7317989,1228.8,-0.00117600173689425,0.0821268673986197,0,-65.741707800357,-26.9735756916413,1620.15853679275,65.8902546811127,-18.1917237722247,1603.79993524363,NaN,NaN,NaN,NaN,NaN,NaN,0,0,0,0,0,0
346444.7423448,1231.8,-0.00209065969102085,0.0820757545530796,0,-66.0086672058993,-27.0566811081411,1620.1853388635,65.6004786199762,-18.3167912146397,1603.78656151883,NaN,NaN,NaN,NaN,NaN,NaN,0,0,0,0,0,0
346444.7528125,1234.8,-0.000980284065008163,0.0815853759646416,0,-66.3987087953276,-27.2313996686285,1620.20394920175,65.3701514778335,-18.5037770826341,1603.9321744363,NaN,NaN,NaN,NaN,NaN,NaN,0.35479998588562,0.158500000834465,0.921400010585785,261.109985351562,112.519996643066,726.010009765625
346444.7632806,1237.8,-0.00142293574754149,0.081523334980011,0,-66.5385323471314,-27.3608785124635,1620.18984140106,65.2009138754272,-18.658821355914,1603.90939562718,NaN,NaN,NaN,NaN,NaN,NaN,0.350300014019012,0.153500005602837,0.924000024795532,255.080001831055,110.389999389648,696.330017089844
346444.7736805,1240.8,-0.000528126722201705,0.0807797092944384,0,0,0,0,0,0,0,NaN,NaN,NaN,NaN,NaN,NaN,0.360199987888336,0.158500000834465,0.919300019741058,256.480010986328,110.199996948242,695.900024414062
346444.7841971,1243.8,-0.000782449555117637,0.0816017914563417,0,0,0,0,0,0,0,NaN,NaN,NaN,NaN,NaN,NaN,0.353500008583069,0.151999995112419,0.922999978065491,255.259994506836,108.099998474121,688.150024414062
346444.7975739,1246.8,-0.000623026804532856,0.081799541041255,0,-66.9657873210247,-28.1489488913585,1620.06526904672,64.728081089228,-19.2689956853746,1604.04945512116,NaN,NaN,NaN,NaN,NaN,NaN,0,0,0,0,0,0
346444.8080443,1249.8,-0.000676433672197163,0.0815559480339289,0,-67.0770176425567,-28.4445465445007,1620.00722088345,64.5040838689376,-19.4223644019875,1604.07770711939,NaN,NaN,NaN,NaN,NaN,NaN,0,0,0,0,0,0
346444.8184977,1252.8,-0.00068022939376533,0.0816395100206137,0,-67.323300694489,-28.9205663060712,1619.89213014591,64.3358954202888,-19.5995924878819,1604.04536321792,NaN,NaN,NaN,NaN,NaN,NaN,0,0,0,0,0,0
346444.8289062,1255.8,-0.0008608847274445,0.0823040440678597,0,-67.5616158683329,-29.063705424717,1619.88787534284,64.1406747663484,-19.6857316781243,1604.04378011157,NaN,NaN,NaN,NaN,NaN,NaN,0,0,0,0,0,0
346444.839326,1258.8,-0.000441228796262294,0.0816071353852749,0,-67.7236841439201,-29.1513068768226,1620.04162993868,63.9397596336523,-19.90797328483,1603.9937318765,NaN,NaN,NaN,NaN,NaN,NaN,0,0,0,0,0,0
346444.8497677,1261.8,-0.00100892432965338,0.082938239350915,0,0,0,0,0,0,0,NaN,NaN,NaN,NaN,NaN,NaN,0,0,0,0,0,0
346444.860182,1264.8,0.000199430898646824,0.0818684924393892,0,0,0,0,0,0,0,NaN,NaN,NaN,NaN,NaN,NaN,0,0,0,0,0,0
346444.8707686,1267.8,0.000509119185153395,0.0825604986399412,0,0,0,0,0,0,0,NaN,NaN,NaN,NaN,NaN,NaN,0,0,0,0,0,0
346444.8812661,1270.8,-0.000439795345300809,0.0821797646582127,0,-68.7232557662197,-29.7664813231959,1619.84603177873,63.3351841275567,-20.6042333277984,1603.6949482974,NaN,NaN,NaN,NaN,NaN,NaN,0,0,0,0,0,0
346444.8917357,1273.8,0.000102574660559185,0.082700539752841,0,-68.9047909270236,-29.9916497230128,1619.74863605836,63.1424339720556,-20.8215937988324,1603.60322841488,NaN,NaN,NaN,NaN,NaN,NaN,0,0,0,0,0,0
346444.9022812,1276.8,0.000302506377920508,0.0829216971993446,0,0,0,0,0,0,0,NaN,NaN,NaN,NaN,NaN,NaN,0,0,0,0,0,0
346444.9127482,1279.8,0.000400204880861565,0.0832983855158091,0,0,0,0,0,0,0,NaN,NaN,NaN,NaN,NaN,NaN,0.390100002288818,0.14190000295639,0.909699976444244,247.070007324219,86.3600006103516,604.900024414062
346444.9232527,1282.8,0.000726629630662501,0.0838427770882845,0,0,0,0,0,0,0,NaN,NaN,NaN,NaN,NaN,NaN,0.391299992799759,0.142599999904633,0.909200012683868,252.669998168945,88.9700012207031,611.400024414062
346444.9337193,1285.8,0.000529094249941409,0.0825032837688923,0,-69.3692908161359,-30.8072420622876,1619.54923005558,62.396427751622,-21.2839185515592,1603.58723442531,NaN,NaN,NaN,NaN,NaN,NaN,0.397899985313416,0.145600005984306,0.905799984931946,253.690002441406,89.0400009155273,606.640014648438
346444.9442019,1288.8,0.000274335674475878,0.0838603492826223,0,-69.5309616251809,-30.9377334268627,1619.5314547767,62.1997285729817,-21.4198882388597,1603.6084944315,NaN,NaN,NaN,NaN,NaN,NaN,0.395599991083145,0.145500004291534,0.906799972057343,247.910003662109,88,582.179992675781
346444.9557916,1291.8,0.000676599040161818,0.0833734016865492,0,0,0,0,0,0,0,NaN,NaN,NaN,NaN,NaN,NaN,0.402599990367889,0.149399995803833,0.90310001373291,266.040008544922,94.7699966430664,626.190002441406
346444.9664137,1294.8,-0.000271469732979313,0.0849247401580215,0,0,0,0,0,0,0,NaN,NaN,NaN,NaN,NaN,NaN,0,0,0,0,0,0
346444.976864,1297.8,0.000869763782247901,0.0837602563202381,0,0,0,0,0,0,0,NaN,NaN,NaN,NaN,NaN,NaN,0,0,0,0,0,0
346444.9873096,1300.8,0.00250114779919386,0.083801981434226,0,0,0,0,0,0,0,NaN,NaN,NaN,NaN,NaN,NaN,0,0,0,0,0,0
346444.9977337,1303.8,0.0015435143141076,0.0836724605411291,0,-70.3865222114229,-31.4777380014111,1619.65670282164,61.327372258536,-21.9657756669428,1603.56010447352,NaN,NaN,NaN,NaN,NaN,NaN,0,0,0,0,0,0
346445.0087768,1306.8,0.00103690556716174,0.0841876290738583,0,-70.4376355298808,-31.5257012249906,1619.64911184156,61.2583453118101,-21.9863471914601,1603.5529227353,NaN,NaN,NaN,NaN,NaN,NaN,0,0,0,0,0,0
346445.0192947,1309.8,0.00135231646709144,0.0839857239276171,0,-70.8845189975524,-31.7719025552339,1619.72378675722,60.8028664297167,-22.1576668436114,1603.6450781092,NaN,NaN,NaN,NaN,NaN,NaN,0,0,0,0,0,0
346445.0297264,1312.8,0.00171319046057761,0.0842991717159748,0,0,0,0,0,0,0,NaN,NaN,NaN,NaN,NaN,NaN,0,0,0,0,0,0
346445.0401733,1315.8,0.00167887751013041,0.0842617604881525,0,0,0,0,0,0,0,NaN,NaN,NaN,NaN,NaN,NaN,0,0,0,0,0,0
346445.0506632,1318.8,0.000585863133892417,0.0851697282865644,0,0,0,0,0,0,0,NaN,NaN,NaN,NaN,NaN,NaN,0,0,0,0,0,0
346445.0617468,1321.8,0.00177250010892749,0.0846245599910617,0,0,0,0,0,0,0,NaN,NaN,NaN,NaN,NaN,NaN,0,0,0,0,0,0
346445.0722157,1324.8,0.00295688048936427,0.0839252848178148,0,0,0,0,0,0,0,NaN,NaN,NaN,NaN,NaN,NaN,0,0,0,0,0,0
346445.0826909,1327.8,0.00220025097951293,0.0848274318501353,0,-71.8539013360404,-32.117038158284,1619.79353705081,59.6178700261512,-22.6244417040573,1604.11314755723,NaN,NaN,NaN,NaN,NaN,NaN,0.434700012207031,0.174099996685982,0.883599996566772,219.75,69.879997253418,480.190002441406
346445.0931553,1330.8,0.00241079274564981,0.0847326874732971,0,-72.0284119114085,-32.1817901872946,1619.84700692159,59.4665741494449,-22.6048667110546,1604.08219137508,NaN,NaN,NaN,NaN,NaN,NaN,0.435999989509583,0.17849999666214,0.882099986076355,217.279998779297,68.2900009155273,470.899993896484
346445.1035949,1333.8,0.0026215782854706,0.0850072534754872,0,-72.280263431155,-32.234433748382,1619.86998129154,59.3622882694283,-22.6677421520086,1604.1237614073,NaN,NaN,NaN,NaN,NaN,NaN,0.43860000371933,0.175400003790855,0.881399989128113,217.830001831055,67.6699981689453,469.529998779297
346445.1139821,1336.8,0.00269605359062552,0.0848717553541064,0,-72.4413661219841,-32.2749987248209,1619.9125429652,59.2543935842358,-22.6874517756026,1604.13410251134,NaN,NaN,NaN,NaN,NaN,NaN,0.440400004386902,0.178299993276596,0.879899978637695,215.740005493164,66.2699966430664,461.480010986328
346445.1243943,1339.8,0.00291542639024556,0.0849072163924575,0,-72.5520939744412,-32.313894628903,1619.93050468254,59.1519724384736,-22.7166447505242,1604.18416609628,NaN,NaN,NaN,NaN,NaN,NaN,0.44650000333786,0.17509999871254,0.877499997615814,208.300003051758,62.4300003051758,440.25
346445.1348441,1342.8,0.00331741524860263,0.0845161773264408,0,-72.7051561946264,-32.3390755108961,1619.9765890427,59.0461739938985,-22.7055582186793,1604.17672723289,NaN,NaN,NaN,NaN,NaN,NaN,0.447100013494492,0.180299997329712,0.87610000371933,212.160003662109,64.3899993896484,445.200012207031
346445.1452778,1345.8,0.00314608076587319,0.0848523801192641,0,-72.8484491336146,-32.364064201274,1619.98894073952,58.9583912035667,-22.7975064205211,1604.20720417328,NaN,NaN,NaN,NaN,NaN,NaN,0.451200008392334,0.174999997019768,0.875100016593933,217.110000610352,67,452.730010986328
346445.1557107,1348.8,0.00356892985291779,0.085139349475503,0,0,0,0,0,0,0,NaN,NaN,NaN,NaN,NaN,NaN,0,0,0,0,0,0
346445.1661485,1351.8,0.00335876038298011,0.0852829212322831,0,0,0,0,0,0,0,NaN,NaN,NaN,NaN,NaN,NaN,0,0,0,0,0,0
346445.1766437,1354.8,0.00329371402040124,0.0850919423624873,0,0,0,0,0,0,0,NaN,NaN,NaN,NaN,NaN,NaN,0,0,0,0,0,0
346445.1871146,1357.8,0.00403282232582569,0.0843861917033792,0,0,0,0,0,0,0,NaN,NaN,NaN,NaN,NaN,NaN,0,0,0,0,0,0
346445.197744,1360.8,0.00345637951977551,0.0852074440568686,0,0,0,0,0,0,0,NaN,NaN,NaN,NaN,NaN,NaN,0,0,0,0,0,0
346445.2081563,1363.2,0.0031848531216383,0.0857649654150009,0,0,0,0,0,0,0,NaN,NaN,NaN,NaN,NaN,NaN,0,0,0,0,0,0
346445.2185788,1360.2,0.00442464184015989,0.0845570418983698,0,0,0,0,0,0,0,NaN,NaN,NaN,NaN,NaN,NaN,0,0,0,0,0,0
346445.2290724,1357.2,0.00340670184232295,0.0851958574727178,0,0,0,0,0,0,0,NaN,NaN,NaN,NaN,NaN,NaN,0,0,0,0,0,0
346445.2402357,1354.2,0.00324556161649525,0.0851759495213628,0,0,0,0,0,0,0,NaN,NaN,NaN,NaN,NaN,NaN,0,0,0,0,0,0
346445.2507367,1351.2,0.00348880817182362,0.0855893850326538,0,0,0,0,0,0,0,NaN,NaN,NaN,NaN,NaN,NaN,0,0,0,0,0,0
346445.2613027,1348.2,0.00380177795886993,0.0854872403666377,0,0,0,0,0,0,0,NaN,NaN,NaN,NaN,NaN,NaN,0,0,0,0,0,0
346445.2718402,1345.2,0.00377124920487404,0.0858687007799745,0,0,0,0,0,0,0,NaN,NaN,NaN,NaN,NaN,NaN,0,0,0,0,0,0
346445.282282,1342.2,0.00376929412595928,0.0857255900278688,0,0,0,0,0,0,0,NaN,NaN,NaN,NaN,NaN,NaN,0,0,0,0,0,0
346445.2927365,1339.2,0.00335238897241652,0.0848769260570407,0,0,0,0,0,0,0,NaN,NaN,NaN,NaN,NaN,NaN,0.475800007581711,0.197200000286102,0.857200026512146,185.029998779297,49.1599998474121,349.25
346445.3032164,1336.2,0.00362667953595519,0.0856170546263456,0,0,0,0,0,0,0,NaN,NaN,NaN,NaN,NaN,NaN,0.479000002145767,0.18970000743866,0.857100009918213,196.619995117188,54.1699981689453,373.359985351562
346445.3135987,1333.2,0.00319131929427385,0.0853645330294967,0,0,0,0,0,0,0,NaN,NaN,NaN,NaN,NaN,NaN,0.473100006580353,0.1891999989748,0.860400021076202,208.419998168945,57.2799987792969,398.290008544922
346445.3240321,1330.2,0.00299653341062367,0.0852557750418782,0,0,0,0,0,0,0,NaN,NaN,NaN,NaN,NaN,NaN,0.474000006914139,0.17790000140667,0.862399995326996,223.080001831055,61.3499984741211,430.160003662109
346445.3344617,1327.2,0.00314868381246924,0.0856282649561763,0,0,0,0,0,0,0,NaN,NaN,NaN,NaN,NaN,NaN,0.467900007963181,0.177799999713898,0.865700006484985,239.279998779297,66.6999969482422,465.790008544922
346445.3449011,1324.2,0.00350538524799049,0.0857157487422228,0,0,0,0,0,0,0,NaN,NaN,NaN,NaN,NaN,NaN,0.467400014400482,0.166800007224083,0.8682000041008,260.549987792969,73.9000015258789,512.359985351562
346445.3553249,1321.2,0.0030683025252074,0.0854087941348553,0,0,0,0,0,0,0,NaN,NaN,NaN,NaN,NaN,NaN,0.463200002908707,0.165099993348122,0.870700001716614,274.790008544922,77.2399978637695,544.510009765625
346445.3657511,1318.2,0.0033762389793992,0.0855583915486932,0,0,0,0,0,0,0,NaN,NaN,NaN,NaN,NaN,NaN,0,0,0,0,0,0
346445.3761956,1315.2,0.00193380424752831,0.0852061532437801,0,0,0,0,0,0,0,NaN,NaN,NaN,NaN,NaN,NaN,0,0,0,0,0,0
346445.3868325,1312.2,0.00273521547205746,0.0849203452467918,0,0,0,0,0,0,0,NaN,NaN,NaN,NaN,NaN,NaN,0,0,0,0,0,0
346445.3972642,1309.2,0.00310065038502216,0.0850037004798651,0,0,0,0,0,0,0,NaN,NaN,NaN,NaN,NaN,NaN,0,0,0,0,0,0
346445.4077081,1306.2,0.00306642614305019,0.0845836795866489,0,0,0,0,0,0,0,NaN,NaN,NaN,NaN,NaN,NaN,0,0,0,0,0,0
346445.4181683,1303.2,0.00301386648789048,0.084235867857933,0,-75.4095409974679,-30.5951083188116,1620.03888239952,56.046802986274,-21.4992270976193,1604.67615897323,NaN,NaN,NaN,NaN,NaN,NaN,0,0,0,0,0,0
346445.4286648,1300.2,0.00275457953102887,0.0847817039117217,0,-75.4497853127414,-30.5083971952422,1620.01303390377,55.9646268007541,-21.3739528251239,1604.66237111683,NaN,NaN,NaN,NaN,NaN,NaN,0,0,0,0,0,0
346445.4400022,1297.2,0.00171646743547171,0.0859119793400168,0,-75.4940546786963,-30.3701589798728,1619.97689370361,55.9417283041488,-21.2120977689973,1604.69633741853,NaN,NaN,NaN,NaN,NaN,NaN,0,0,0,0,0,0
346445.4504744,1294.2,0.00235471851192415,0.0844610253348947,0,-75.5328548053533,-30.2739695257122,1619.96678087053,55.9422632407847,-21.1366113661412,1604.70324766496,NaN,NaN,NaN,NaN,NaN,NaN,0,0,0,0,0,0
346445.4609045,1291.2,0.00175928953103721,0.0840735681355,0,-75.5680540907343,-30.140842740195,1619.92343373094,55.9412627290568,-21.0062656592009,1604.70405992665,NaN,NaN,NaN,NaN,NaN,NaN,0,0,0,0,0,0
346445.4713601,1288.2,0.00208719656802714,0.0849874619394541,0,-75.5832439519961,-30.048642414324,1619.92871775483,55.9292781843058,-20.9300890437842,1604.69756149093,NaN,NaN,NaN,NaN,NaN,NaN,0,0,0,0,0,0
346445.4818655,1285.2,0.00265758787281811,0.0853493934497237,0,-75.5704767301951,-29.9625102304725,1619.94568375611,55.9198554815275,-20.8541379166576,1604.65704798669,NaN,NaN,NaN,NaN,NaN,NaN,0,0,0,0,0,0
346445.4923462,1282.2,0.00193515920545906,0.0840848427265883,0,-75.6504173486453,-29.8660497511859,1619.91363587998,55.9484596103351,-20.7410272509664,1604.65323164806,NaN,NaN,NaN,NaN,NaN,NaN,0,0,0,0,0,0
346445.5028197,1279.2,0.00200476357713342,0.084740573912859,0,-75.7572943507274,-29.6697117904675,1619.86403465471,56.0065374400461,-20.5901031203504,1604.65182495746,NaN,NaN,NaN,NaN,NaN,NaN,0.453799992799759,0.131099998950958,0.881399989128113,345.540008544922,88.8499984741211,700.700012207031
346445.5132673,1276.2,0.00207380251958966,0.0844918390735984,0,-75.7977527588862,-29.5949860438882,1619.86110580877,56.0178847753592,-20.4895609839144,1604.63510174704,NaN,NaN,NaN,NaN,NaN,NaN,0.44980001449585,0.12219999730587,0.884700000286102,373.480010986328,94.370002746582,756.97998046875
346445.5236673,1273.2,0.00272996025159955,0.0840193092823029,0,0,0,0,0,0,0,NaN,NaN,NaN,NaN,NaN,NaN,0.452399998903275,0.12950000166893,0.88239997625351,412.339996337891,103.919998168945,836.049987792969
346445.5372349,1270.2,0.00139203551225364,0.0838564302772284,0,0,0,0,0,0,0,NaN,NaN,NaN,NaN,NaN,NaN,0,0,0,0,0,0
346445.5476301,1267.2,0.00195651734247804,0.0842350799590349,0,0,0,0,0,0,0,NaN,NaN,NaN,NaN,NaN,NaN,0,0,0,0,0,0
346445.5581315,1264.2,0.00213748426176608,0.0841777291148901,0,0,0,0,0,0,0,NaN,NaN,NaN,NaN,NaN,NaN,0,0,0,0,0,0
346445.5685613,1261.2,0.00203007273375988,0.0843692258000374,0,0,0,0,0,0,0,NaN,NaN,NaN,NaN,NaN,NaN,0,0,0,0,0,0
346445.5790289,1258.2,0.00188209896441549,0.0847638159990311,0,-75.9662057711512,-28.9735163115534,1619.92573362632,55.9143710594349,-19.5681402129714,1604.75601144431,NaN,NaN,NaN,NaN,NaN,NaN,0,0,0,0,0,0
346445.5894898,1255.2,0.00146786239929497,0.0839493334293366,0,-75.9807565132994,-28.74074304501,1619.87425964801,55.9367835770214,-19.3623661920357,1604.80861289991,NaN,NaN,NaN,NaN,NaN,NaN,0,0,0,0,0,0
346445.5999551,1252.2,0.0025787097401917,0.0851107215508819,0,-75.9170064258649,-28.5756563000634,1619.85308924114,55.9367013389169,-19.2373956991099,1604.84729910192,NaN,NaN,NaN,NaN,NaN,NaN,0,0,0,0,0,0
346445.6104299,1249.2,0.00175905064679682,0.0838752783834934,0,-75.9371563104361,-28.3418564356925,1619.84953703039,55.9824384295237,-19.0851316048679,1604.90516146157,NaN,NaN,NaN,NaN,NaN,NaN,0,0,0,0,0,0
346445.620915,1246.2,0.000913623895030469,0.0830575324594975,0,0,0,0,0,0,0,NaN,NaN,NaN,NaN,NaN,NaN,0,0,0,0,0,0
346445.6313713,1243.2,0.00149780849460512,0.0836639352142811,0,0,0,0,0,0,0,NaN,NaN,NaN,NaN,NaN,NaN,0,0,0,0,0,0
346445.6418174,1240.2,0.00132164068054408,0.0834208823740482,0,0,0,0,0,0,0,NaN,NaN,NaN,NaN,NaN,NaN,0,0,0,0,0,0
346445.6523044,1237.2,0.0016452957643196,0.0833743534982204,0,0,0,0,0,0,0,NaN,NaN,NaN,NaN,NaN,NaN,0,0,0,0,0,0
346445.6628134,1234.2,0.000743248965591192,0.0833203610032797,0,-75.542091245224,-27.1390996727839,1619.98760695208,56.1805156435813,-17.8896536420603,1604.83238101075,NaN,NaN,NaN,NaN,NaN,NaN,0.48649999499321,0.185599997639656,0.853799998760223,196.259994506836,52.8400001525879,367.570007324219
346445.6732273,1231.2,0.00134539196733385,0.0831438902765513,0,-75.4175489212369,-27.0340358215953,1620.05750261358,56.170784745551,-17.7334633845121,1604.80819662361,NaN,NaN,NaN,NaN,NaN,NaN,0.474799990653992,0.19370000064373,0.858500003814697,200.380004882812,53.5900001525879,377.600006103516
346445.6836234,1228.2,0.00120101857464761,0.0841961674392223,0,-75.2963006076963,-26.9486650382299,1620.08928492446,56.2091780700455,-17.5748460686886,1604.83657580019,NaN,NaN,NaN,NaN,NaN,NaN,0.482499986886978,0.183300003409386,0.856500029563904,200.350006103516,53.5900001525879,378.839996337891
346445.6978522,1225.2,0.00124337733723223,0.0827003609389067,0,-75.1964213506952,-26.84275615749,1620.15940791304,56.2643010547016,-17.3958729712548,1604.77423514891,NaN,NaN,NaN,NaN,NaN,NaN,0,0,0,0,0,0
346445.7083402,1222.2,0.000833190337289125,0.0825585018843412,0,-75.3664552682146,-26.9174477119279,1620.10909147633,56.3239252128434,-17.2077657673677,1604.69689775462,NaN,NaN,NaN,NaN,NaN,NaN,0,0,0,0,0,0
346445.7188461,1219.2,0.00142345321364701,0.0816951379179955,0,0,0,0,0,0,0,NaN,NaN,NaN,NaN,NaN,NaN,0,0,0,0,0,0
346445.7293691,1216.2,0.000306045345496386,0.081892105191946,0,-75.0045387123528,-26.3503133871756,1620.30418387359,56.4542473391394,-16.7707912022177,1604.67535672598,NaN,NaN,NaN,NaN,NaN,NaN,0,0,0,0,0,0
346445.7398428,1213.2,0.00125402270350605,0.0820543434470892,0,-74.9624021265231,-26.1667122330392,1620.29080197612,56.5647997837043,-16.5612772991647,1604.63920199656,NaN,NaN,NaN,NaN,NaN,NaN,0,0,0,0,0,0
346445.7502898,1210.2,0.00128830154426396,0.0818439781665802,0,-74.9134219651571,-25.9052455990714,1620.30590589916,56.6126187337582,-16.3319906450592,1604.62009222318,NaN,NaN,NaN,NaN,NaN,NaN,0,0,0,0,0,0
346445.7607281,1207.2,0.000795931264292449,0.0818287659436464,0,-74.9918515925878,-25.6300370341431,1620.1742418382,56.663510246049,-16.1370390752934,1604.57993467551,NaN,NaN,NaN,NaN,NaN,NaN,0,0,0,0,0,0
346445.7711124,1204.2,0.000620102800894529,0.0816911909729242,0,-74.9803316950582,-25.4818082818841,1620.15116491586,56.6997659900796,-15.902734550277,1604.55384809438,NaN,NaN,NaN,NaN,NaN,NaN,0,0,0,0,0,0
346445.7816134,1201.2,0.00123850640375167,0.0815790131688118,0,0,0,0,0,0,0,NaN,NaN,NaN,NaN,NaN,NaN,0,0,0,0,0,0
346445.7929034,1198.2,0.00122171884868294,0.081846496462822,0,-74.9807039179599,-25.0922817895853,1620.11753966167,56.72748506983,-15.5206022405374,1604.58449670168,NaN,NaN,NaN,NaN,NaN,NaN,0.390599995851517,0.147799998521805,0.908599972724915,241.149993896484,82.5,604.289978027344
346445.8034899,1195.2,0.000583276501856744,0.0817653819918633,0,-74.9403679161484,-24.8959754274437,1620.11659859575,56.7893778090513,-15.3273396174441,1604.60819690893,NaN,NaN,NaN,NaN,NaN,NaN,0.383599996566772,0.143999993801117,0.912199974060059,260.480010986328,95.0199966430664,639.809997558594
346445.8139539,1192.2,0.00040678825462237,0.0811008907854557,0,-74.913847912492,-24.6825147820263,1620.03150104504,56.8136207896256,-15.1537845356431,1604.61095418334,NaN,NaN,NaN,NaN,NaN,NaN,0.39190000295639,0.152400001883507,0.907299995422363,243.199996948242,89.5,600.539978027344
346445.8244228,1189.2,0.000901114020962268,0.0808626230806112,0,-74.7711679489807,-24.4938604448917,1619.91801426961,56.8362509054107,-15.0053149620402,1604.62752208013,NaN,NaN,NaN,NaN,NaN,NaN,0.378600001335144,0.143900007009506,0.91430002450943,221.199996948242,81.3899993896484,553.460021972656
346445.8349976,1186.2,0.000955322582740337,0.0808296170085669,0,-74.6816149420445,-24.361698901188,1619.87884302461,56.8427547594605,-14.8083214978485,1604.61645338911,NaN,NaN,NaN,NaN,NaN,NaN,0.386999994516373,0.151099994778633,0.909600019454956,221.570007324219,81.7399978637695,558.809997558594
346445.8463072,1183.2,0.000441431620856747,0.0807550124824047,0,-74.6616862126355,-24.0695190428569,1619.82480979893,56.899729333199,-14.6000038196642,1604.6373135844,NaN,NaN,NaN,NaN,NaN,NaN,0.374300003051758,0.14360000193119,0.916100025177002,223.619995117188,83.2399978637695,570.630004882812
346445.8571918,1180.2,0.000872784410603344,0.0806228317320347,0,-74.60997227825,-23.6739071151089,1619.81188324348,57.0078534344829,-14.3480040623607,1604.66465911631,NaN,NaN,NaN,NaN,NaN,NaN,0,0,0,0,0,0
346445.8678762,1177.2,0.000254913815297186,0.0801856689155102,0,-74.6044380324731,-23.4326508849248,1619.82314147069,57.0477579622159,-14.2093904561889,1604.65949739009,NaN,NaN,NaN,NaN,NaN,NaN,0,0,0,0,0,0
346445.8783848,1174.2,0.000679536839015782,0.0808412846177816,0,-74.5945739300725,-23.1997847586369,1619.89146548193,57.0329905868454,-14.0493382986374,1604.60851271018,NaN,NaN,NaN,NaN,NaN,NaN,0,0,0,0,0,0
346445.8889237,1171.2,0.000495648942887783,0.0804237391799688,0,-74.5437805614638,-23.0532286669173,1619.98473079829,56.9736843221266,-13.8273160543095,1604.56873067344,NaN,NaN,NaN,NaN,NaN,NaN,0,0,0,0,0,0
346445.8995074,1168.2,-0.000463103293441236,0.07955621778965,0,-74.5389248579221,-22.9048901693624,1620.08191342338,56.996128820556,-13.5028833316512,1604.60208312345,NaN,NaN,NaN,NaN,NaN,NaN,0,0,0,0,0,0
346445.9101707,1165.2,0.00075452821329236,0.0795580934733152,0,-74.5517015971849,-22.8154947376472,1620.11436154812,57.0003157308603,-13.2257879413197,1604.59370165151,NaN,NaN,NaN,NaN,NaN,NaN,0,0,0,0,0,0
346445.9206299,1162.2,-1.24143316497793e-05,0.0789398331195116,0,-74.5727650769853,-22.7399245844813,1620.13486800533,56.9696038165749,-12.9958310776859,1604.54754083044,NaN,NaN,NaN,NaN,NaN,NaN,0,0,0,0,0,0
346445.9310557,1159.2,0.00128141243476421,0.0795898161828518,0,-74.6070983677101,-22.6061393805536,1620.20031629829,56.967489166806,-12.7788906307281,1604.52474070297,NaN,NaN,NaN,NaN,NaN,NaN,0,0,0,0,0,0
346445.9415067,1156.2,0.000685197359416634,0.0794945791363716,0,-74.6045581346098,-22.3744820748929,1620.28040962308,57.0055126159947,-12.5946161241925,1604.52634306775,NaN,NaN,NaN,NaN,NaN,NaN,0,0,0,0,0,0
346445.9519779,1153.2,0.00102718744892627,0.0792812019586563,0,-74.6609296261901,-22.0650696694787,1620.29735343019,56.9898861448397,-12.4180722702805,1604.5038034115,NaN,NaN,NaN,NaN,NaN,NaN,0,0,0,0,0,0
346445.9624426,1150.2,0.00129955401644111,0.0780014641582966,0,-74.7369896904285,-21.739166454602,1620.33276115788,56.9922603702356,-12.2117805974908,1604.43915206906,NaN,NaN,NaN,NaN,NaN,NaN,0,0,0,0,0,0
346445.9729351,1147.2,0.000715850910637528,0.0788670986890793,0,-74.828797819893,-21.4217914463629,1620.27403867233,57.0116806349834,-11.9034046583898,1604.42398513304,NaN,NaN,NaN,NaN,NaN,NaN,0.121500000357628,0.11540000140667,0.985899984836578,63.6699981689453,64.5500030517578,600
346445.983382,1144.2,0.00080535002052784,0.0790937248617411,0,-74.831195489731,-21.2117928145911,1620.21589362751,57.0448021569786,-11.6793818427622,1604.49953174558,NaN,NaN,NaN,NaN,NaN,NaN,0.0957999974489212,0.126800000667572,0.987299978733063,58.8699989318848,101.040000915527,860.369995117188
346445.9938088,1141.2,0.000861746550071985,0.0787749405950308,0,-74.8072724648788,-21.0582411756533,1620.15320483909,57.0518159093096,-11.5068184620697,1604.55390896628,NaN,NaN,NaN,NaN,NaN,NaN,0.0784000009298325,0.126499995589256,0.988900005817413,53.0499992370605,114.150001525879,948.669982910156
346446.0042621,1138.2,0.000979551579803228,0.078528318926692,0,-74.7588119781046,-20.9693153824697,1620.16775401775,57.0869244818777,-11.2988332529723,1604.60193832363,NaN,NaN,NaN,NaN,NaN,NaN,0.0803999975323677,0.130300000309944,0.988200008869171,47.3400001525879,109.120002746582,920.179992675781
346446.0170703,1135.2,0.00119709048885852,0.0784723687916994,0,-74.6427721792941,-20.8189580658779,1620.20792549395,57.039718214782,-11.0951996752559,1604.59784746662,NaN,NaN,NaN,NaN,NaN,NaN,0,0,0,0,0,0
346446.0275187,1132.2,0.00100422999821603,0.0785224683582783,0,-74.5780886895607,-20.5934403494226,1620.25665178552,56.9873075927228,-10.9301425733725,1604.54924900564,NaN,NaN,NaN,NaN,NaN,NaN,0,0,0,0,0,0
346446.0379529,1129.2,0.000712969340384007,0.0783674199134111,0,-74.6101652728411,-20.3071869948391,1620.25412984895,56.9921510575246,-10.8666501017508,1604.58045770136,NaN,NaN,NaN,NaN,NaN,NaN,0,0,0,0,0,0
346446.0483598,1126.2,0.00102763262111694,0.077850778028369,0,-74.6101510406859,-20.0679430045226,1620.24692301838,56.9691599221798,-10.6921441990121,1604.59763313174,NaN,NaN,NaN,NaN,NaN,NaN,0,0,0,0,0,0
346446.0588175,1123.2,0.000970217981375754,0.0779042676091194,0,-74.6254038520536,-19.8170434833775,1620.20572030104,56.9851375016081,-10.5440472132658,1604.64607179671,NaN,NaN,NaN,NaN,NaN,NaN,0,0,0,0,0,0
346446.0692333,1120.2,0.00100546807516366,0.0784814734011889,0,-74.6443182842876,-19.5323801720979,1620.15495902015,56.9305820272569,-10.2962669448645,1604.66209651129,NaN,NaN,NaN,NaN,NaN,NaN,0,0,0,0,0,0
346446.0797003,1117.2,0.00140709325205535,0.0783889222890139,0,-74.6133971404471,-19.4138536885789,1620.16785967995,56.9318327846882,-10.0319225781441,1604.69329958565,NaN,NaN,NaN,NaN,NaN,NaN,0,0,0,0,0,0
346446.0900539,1114.2,0.000677274540066719,0.0783580526709557,0,-74.6739652636248,-19.2530182664913,1620.06230974056,56.8560682043908,-9.71793601508932,1604.68573616319,NaN,NaN,NaN,NaN,NaN,NaN,0,0,0,0,0,0
346446.1005109,1111.2,0.00138630566652864,0.0779053032398224,0,-74.6507044008934,-19.1226405357137,1620.05628206053,56.7779845256718,-9.58621590260886,1604.63047844361,NaN,NaN,NaN,NaN,NaN,NaN,0,0,0,0,0,0
346446.1108643,1108.2,0.000895298086106777,0.0779033195227385,0,-74.6171630447435,-18.9369324481397,1620.10953079549,56.6945698248181,-9.42145886373784,1604.6082985147,NaN,NaN,NaN,NaN,NaN,NaN,0,0,0,0,0,0
346446.1213411,1105.2,0.00122333958279341,0.0783289972692728,0,-74.6093482451371,-18.8022931548954,1620.10320720243,56.6491709318905,-9.32654673048512,1604.59194123434,NaN,NaN,NaN,NaN,NaN,NaN,0,0,0,0,0,0
346446.1318237,1102.2,0.00107248371932656,0.0780278876423836,0,-74.6366206542703,-18.6199319821134,1620.1723812837,56.6083814220357,-9.17837456092156,1604.5751160103,NaN,NaN,NaN,NaN,NaN,NaN,0,0,0,0,0,0
346446.1423595,1099.2,0.00178872491233051,0.0793346226215363,0,-74.6501759205064,-18.5273022129866,1620.23196909081,56.555307131388,-9.01251684182683,1604.54387275991,NaN,NaN,NaN,NaN,NaN,NaN,0,0,0,0,0,0
346446.1528946,1096.2,0.00149331788998097,0.0775018338114023,0,-74.8164770372035,-18.2818708390419,1620.27338165283,56.5386855474857,-8.77877035745896,1604.5614521294,NaN,NaN,NaN,NaN,NaN,NaN,0.0644999966025352,0.121799997985363,0.990499973297119,26.7700004577637,81.379997253418,710.710021972656
346446.1634115,1093.2,0.000991677865386009,0.0774764701724052,0,-74.8794028958219,-18.1138560203952,1620.35929203798,56.5041373898221,-8.60844840082092,1604.56281495678,NaN,NaN,NaN,NaN,NaN,NaN,0.0679000020027161,0.12389999628067,0.990000009536743,25.0799999237061,81.5500030517578,717.460021972656
346446.1770739,1090.2,0.00129068212118,0.0777535945177078,0,-75.1552252414896,-17.8915820186283,1620.33778100513,56.4964512886649,-8.47983965109436,1604.57155708608,NaN,NaN,NaN,NaN,NaN,NaN,0,0,0,0,0,0
346446.1877791,1087.2,0.000982941128313541,0.0776251129806042,0,-75.2654065261977,-17.7376716912291,1620.36607865869,56.4210897761749,-8.35823695310638,1604.59385942065,NaN,NaN,NaN,NaN,NaN,NaN,0,0,0,0,0,0
346446.1982019,1084.2,0.000969253713265061,0.077697316557169,0,-75.3194306225042,-17.6186489529415,1620.43246636678,56.3764238722405,-8.2042069567739,1604.66113535948,NaN,NaN,NaN,NaN,NaN,NaN,0,0,0,0,0,0
346446.2086307,1081.2,0.00143515504896641,0.0773955587297678,0,-75.3318888103251,-17.4647747414426,1620.49738512909,56.3557918492676,-8.0716078837977,1604.67336073749,NaN,NaN,NaN,NaN,NaN,NaN,0,0,0,0,0,0
346446.2190886,1078.2,0.00146719475742429,0.0788524452596903,0,-75.3554202616721,-17.3015687079064,1620.56862583184,56.3142465253721,-7.7878152547581,1604.74411049173,NaN,NaN,NaN,NaN,NaN,NaN,0,0,0,0,0,0
346446.2297058,1075.2,0.00163783284369856,0.0773293994367123,0,-75.409455615832,-17.1472966482516,1620.57384108193,56.2625205013998,-7.60206742384979,1604.75847698111,NaN,NaN,NaN,NaN,NaN,NaN,0,0,0,0,0,0
346446.2403171,1072.2,0.00110324693378061,0.0775611106306315,0,-75.4053700339995,-17.0668127975705,1620.59147879252,56.2726330458666,-7.43270497800868,1604.76103229739,NaN,NaN,NaN,NaN,NaN,NaN,0,0,0,0,0,0
346446.2508242,1069.2,0.0017613205127418,0.0776422679424286,0,-75.4763984701807,-16.9522050352344,1620.56438148785,56.2145329127515,-7.30270386060003,1604.79779554081,NaN,NaN,NaN,NaN,NaN,NaN,0,0,0,0,0,0
346446.2613125,1066.2,0.00116698548663408,0.077726086974144,0,-75.4821746056805,-16.8293725158706,1620.55336046117,56.1650538257799,-7.19819617108119,1604.78418880386,NaN,NaN,NaN,NaN,NaN,NaN,0,0,0,0,0,0
346446.2718071,1063.2,0.00152873783372343,0.0775375630706549,0,-75.5429819588694,-16.6881492409619,1620.49240943489,56.1387825044548,-7.10424101876567,1604.81068115919,NaN,NaN,NaN,NaN,NaN,NaN,0,0,0,0,0,0
346446.2822796,1060.2,0.00178793247323483,0.0776102434843779,0,-75.5926133745917,-16.5189125508184,1620.44040096633,56.0966296345552,-7.01904877809294,1604.84269738448,NaN,NaN,NaN,NaN,NaN,NaN,0,0,0,0,0,0
346446.2927733,1057.2,0.00121124973520637,0.0775004647672176,0,-75.6215609645864,-16.2807676796783,1620.44510791802,56.0458327358364,-6.93802081564919,1604.80601115167,NaN,NaN,NaN,NaN,NaN,NaN,0.143700003623962,0.13459999859333,0.980400025844574,114.819999694824,119.389999389648,954.909973144531
346446.3032339,1054.2,0.0013383167097345,0.0772953260689974,0,-75.772866520045,-16.1403146059069,1620.33526189411,56.0188322507921,-6.83818405499393,1604.78398430004,NaN,NaN,NaN,NaN,NaN,NaN,0.143700003623962,0.140400007367134,0.979600012302399,116.25,124.050003051758,979.840026855469
346446.3137016,1051.2,0.00170608842745423,0.0773256219923496,0,-75.8283688411181,-16.0447891451049,1620.29785000364,56.0078234683263,-6.7045893665933,1604.75522011981,NaN,NaN,NaN,NaN,NaN,NaN,0.140900000929832,0.136899992823601,0.980499982833862,117.569999694824,127.290000915527,990.340026855469
346446.3242225,1048.2,0.00233927834779024,0.0788324777036905,0,-75.9427743710606,-15.8579909072,1620.27336270807,55.974242194829,-6.59646517612197,1604.70560305807,NaN,NaN,NaN,NaN,NaN,NaN,0.143199995160103,0.140599995851517,0.979600012302399,113.419998168945,122.98999786377,960.469970703125
346446.3370922,1045.2,0.00102516578044742,0.0774311427026987,0,-75.9867686485722,-15.7368003305882,1620.25479598943,55.8943095271948,-6.43456391272703,1604.65289256586,NaN,NaN,NaN,NaN,NaN,NaN,0,0,0,0,0,0
346446.3475183,1042.2,0.0015261631924659,0.0772780444473028,0,-75.9860049299332,-15.6509910508761,1620.23933652719,55.8986582910139,-6.31974552060082,1604.68138585048,NaN,NaN,NaN,NaN,NaN,NaN,0,0,0,0,0,0
346446.3580176,1039.2,0.00111790362279862,0.0775055292993784,0,-75.9894722501928,-15.5648835398116,1620.25829960092,55.858283859603,-6.16327226931385,1604.68399948375,NaN,NaN,NaN,NaN,NaN,NaN,0,0,0,0,0,0
346446.3684833,1036.2,0.000762883690185845,0.0765862692147493,0,-76.0088269090401,-15.5048520164447,1620.23398628545,55.8366156300499,-5.99974062022612,1604.69500213662,NaN,NaN,NaN,NaN,NaN,NaN,0,0,0,0,0,0
346446.3789798,1033.2,0.00125450710766017,0.0766198396682739,0,-76.025523213211,-15.4009029775592,1620.21067819138,55.763377352357,-5.84446166211213,1604.66034790011,NaN,NaN,NaN,NaN,NaN,NaN,0,0,0,0,0,0
346446.3895632,1030.2,0.00159203656949103,0.0772946834564209,0,-76.0368230107941,-15.3085505749519,1620.19194243885,55.7040282018124,-5.63612453609835,1604.6147644928,NaN,NaN,NaN,NaN,NaN,NaN,0,0,0,0,0,0
346446.4000881,1027.2,0.00163421116303653,0.0772977400571108,0,-76.0459808411687,-15.2002843834109,1620.14332554866,55.6488952312272,-5.51034701082805,1604.59715044649,NaN,NaN,NaN,NaN,NaN,NaN,0,0,0,0,0,0
346446.4105126,1024.2,0.0013315788237378,0.0770834986120462,0,-76.0346092339175,-15.0914046339883,1620.10757896236,55.6161166389315,-5.4013040568582,1604.57266967236,NaN,NaN,NaN,NaN,NaN,NaN,0,0,0,0,0,0
346446.4210266,1021.2,0.00122870260383934,0.0765682779252529,0,-76.0395848191297,-14.9445488254942,1620.05473259662,55.5929880828769,-5.28439885725908,1604.53507638102,NaN,NaN,NaN,NaN,NaN,NaN,0,0,0,0,0,0
346446.4315498,1018.2,0.000556444108951837,0.0781670123338699,0,-76.0312413407643,-14.7780652737196,1620.00738753018,55.6203312792368,-5.12319885772668,1604.56492909529,NaN,NaN,NaN,NaN,NaN,NaN,0,0,0,0,0,0
346446.4419581,1015.2,0.00159142911434174,0.0768052753061056,0,-76.0034008245659,-14.5907186141282,1620.02908940622,55.6796335352082,-4.99898156367109,1604.57460790295,NaN,NaN,NaN,NaN,NaN,NaN,0,0,0,0,0,0
346446.4523989,1012.2,0.00150509993545711,0.0771141912788153,0,-76.0338443905245,-14.351263447877,1620.01974534124,55.7472447529143,-4.81319616147814,1604.57602710758,NaN,NaN,NaN,NaN,NaN,NaN,0.119599997997284,0.134399995207787,0.983699977397919,78.4100036621094,105.330001831055,829.179992675781
346446.4629433,1009.2,0.00168110115919262,0.0763198141008616,0,-76.0163238442845,-14.1683332197069,1620.01940976358,55.7737087647169,-4.73450935649306,1604.56943079662,NaN,NaN,NaN,NaN,NaN,NaN,0.1216000020504,0.137600004673004,0.982999980449677,77.0100021362305,105.029998779297,827.890014648438
346446.4733695,1006.2,0.000626430904958397,0.0769442789256573,0,-75.9840428694747,-13.9689108679708,1620.04311231213,55.7904555792074,-4.66308617302117,1604.57105198192,NaN,NaN,NaN,NaN,NaN,NaN,0.117700003087521,0.13570000231266,0.983699977397919,76.9499969482422,106.98999786377,837.52001953125
346446.483823,1003.2,0.00147782079875469,0.0768496714532375,0,-75.9193887160635,-13.7995435039572,1620.05772166182,55.8073575921044,-4.52908911614069,1604.56384943664,NaN,NaN,NaN,NaN,NaN,NaN,0.117299996316433,0.137099996209145,0.98360002040863,75.9400024414062,107.709999084473,840.080017089844
346446.4945576,1000.2,0.00211192388087511,0.0769147019833326,0,-75.849263511691,-13.7157321927577,1620.07412630228,55.8234564146464,-4.42479131152657,1604.57521006925,NaN,NaN,NaN,NaN,NaN,NaN,0,0,0,0,0,0
346446.5049777,997.2,0.00155680242460221,0.0759966116398573,0,-75.7870178207968,-13.5997831329267,1620.08128721218,55.8410411306323,-4.22559189846279,1604.54907810568,NaN,NaN,NaN,NaN,NaN,NaN,0,0,0,0,0,0
346446.515457,994.2,0.00178342591971159,0.0761454202234745,0,-75.7184041499053,-13.4393711448261,1620.12654591551,55.9217641681537,-4.07383447168584,1604.55151550008,NaN,NaN,NaN,NaN,NaN,NaN,0.113499999046326,0.135900005698204,0.984200000762939,72.0500030517578,105.680000305176,824.869995117188
346446.5259137,991.2,0.00208457512781024,0.0764880388975143,0,-75.6494013056946,-13.336233787837,1620.21672949823,55.9138683101012,-3.92093531471057,1604.54694558961,NaN,NaN,NaN,NaN,NaN,NaN,0,0,0,0,0,0
346446.5368797,988.2,0.00175120157655329,0.0761192575097084,0,-75.6258604838433,-13.2720856446579,1620.27191599672,55.9473683190076,-3.73512873594742,1604.54597309808,NaN,NaN,NaN,NaN,NaN,NaN,0,0,0,0,0,0
346446.5472746,985.2,0.000655293057207018,0.0760927371680737,0,-75.6097324096064,-13.1852823093929,1620.33077265732,55.9697975579545,-3.54205766171519,1604.51441806392,NaN,NaN,NaN,NaN,NaN,NaN,0,0,0,0,0,0
346446.5577606,982.2,0.00154474331066012,0.0762786626815796,0,-75.4812131404813,-12.9907500525254,1620.52854505035,56.0737134228786,-3.36165934282103,1604.56188260989,NaN,NaN,NaN,NaN,NaN,NaN,0,0,0,0,0,0
346446.5681638,979.2,0.00214162562042475,0.0767197985202074,0,-75.5708096927846,-12.7163991940914,1620.57951823915,56.1132487490215,-3.17550840329144,1604.58145379213,NaN,NaN,NaN,NaN,NaN,NaN,0,0,0,0,0,0
346446.5785922,976.2,0.00210052030161023,0.0761516563594341,0,-75.5898598644144,-12.4476807076644,1620.6003450902,56.1647904050414,-3.01698081012803,1604.58828439459,NaN,NaN,NaN,NaN,NaN,NaN,0,0,0,0,0,0
346446.5890097,973.2,0.00219321995973587,0.0766353722661734,0,-75.6306066614178,-12.1204277576324,1620.55856752441,56.1758025892096,-2.8179430753446,1604.68210522839,NaN,NaN,NaN,NaN,NaN,NaN,0,0,0,0,0,0
346446.5994155,970.2,0.00156902906019241,0.0753060955554247,0,-75.5844237532585,-11.8870038969883,1620.53474203306,56.143668966945,-2.6202851698652,1604.68268938625,NaN,NaN,NaN,NaN,NaN,NaN,0,0,0,0,0,0
346446.6098357,967.2,0.00152834877371788,0.0755413141101599,0,-75.5758528046991,-11.6963038733316,1620.49994121427,56.1770587299115,-2.40448849817563,1604.74896848762,NaN,NaN,NaN,NaN,NaN,NaN,0,0,0,0,0,0
346446.6203149,964.2,0.00189355539623648,0.0757391195744276,0,-75.5502145599997,-11.5138047018208,1620.49060069515,56.2336565565825,-2.17333015642575,1604.80800658001,NaN,NaN,NaN,NaN,NaN,NaN,0,0,0,0,0,0
346446.6309929,961.2,0.00109905889257789,0.075789412856102,0,-75.5212622504921,-11.3410318226403,1620.48808318604,56.1977518839535,-2.00673907110729,1604.79410731114,NaN,NaN,NaN,NaN,NaN,NaN,0,0,0,0,0,0
346446.6414387,958.2,0.00225094775669277,0.0759893603622913,0,-75.5242625227704,-11.137063468417,1620.49499246206,56.1217614989723,-1.69811433923079,1604.71603973955,NaN,NaN,NaN,NaN,NaN,NaN,0,0,0,0,0,0
346446.652029,955.2,0.00182659388519824,0.0761676657944918,0,-75.5211976310732,-10.9043036268215,1620.49702383705,56.1362874685621,-1.44068915896467,1604.73002178441,NaN,NaN,NaN,NaN,NaN,NaN,0,0,0,0,0,0
346446.6626239,952.2,0.00139841740019619,0.0750716630369425,0,-75.4846435837674,-10.5672837266646,1620.40659429339,56.1138834580018,-1.16265077673693,1604.76634223424,NaN,NaN,NaN,NaN,NaN,NaN,0.134299993515015,0.14470000565052,0.980300009250641,84.8300018310547,107.900001525879,792.369995117188
346446.6731735,949.2,0.00126050505787134,0.0757738932967186,0,-75.4997828763126,-10.2440656708308,1620.32752521408,56.1203682669289,-0.930893522322746,1604.73743728272,NaN,NaN,NaN,NaN,NaN,NaN,0.126499995589256,0.149000003933907,0.980700016021729,89.5500030517578,124.459999084473,873
346446.6839912,946.2,0.00164850254077464,0.0756655693054199,0,-75.4819807065066,-9.91077211916664,1620.29811771879,56.1128378258914,-0.671936198141133,1604.64667273815,NaN,NaN,NaN,NaN,NaN,NaN,0.121899999678135,0.152199998497963,0.980799973011017,90,133.690002441406,922.580017089844
346446.6945423,943.2,0.00185859936755151,0.0756058156490326,0,-75.4191696709893,-9.70825193843257,1620.39166787505,56.1232848690113,-0.475997171044299,1604.63070729073,NaN,NaN,NaN,NaN,NaN,NaN,0.112800002098083,0.152799993753433,0.981800019741058,94.2300033569336,150.509994506836,1011.73999023438
346446.7051266,940.2,0.00116097903810441,0.0756953120231628,0,-75.313442432215,-9.47349157817963,1620.46511964827,56.1212884211282,-0.325242465065437,1604.67305341153,NaN,NaN,NaN,NaN,NaN,NaN,0.112999998033047,0.153799995779991,0.981599986553192,90.2300033569336,147.270004272461,996.820007324219
346446.7155872,937.2,0.00229200511239469,0.0763239398598671,0,-75.2251380960398,-9.2972543077151,1620.59225830371,56.1190781890692,-0.107865046722574,1604.79112553731,NaN,NaN,NaN,NaN,NaN,NaN,0.108199998736382,0.147300004959106,0.983200013637543,79.6399993896484,129.919998168945,907.679992675781
346446.7260172,934.2,0.00238350708968937,0.0754950478672981,0,-75.2213055587334,-9.09863329960332,1620.70427126131,56.1142502929271,0.232111687071722,1604.89681809197,NaN,NaN,NaN,NaN,NaN,NaN,0,0,0,0,0,0
346446.7372446,931.2,0.000965234590694308,0.0749213121831417,0,-75.2329895290182,-8.89345403379719,1620.86641841593,56.1767698907906,0.541772005896882,1604.93729689785,NaN,NaN,NaN,NaN,NaN,NaN,0,0,0,0,0,0
346446.747721,928.2,0.00161326990928501,0.0752199091017246,0,-75.2356430451625,-8.6263461980622,1621.06193523666,56.2379263371671,0.73768172047967,1604.95129807311,NaN,NaN,NaN,NaN,NaN,NaN,0,0,0,0,0,0
346446.7582282,925.2,0.00175339658744633,0.0757856298238039,0,-75.3770030589833,-8.21336409242876,1621.1017299306,56.2750612368017,0.883559265149106,1605.00570805644,NaN,NaN,NaN,NaN,NaN,NaN,0,0,0,0,0,0
346446.7686276,922.2,0.00095580646302551,0.0763528630137444,0,-75.4124152260866,-7.85624553667768,1621.15419598125,56.3445544379062,1.05062348608716,1604.99755948244,NaN,NaN,NaN,NaN,NaN,NaN,0,0,0,0,0,0
346446.7791234,919.2,0.00186230521649122,0.0756121765822172,0,-75.383161497401,-7.61072624807344,1621.16100093354,56.468058847454,1.3496752529009,1605.04835466709,NaN,NaN,NaN,NaN,NaN,NaN,0,0,0,0,0,0
346446.7896093,916.2,0.00192809547297657,0.0752034097909927,0,-75.2510696284128,-7.4193959935605,1621.15952000259,56.536286934622,1.53109948742956,1605.08023040717,NaN,NaN,NaN,NaN,NaN,NaN,0,0,0,0,0,0
346446.8001181,913.2,0.00117515248712152,0.0754582401365042,0,-75.1667498099907,-7.23032890553861,1621.14194298088,56.6826942812647,1.72267375198672,1605.17654420339,NaN,NaN,NaN,NaN,NaN,NaN,0,0,0,0,0,0
346446.8105482,910.2,0.00189761410001665,0.0755071569234133,0,-75.1560854376029,-7.05007541157295,1621.12269561284,56.79852623276,1.93868576810461,1605.22567180958,NaN,NaN,NaN,NaN,NaN,NaN,0,0,0,0,0,0
346446.8209988,907.2,0.0024659875780344,0.074828664213419,0,-75.0309054568438,-6.85389478176851,1621.11342976886,56.9246064220323,2.14503203784357,1605.32025611348,NaN,NaN,NaN,NaN,NaN,NaN,0,0,0,0,0,0
346446.8314237,904.2,0.00205821427516639,0.0749342184513807,0,-74.9428394810156,-6.58055067102484,1621.02073969703,56.9110417759092,2.37998392013556,1605.30011538657,NaN,NaN,NaN,NaN,NaN,NaN,0,0,0,0,0,0
346446.8419362,901.2,0.000987544888630509,0.0740652162581682,0,-74.8066626330399,-6.32061422268289,1621.09178843149,57.0386213761613,2.61888824440703,1605.3640388898,NaN,NaN,NaN,NaN,NaN,NaN,0,0,0,0,0,0
346446.8524332,898.2,0.00143639650195837,0.0750716537237167,0,-74.658390106602,-6.00820090160569,1621.01772848659,57.1011876877099,2.95633056111906,1605.38241913015,NaN,NaN,NaN,NaN,NaN,NaN,0.0728999972343445,0.13910000026226,0.987600028514862,39.6599998474121,107.669998168945,803.780029296875
346446.8630445,895.2,0.00149643130134791,0.0751418270170689,0,-74.5263454826749,-5.74484404998453,1620.97710346294,57.130700936573,3.14510893038232,1605.3475418605,NaN,NaN,NaN,NaN,NaN,NaN,0.0740000009536743,0.140900000929832,0.987299978733063,38.689998626709,110.449996948242,823.489990234375
346446.8734551,892.2,0.00188630982302129,0.0749281387776136,0,-74.3813961122292,-5.52510486344526,1621.05032051266,57.19312584245,3.38355708583248,1605.35845754505,NaN,NaN,NaN,NaN,NaN,NaN,0.0671999976038933,0.14020000398159,0.987800002098083,37.7599983215332,115.76000213623,856.049987792969
346446.8839433,889.2,0.00155166920740157,0.0741471447050571,0,-74.2913583817277,-5.38766156202898,1621.12911218325,57.2021233693084,3.56999875069913,1605.32909851119,NaN,NaN,NaN,NaN,NaN,NaN,0.0685999989509583,0.140400007367134,0.98769998550415,33.2299995422363,107.610000610352,804.320007324219
346446.8971842,886.2,0.00136843731161207,0.0742874782532454,0,-74.2032183809613,-5.205681092169,1621.22300005963,57.2306294018934,3.78215047725503,1605.2907844636,NaN,NaN,NaN,NaN,NaN,NaN,0,0,0,0,0,0
346446.9078713,883.2,0.00246926257386804,0.0750895742326975,0,-74.1502388835861,-5.05568049245316,1621.24295856728,57.2928615903266,3.97277617690041,1605.18097654682,NaN,NaN,NaN,NaN,NaN,NaN,0,0,0,0,0,0
346446.918351,880.2,0.00127001805230975,0.0744379110634327,0,-74.1481622530995,-4.92342920721997,1621.30801258394,57.3897374853616,4.12320889283874,1605.13696640829,NaN,NaN,NaN,NaN,NaN,NaN,0,0,0,0,0,0
346446.9288937,877.2,0.00136668549384922,0.0742161780595779,0,-74.1602930800252,-4.74348519010224,1621.3857869811,57.4129861215692,4.32595347121323,1605.07294105092,NaN,NaN,NaN,NaN,NaN,NaN,0,0,0,0,0,0
346446.9393745,874.2,0.00191054597962648,0.074725304171443,0,-74.1938171548369,-4.4475765865371,1621.47594042029,57.5446152701188,4.66276266660011,1605.03410445195,NaN,NaN,NaN,NaN,NaN,NaN,0,0,0,0,0,0
346446.9498105,871.2,0.00124796340242028,0.0743178691715002,0,-74.1008515861634,-4.18121152788028,1621.53142352777,57.5872169262404,4.865570703236,1604.98738096961,NaN,NaN,NaN,NaN,NaN,NaN,0,0,0,0,0,0
346446.9602764,868.2,0.00183754705358297,0.0756567049771547,0,-74.0619498847751,-3.86756531821925,1621.45336672066,57.6183207056799,5.07066068953366,1604.90819741201,NaN,NaN,NaN,NaN,NaN,NaN,0,0,0,0,0,0
346446.9707226,865.2,0.00118675397243351,0.0740286618471146,0,-73.9206110122826,-3.6229828915586,1621.36083856697,57.6900551277558,5.28642819781626,1604.82876015955,NaN,NaN,NaN,NaN,NaN,NaN,0,0,0,0,0,0
346446.9812432,862.2,0.00125966069754213,0.0735723547637463,0,-73.7642833972778,-3.37350887967984,1621.16066497787,57.7814322593912,5.40907377797073,1604.83190792628,NaN,NaN,NaN,NaN,NaN,NaN,0,0,0,0,0,0
346446.9917633,859.2,0.00213005277328193,0.0729618914425373,0,-73.5325216890596,-3.25756765152421,1621.16431643444,57.8798308437289,5.56800499964034,1604.82153875751,NaN,NaN,NaN,NaN,NaN,NaN,0,0,0,0,0,0
346447.0022772,856.2,0.000592739903368056,0.0727731831371784,0,-73.3772846105467,-3.07865363845111,1621.12927984279,58.0361119174792,5.67394625204677,1604.81411159081,NaN,NaN,NaN,NaN,NaN,NaN,0,0,0,0,0,0
346447.0127001,853.2,0.00106416246853769,0.0733688030391932,0,-73.1850899693488,-2.86568685773126,1621.11950933473,58.1422963294508,5.86500558876565,1604.75618806193,NaN,NaN,NaN,NaN,NaN,NaN,0.0318000018596649,0.138600006699562,0.989799976348877,4.11999988555908,111.370002746582,840.409973144531
346447.0231866,850.2,0.000632448471151292,0.0724309276789427,0,-73.0989055631696,-2.75246731794831,1621.09847479968,58.1855446686189,6.063747240103,1604.67711299473,NaN,NaN,NaN,NaN,NaN,NaN,0.0351999998092651,0.142800003290176,0.989099979400635,2.16000008583069,112.360000610352,851.239990234375
346447.0367648,847.2,0.00211085006594658,0.0721874725073576,0,-73.0619089940082,-2.62037306712392,1621.11545442967,58.3861632775251,6.38983965118083,1604.59818355081,NaN,NaN,NaN,NaN,NaN,NaN,0,0,0,0,0,0
346447.04722,844.2,0.00161998101975769,0.0729980528354645,0,-73.0857709758957,-2.48776400192216,1621.11464765512,58.5322173939675,6.65136590085316,1604.66937564506,NaN,NaN,NaN,NaN,NaN,NaN,0,0,0,0,0,0
346447.0577061,841.2,0.0009841772262007,0.0730979278683662,0,-73.1447644857511,-2.2711402277114,1621.11688424686,58.6397004310588,6.78633871653805,1604.64034949498,NaN,NaN,NaN,NaN,NaN,NaN,0,0,0,0,0,0
346447.0681756,838.2,0.00156188802793622,0.0723143633455038,0,-73.1253817260535,-2.03673453042281,1621.16407318008,58.7895727109096,7.00016860309999,1604.64821595941,NaN,NaN,NaN,NaN,NaN,NaN,0,0,0,0,0,0
346447.0785844,835.2,0.00116261467337608,0.0736312683671713,0,-73.1549958406446,-1.77206057091569,1621.15176413424,58.9120521022213,7.21065304620243,1604.66866994924,NaN,NaN,NaN,NaN,NaN,NaN,0,0,0,0,0,0
346447.089035,832.2,0.00120341801084578,0.0722185265272856,0,-73.0293948224168,-1.47608267101264,1621.15384619911,58.9703959581163,7.37597204433557,1604.6530372257,NaN,NaN,NaN,NaN,NaN,NaN,0,0,0,0,0,0
346447.0994904,829.2,0.00206950423307717,0.0737001117318869,0,-72.7293129681177,-1.20794882299577,1621.21185408171,59.0979753724959,7.66535536474651,1604.7590558051,NaN,NaN,NaN,NaN,NaN,NaN,0,0,0,0,0,0
346447.1099136,826.2,0.00139542063698173,0.0714732430875301,0,-72.5508949998636,-1.02948845023742,1621.15149786295,59.2019579872242,7.93749818513782,1604.78809142146,NaN,NaN,NaN,NaN,NaN,NaN,0,0,0,0,0,0
346447.120461,823.2,0.00124025461263955,0.0716226793825626,0,-72.3524387664623,-0.858509528781905,1621.15415973983,59.2957594575874,8.13406702642356,1604.78263998672,NaN,NaN,NaN,NaN,NaN,NaN,0,0,0,0,0,0
346447.1309465,820.2,0.00233125407248735,0.0706955011934042,0,-72.1750584200676,-0.767931392892222,1621.12777244594,59.3689732390558,8.33167237110005,1604.76546244128,NaN,NaN,NaN,NaN,NaN,NaN,0,0,0,0,0,0
346447.1414517,817.2,0.00139019591733813,0.0713216908276081,0,-72.0514287947804,-0.656625410953839,1621.10921872895,59.4295977632587,8.48295783818402,1604.74249278776,NaN,NaN,NaN,NaN,NaN,NaN,0,0,0,0,0,0
346447.151942,814.2,0.00103206443600357,0.0712540879845619,0,-71.9695145170977,-0.497202376871973,1621.1349204362,59.4856956198569,8.66185233301024,1604.71404116508,NaN,NaN,NaN,NaN,NaN,NaN,0,0,0,0,0,0
346447.1624664,811.2,0.00196830881759524,0.0713935051113367,0,-71.9150684448167,-0.158969107447728,1621.18363741466,59.5714773247676,8.89857832454525,1604.69951541161,NaN,NaN,NaN,NaN,NaN,NaN,-0.0164000000804663,0.132100000977516,0.991100013256073,-36.4000015258789,90.0699996948242,724.77001953125
346447.1729078,808.2,0.00104864127933979,0.0704088773578405,0,-71.9950268568879,0.114311644801874,1621.08197469972,59.6127524904631,9.14195982682341,1604.63281211208,NaN,NaN,NaN,NaN,NaN,NaN,-0.0116999996826053,0.140799999237061,0.990000009536743,-39.7999992370605,91.5699996948242,733.619995117188
346447.1833475,805.2,0.00137998175341636,0.0700227621942759,0,-71.9740340609201,0.320300066868292,1621.13374201265,59.6252268395049,9.32409569738701,1604.59467165411,NaN,NaN,NaN,NaN,NaN,NaN,-0.0258000008761883,0.134399995207787,0.990599989891052,-45.1500015258789,96.5800018310547,761.859985351562
346447.1969961,802.2,0.000734510307665914,0.0702661391347647,0,-72.1406220530174,0.63217015944507,1620.95103818917,59.7092125456775,9.52350922119803,1604.56785090791,NaN,NaN,NaN,NaN,NaN,NaN,0,0,0,0,0,0
346447.2076515,799.2,0.00131920468993485,0.0700634833425283,0,-72.0545594369915,0.80357448408975,1620.88858318066,59.8056417776853,9.69998770624201,1604.50064227899,NaN,NaN,NaN,NaN,NaN,NaN,0,0,0,0,0,0
346447.2180727,796.2,0.00154401920735836,0.0697869010269642,0,-71.9592405338635,0.99412362895887,1620.7695865465,59.9160392166845,9.86888447090209,1604.42211518831,NaN,NaN,NaN,NaN,NaN,NaN,0,0,0,0,0,0
346447.2285112,793.2,0.000832797260954976,0.0696493688970804,0,-71.8519276510317,1.09151119249571,1620.73823106138,60.0052140440043,10.0465778959611,1604.32285705248,NaN,NaN,NaN,NaN,NaN,NaN,0,0,0,0,0,0
346447.2390485,790.2,0.00140458962414414,0.0694039262831211,0,-71.739421001541,1.14960555413683,1620.71272080789,60.1140307022558,10.2578911262346,1604.20334749344,NaN,NaN,NaN,NaN,NaN,NaN,0,0,0,0,0,0
346447.2495301,787.2,0.00128062174189836,0.0690096043050289,0,-71.568255256896,1.23315371542353,1620.66412011563,60.2206989399649,10.3908320127678,1604.10434597082,NaN,NaN,NaN,NaN,NaN,NaN,0,0,0,0,0,0
346447.2600181,784.2,0.000908878864720464,0.0690954983234406,0,-71.3572648360847,1.39138919442273,1620.58752559415,60.3576097584923,10.5629024733913,1604.06164961269,NaN,NaN,NaN,NaN,NaN,NaN,0,0,0,0,0,0
346447.2705224,781.2,0.000622265855781734,0.069237694516778,0,-71.1071736756015,1.59599732556701,1620.63066660328,60.5256913807694,10.7186386095361,1604.05807966297,NaN,NaN,NaN,NaN,NaN,NaN,0,0,0,0,0,0
346447.2810953,778.2,0.00088164588669315,0.0685994014143944,0,-70.8977290556627,1.86636325631921,1620.67499870228,60.6273600763923,10.8983571332405,1603.99355686664,NaN,NaN,NaN,NaN,NaN,NaN,0,0,0,0,0,0
346447.2915631,775.2,0.000434223213233054,0.0697506744414568,0,-70.7894009789537,2.10923414015257,1620.61631345045,60.66641226011,11.0123153074593,1603.98505874923,NaN,NaN,NaN,NaN,NaN,NaN,0,0,0,0,0,0
346447.3020616,772.2,0.00144930800888687,0.0692196026444435,0,-70.6803122724455,2.38542303913649,1620.52651658617,60.773171845299,11.2555594096015,1603.92729410087,NaN,NaN,NaN,NaN,NaN,NaN,0,0,0,0,0,0
346447.3125913,769.2,0.000497394008561969,0.0686532691121101,0,-70.6031413915759,2.72342186258189,1620.42674945746,60.9901479930576,11.6316074917638,1603.87236682137,NaN,NaN,NaN,NaN,NaN,NaN,-0.069300003349781,0.143900007009506,0.987200021743774,-98.4800033569336,125.480003356934,941.27001953125
346447.3231829,766.2,2.85731239273446e-05,0.0677966646850109,0,-70.5627566619581,2.94465387598989,1620.37702796913,61.1047727176062,11.8648596795557,1603.83595142166,NaN,NaN,NaN,NaN,NaN,NaN,-0.0746999979019165,0.141699999570847,0.987100005149841,-104.680000305176,130.429992675781,975.510009765625
346447.3367558,763.2,-0.000506169337313622,0.0694754090160132,0,-70.4503530076394,3.15950699658877,1620.41133281138,61.4002855912634,12.203196416846,1603.81967363714,NaN,NaN,NaN,NaN,NaN,NaN,0,0,0,0,0,0
346447.3472249,760.2,0.000572627992369235,0.0682206809520721,0,-70.3127939148101,3.32106314233659,1620.50148713623,61.5164971038563,12.3773140930955,1603.80571957659,NaN,NaN,NaN,NaN,NaN,NaN,0,0,0,0,0,0
346447.3576574,757.2,0.000732877640984952,0.0678173288702965,0,-70.1680383628642,3.53151016923783,1620.56221943866,61.6983202914524,12.6259472623151,1603.85928469345,NaN,NaN,NaN,NaN,NaN,NaN,0,0,0,0,0,0
346447.3680962,754.2,0.000510331126861274,0.0688833691179752,0,-69.9498258334864,3.79735006300943,1620.48285947457,61.8879033406935,12.8950786469802,1603.87156363243,NaN,NaN,NaN,NaN,NaN,NaN,0,0,0,0,0,0
346447.3785689,751.2,-0.000176735615241341,0.0687682241201401,0,-69.6163626895649,4.03902914507069,1620.42984776461,62.0278562546425,13.0716381199761,1603.91497483481,NaN,NaN,NaN,NaN,NaN,NaN,0,0,0,0,0,0
346447.3890647,748.2,0.000671970949042588,0.0682413674890995,0,-69.3406947150016,4.4137310876215,1620.54912844052,62.2527674934936,13.3668813978419,1603.96511716991,NaN,NaN,NaN,NaN,NaN,NaN,0,0,0,0,0,0
346447.3995858,745.2,0.000750145991332829,0.0674555473029614,0,-69.0462673108385,4.83491759950636,1620.6161995455,62.5208522705917,13.7782942015395,1604.03641655229,NaN,NaN,NaN,NaN,NaN,NaN,0,0,0,0,0,0
346447.4100998,742.2,0.000210166515898891,0.06861432492733,0,-68.9672954049607,5.16188330414228,1620.67899399742,62.755338539936,14.0382152718299,1604.09492105173,NaN,NaN,NaN,NaN,NaN,NaN,0,0,0,0,0,0
346447.4205799,739.2,0.000831320823635906,0.0680300168693066,0,-68.7723400403722,5.39826996662087,1620.6787984265,63.0080265876589,14.3423529504911,1604.10047491483,NaN,NaN,NaN,NaN,NaN,NaN,0,0,0,0,0,0
346447.4310015,736.2,-0.000368116569006816,0.0681839346885681,0,-68.5308387227684,5.55399513227383,1620.77595524446,63.2493451876755,14.5626338319422,1604.08632806729,NaN,NaN,NaN,NaN,NaN,NaN,0,0,0,0,0,0
346447.4415287,733.2,0.000713017012458295,0.068261368572712,0,-68.30688428488,5.83289744925634,1620.77761054517,63.4776405792745,14.8613496106473,1604.21317257764,NaN,NaN,NaN,NaN,NaN,NaN,0,0,0,0,0,0
346447.452186,730.2,4.38079041487072e-06,0.0673310481011868,0,-68.0889413582323,6.13574552932707,1620.7624192677,63.5882258818464,15.0596722167029,1604.256415305,NaN,NaN,NaN,NaN,NaN,NaN,0,0,0,0,0,0
346447.4626743,727.2,-0.000335560034727678,0.0672825038433075,0,-67.7784594040429,6.47972300298314,1620.72884591338,63.8736340946011,15.3845986221995,1604.33374157629,NaN,NaN,NaN,NaN,NaN,NaN,-0.108999997377396,0.136099994182587,0.98470002412796,-111.690002441406,91.2699966430664,726.039978027344
346447.4731631,724.2,-8.55912294355221e-05,0.0675047323107719,0,-67.5668319427671,6.83380531056148,1620.78225716133,64.0209412569103,15.6332539017037,1604.36738710392,NaN,NaN,NaN,NaN,NaN,NaN,-0.108400002121925,0.141299992799759,0.984000027179718,-116.029998779297,93.6699981689453,741.619995117188
346447.4836302,721.2,-0.000462953496025875,0.0668829292058945,0,-67.3663708460671,7.10260744869361,1620.96305229769,64.2465431001784,15.8356911037457,1604.35051355383,NaN,NaN,NaN,NaN,NaN,NaN,-0.115699999034405,0.13680000603199,0.983799993991852,-121.550003051758,97,763.719970703125
346447.4941173,718.2,-0.000271004362730309,0.0673851281404495,0,-67.1917869769839,7.33540970902279,1621.06522316776,64.5545386377041,16.1104082967164,1604.31689007043,NaN,NaN,NaN,NaN,NaN,NaN,-0.115800000727177,0.143299996852875,0.982900023460388,-127.040000915527,99.75,780.460021972656
346447.5046624,715.2,-0.000613441225141287,0.0666005708277226,0,-67.0593649192869,7.52840672406795,1621.06681417901,64.7738573139092,16.4104569350402,1604.36675678379,NaN,NaN,NaN,NaN,NaN,NaN,-0.124899998307228,0.137799993157387,0.982599973678589,-135.589996337891,103.459999084473,808.830017089844
346447.5151485,712.2,-0.000582312874030322,0.0665763899683952,0,-66.7134374706919,7.69515241283111,1621.05002740795,65.0379834299257,16.6083195997747,1604.41738722514,NaN,NaN,NaN,NaN,NaN,NaN,-0.128000006079674,0.142599999904633,0.981500029563904,-145.529998779297,107.669998168945,842.190002441406
346447.5256671,709.2,-0.000867404043674469,0.0666691198945046,0,-66.4275275603301,7.85469187505051,1620.91685664333,65.3061015667649,16.7848104228833,1604.43059153836,NaN,NaN,NaN,NaN,NaN,NaN,-0.128199994564056,0.13400000333786,0.982699990272522,-131.940002441406,93.1399993896484,758.280029296875
346447.5361311,706.2,-0.0012790400069207,0.0664694964885712,0,-65.8642786996869,8.08367888366646,1620.9144876867,65.7387965205639,17.0569265186747,1604.34098581925,NaN,NaN,NaN,NaN,NaN,NaN,0,0,0,0,0,0
346447.5466372,703.2,-0.00155603582970798,0.0662067629396915,0,-65.5088343034319,8.28301476063181,1620.93698106161,66.054621290101,17.15409440754,1604.24702716408,NaN,NaN,NaN,NaN,NaN,NaN,0,0,0,0,0,0
346447.5576369,700.2,-0.00159166473895311,0.0657099433243275,0,-65.1928851598944,8.42515941122489,1620.88666351618,66.2903928167373,17.311744905355,1604.16748389195,NaN,NaN,NaN,NaN,NaN,NaN,0,0,0,0,0,0
346447.5681234,697.2,-0.00186805624980479,0.0651298560202122,0,-64.946794607928,8.52969981654308,1620.85547270876,66.5355019835503,17.4778625324839,1604.09153968234,NaN,NaN,NaN,NaN,NaN,NaN,0,0,0,0,0,0
346447.5785851,694.2,-0.00203475309535861,0.0649528153240681,0,-64.7834446194936,8.56810536299398,1620.83734835666,66.7906124771277,17.6173353394804,1604.0278607166,NaN,NaN,NaN,NaN,NaN,NaN,0,0,0,0,0,0
346447.5890835,691.2,-0.00215493235737085,0.064598260819912,0,-64.6260340284648,8.6514104278631,1620.77073887956,67.1252525216654,17.7573258312713,1603.91925802532,NaN,NaN,NaN,NaN,NaN,NaN,0,0,0,0,0,0
346447.5996094,688.2,-0.00237931683659554,0.0648570008575916,0,-64.4459669904106,8.73420073733091,1620.74427793493,67.3658049973582,17.8244214848031,1603.80078197545,NaN,NaN,NaN,NaN,NaN,NaN,0,0,0,0,0,0
346447.6100717,685.2,-0.00219892570748925,0.0645112715661526,0,-64.2721178532047,8.81339716661755,1620.66538796802,67.596901367434,17.8796423007695,1603.74599502435,NaN,NaN,NaN,NaN,NaN,NaN,0,0,0,0,0,0
346447.6205779,682.2,-0.00290941679850221,0.065101383626461,0,-64.066891997231,8.88957095189389,1620.58055916296,67.8162596817635,18.0064984572048,1603.67590221499,NaN,NaN,NaN,NaN,NaN,NaN,0,0,0,0,0,0
346447.6310138,679.2,-0.00362347485497594,0.0655778706073761,0,-63.8566581470019,8.9970842515298,1620.49994762077,68.033111133122,18.027658230844,1603.55773364381,NaN,NaN,NaN,NaN,NaN,NaN,0,0,0,0,0,0
346447.6415077,676.2,-0.00291065499186516,0.0644962660968304,0,-63.654052483243,9.08568958463763,1620.39104820295,68.2357148021683,18.0914993775144,1603.43851701624,NaN,NaN,NaN,NaN,NaN,NaN,0,0,0,0,0,0
346447.651949,673.2,-0.00339503004215658,0.064247640222311,0,-63.3334320563208,9.14015080815843,1620.40306235222,68.4382471959522,18.2025144772991,1603.32791751835,NaN,NaN,NaN,NaN,NaN,NaN,0,0,0,0,0,0
346447.6624996,670.2,-0.00298793381080031,0.0641723446547985,0,-62.8946674661214,9.30821997037022,1620.35780784677,68.6606950794433,18.2358403388821,1603.30893894471,NaN,NaN,NaN,NaN,NaN,NaN,-0.175999999046326,0.12780000269413,0.976100027561188,-165.850006103516,89.3499984741211,743.75
346447.6729419,667.2,-0.00360844261012971,0.0644067212939262,0,-62.6899727109718,9.44433832272282,1620.33850513415,68.7475478064187,18.2320911849299,1603.26017423635,NaN,NaN,NaN,NaN,NaN,NaN,-0.181600004434586,0.146500006318092,0.972400009632111,-203.350006103516,115.110000610352,884.590026855469
346447.6833729,664.2,-0.00450343266129494,0.0659270942211151,0,-62.4875757480044,9.55608201818832,1620.36099982347,68.9267198448585,18.2708741517109,1603.21205128485,NaN,NaN,NaN,NaN,NaN,NaN,-0.190599992871284,0.134700000286102,0.972400009632111,-196.580001831055,108.75,840.669982910156
346447.6971182,661.2,-0.00330101186409593,0.0647479020059109,0,-62.3258146751263,9.69938665385096,1620.41259101529,69.1869433711885,18.3725552758763,1603.23301525393,NaN,NaN,NaN,NaN,NaN,NaN,0,0,0,0,0,0
346447.7075421,658.2,-0.00411321315914392,0.0641738198697567,0,-62.2272539008776,9.83171731310482,1620.48852642705,69.3874383706854,18.4326721434042,1603.22686783315,NaN,NaN,NaN,NaN,NaN,NaN,0,0,0,0,0,0
346447.7180567,655.2,-0.00463915755972266,0.0634035341441631,0,-62.126702600318,9.90394022522892,1620.55043406929,69.5622234478648,18.5182589906274,1603.25577316796,NaN,NaN,NaN,NaN,NaN,NaN,0,0,0,0,0,0
346447.7285096,652.2,-0.00386225874535739,0.0646281711757183,0,-61.9312150812584,9.99495959459001,1620.65811547726,69.6824003866893,18.5623565215251,1603.29129889625,NaN,NaN,NaN,NaN,NaN,NaN,0,0,0,0,0,0
346447.7390219,649.2,-0.00387339782901108,0.0639729410409927,0,-61.81377223101,10.1885429703011,1620.70298574641,69.8643550064765,18.6864851740991,1603.32930320715,NaN,NaN,NaN,NaN,NaN,NaN,0,0,0,0,0,0
346447.7494668,646.2,-0.00465150224044919,0.0639191664755344,0,-61.6751399634444,10.3848363884412,1620.75747991261,70.0541573734675,18.8450216970337,1603.43663857984,NaN,NaN,NaN,NaN,NaN,NaN,0,0,0,0,0,0
346447.7599248,643.2,-0.00423013838008046,0.064586865156889,0,-61.5273021246483,10.5336279645823,1620.80523629129,70.1628567509067,18.8435994337671,1603.51694991584,NaN,NaN,NaN,NaN,NaN,NaN,0,0,0,0,0,0
346447.7703479,640.2,-0.00404886435717344,0.0649866372346878,0,-61.4005725378729,10.6207655552231,1620.80073987911,70.2440322987552,18.9491856877194,1603.60612963513,NaN,NaN,NaN,NaN,NaN,NaN,0,0,0,0,0,0
346447.7808019,637.2,-0.00436664465814829,0.0645765721797943,0,-61.2724973170191,10.7098211205183,1620.81220924895,70.3848960952895,19.0176645924261,1603.67700915032,NaN,NaN,NaN,NaN,NaN,NaN,0,0,0,0,0,0
346447.7912782,634.2,-0.00493333442136645,0.0655151106417179,0,-61.1566292553616,10.8962870397037,1620.81164596491,70.4847123223775,19.1255031885141,1603.76312432296,NaN,NaN,NaN,NaN,NaN,NaN,0,0,0,0,0,0
346447.8017552,631.2,-0.00466296775266528,0.0644405990839005,0,-61.044379755762,11.0164568506236,1620.83510204413,70.5607508894005,19.1724886328504,1603.8551072076,NaN,NaN,NaN,NaN,NaN,NaN,0,0,0,0,0,0
346447.8122553,628.2,-0.00513689452782273,0.0646940901875496,0,-60.9314426307753,11.1538618108937,1620.89847630639,70.5823064640851,19.1868088518098,1603.8970843579,NaN,NaN,NaN,NaN,NaN,NaN,0,0,0,0,0,0
346447.8227807,625.2,-0.00516956392675638,0.0650290161371231,0,-60.7553168007962,11.3125713012044,1620.96816105959,70.6822026227694,19.2356528206682,1604.0217448409,NaN,NaN,NaN,NaN,NaN,NaN,-0.223499998450279,0.135800004005432,0.965200006961823,-191.690002441406,89.5299987792969,688.619995117188
346447.8364659,622.2,-0.00418826751410961,0.0659580327570438,0,-60.6142094743425,11.4610074883764,1621.02413143092,70.7319515559955,19.2998063353571,1604.07002281043,NaN,NaN,NaN,NaN,NaN,NaN,0,0,0,0,0,0
346447.8469216,619.2,-0.00502008805051446,0.0639783911406994,0,-60.5631940484952,11.5606907329576,1621.05561528296,70.7779598201596,19.3694617451088,1604.16544959111,NaN,NaN,NaN,NaN,NaN,NaN,0,0,0,0,0,0
346447.8573512,616.2,-0.00521714752539992,0.0645216651260853,0,-60.5153440847741,11.6768331019457,1621.11557689408,70.8495170045005,19.4256489871141,1604.21126168236,NaN,NaN,NaN,NaN,NaN,NaN,0,0,0,0,0,0
346447.8677856,613.2,-0.00612810347229242,0.0646550118923187,0,-60.4110839350234,11.8038628583164,1621.21898859343,70.8669573853166,19.4244192324672,1604.27144053613,NaN,NaN,NaN,NaN,NaN,NaN,0,0,0,0,0,0
346447.8782795,610.2,-0.00576316239312291,0.0642214886844158,0,-60.3919532005794,11.9459132958966,1621.28183600861,70.9239458242551,19.4814349659507,1604.29500081222,NaN,NaN,NaN,NaN,NaN,NaN,0,0,0,0,0,0
346447.8887459,607.2,-0.00544727127999067,0.0643904939293861,0,-60.4099592253782,12.0731582450121,1621.26972032924,71.0035614412017,19.5180927453924,1604.35508425025,NaN,NaN,NaN,NaN,NaN,NaN,0,0,0,0,0,0
346447.8993155,604.2,-0.00603200122714043,0.0644865095615387,0,-60.3195612372748,12.1539894117424,1621.32397761175,71.1333018830343,19.5355145243282,1604.35358351308,NaN,NaN,NaN,NaN,NaN,NaN,0,0,0,0,0,0
346447.9097225,601.2,-0.00694067031145096,0.0661882258951664,0,-60.3144000170501,12.2485850848819,1621.26081461352,71.2408780240151,19.534439556469,1604.32713374423,NaN,NaN,NaN,NaN,NaN,NaN,0,0,0,0,0,0
346447.9202247,598.2,-0.0061393822543323,0.0640079662203789,0,-60.2175338938994,12.2470825685973,1621.25860517424,71.3572219522949,19.5291619386572,1604.28034227257,NaN,NaN,NaN,NaN,NaN,NaN,0,0,0,0,0,0
346447.9306945,595.2,-0.00526483356952667,0.0653598368167877,0,-60.1767492661871,12.3351601564919,1621.20108435711,71.4447781476298,19.4922309403104,1604.21337637778,NaN,NaN,NaN,NaN,NaN,NaN,0,0,0,0,0,0
346447.9411666,592.2,-0.00614775158464909,0.0654144123196602,0,-60.0721976470126,12.3311880403747,1621.15246735398,71.5765557038161,19.4766319906515,1604.15585302831,NaN,NaN,NaN,NaN,NaN,NaN,0,0,0,0,0,0
346447.9516238,589.2,-0.00670134462416172,0.0646967798471451,0,-59.9230051093884,12.3547186581269,1621.15938043401,71.6678019855316,19.4520827844474,1604.15663531429,NaN,NaN,NaN,NaN,NaN,NaN,0,0,0,0,0,0
346447.9620781,586.2,-0.0061133224517107,0.0658206701278687,0,-59.8230730261732,12.3547011983114,1621.13460795157,71.7701767541349,19.4283622200717,1604.12594347373,165.224621644551,144.569822523448,1393.89502694666,-171.408902345728,156.379553258932,1384.4168081709,0,0,0,0,0,0
346447.9726199,583.2,-0.00624352646991611,0.0657078385353088,0,-59.6405328859193,12.2682188449325,1621.14944325732,71.9315023972521,19.3700454270853,1604.09723323335,165.444649085187,144.407739469049,1393.90645753415,-171.203292955514,156.409355450308,1384.41446020821,-0.248699992895126,0.137999996542931,0.958700001239777,-264.779998779297,105.290000915527,863.630004882812
346447.9832333,580.2,-0.00639047613367438,0.0660987481474876,0,-59.5553230921283,12.2464078902249,1621.13091350736,72.0839932644768,19.3413590994687,1604.14505020907,165.609353874926,144.311020576335,1393.91102834062,-171.051235206257,156.398309683423,1384.43807379322,-0.253699988126755,0.129700005054474,0.958500027656555,-275.839996337891,109.620002746582,897.469970703125
346447.9966236,577.2,-0.00628049252554774,0.0663761779665947,0,-59.4091245605545,12.2121395775685,1621.13319999385,72.2690273734471,19.2615672169951,1604.18089298402,165.76503374935,144.214520379351,1393.93284623701,-170.77866755986,156.329161673733,1384.48123530181,0,0,0,0,0,0
346448.0071915,574.2,-0.00618446059525013,0.0655877351760864,0,-59.279504520564,12.1821763164686,1621.16577270397,72.3188141242998,19.2079278884046,1604.19692127483,165.831030686617,144.164198091677,1393.94586268736,-170.657128854643,156.227513927766,1384.50527418634,0,0,0,0,0,0
346448.0177651,571.2,-0.00519938068464398,0.0669981524348259,0,-59.1493915858258,12.1415456676638,1621.19675291122,72.4050487581499,19.1795439672324,1604.19827629918,165.926283552974,144.144887475956,1393.93644728871,-170.572540202946,156.131939755449,1384.5364106865,0,0,0,0,0,0
346448.0282882,568.2,-0.00593478418886662,0.0658539481461048,0,-59.1302997103873,12.1352094360294,1621.20046604207,72.4374622774117,19.1600815065504,1604.21206471453,165.942396090613,144.119776078934,1393.94486177234,-170.530585457455,156.103567378675,1384.54573448964,0,0,0,0,0,0
346448.0389523,565.2,-0.00603462336584926,0.0655067883431912,0,-58.9647910611478,12.0935369446223,1621.20700147509,72.6286000568543,19.0961839527294,1604.22479562371,166.122583630968,144.035989051233,1393.93396034272,-170.387265050523,155.93408262549,1384.62070417011,0,0,0,0,0,0
346448.0495808,562.2,-0.00661042146384716,0.0656465537846088,0,-58.8223973833528,12.035750025233,1621.23169797463,72.8400547386534,18.9990444338952,1604.25042339984,166.304788729017,143.913878766115,1393.92818093069,-170.24443340316,155.783651958428,1384.59685626585,0,0,0,0,0,0
346448.0602455,559.2,-0.00633736001327634,0.0651967287063599,0,-58.6598097426222,11.9619426586524,1621.23877843386,73.0059262308303,18.9812196917627,1604.2417964778,166.448354567041,143.792664275313,1393.91256405057,-170.174718899852,155.682759439027,1384.61488053679,0,0,0,0,0,0
346448.071011,556.8,-0.00661865854635835,0.0655285812914372,0,-58.5022090153463,11.8756405794481,1621.26511883667,73.185816245305,18.9073359303717,1604.25399550208,166.615593618243,143.674271411784,1393.90265526349,-170.092869680365,155.576108749077,1384.6444191061,0,0,0,0,0,0
346448.0816759,559.8,-0.0065549286082387,0.0652739278972149,0,-58.3577558033157,11.7773090432443,1621.27140602674,73.2981693314019,18.8127700790976,1604.23125080125,166.764897946414,143.603473840461,1393.84788550186,-169.894951893034,155.477170335994,1384.64971905726,0,0,0,0,0,0
346448.092282,562.8,-0.00617164513096213,0.0652472026646137,0,-58.1829397013463,11.6943715747005,1621.28112467017,73.4343445433078,18.732255710813,1604.21685592977,166.924197210425,143.498313484606,1393.83312128678,-169.703768948163,155.370449548313,1384.67437171836,0,0,0,0,0,0
346448.1028386,565.8,-0.0068211555480957,0.0657301940023899,0,-58.0445465414801,11.5526003402015,1621.27586398712,73.5975714672118,18.5761956933688,1604.20988100876,167.091656962845,143.330089177542,1393.83737057551,-169.526215399888,155.266607942058,1384.6743594769,-0.273299992084503,0.129199996590614,0.953199982643127,-184.960006713867,64.5199966430664,530
346448.1133055,568.8,-0.00786437187343836,0.0657631441950798,0,-57.9188805953441,11.4909427526897,1621.26442572127,73.7752082425737,18.3491230342509,1604.28366990833,167.261119545691,143.121443611728,1393.80045884716,-169.37369003616,155.146285640938,1384.69972377481,-0.262499988079071,0.143500000238419,0.954200029373169,-183.520004272461,64.5899963378906,522.72998046875
346448.1238791,571.8,-0.00800539832562208,0.0643582925200462,0,-57.7679513546522,11.4298969761665,1621.30410310915,73.9194370073281,18.1700483004677,1604.33677528895,167.436161241101,142.903800855149,1393.74915448814,-169.27556611039,155.013085183912,1384.72304406098,-0.277200013399124,0.133000001311302,0.951600015163422,-185.259994506836,65.9700012207031,523.429992675781
346448.1365856,574.8,-0.00775671238079667,0.0654742367565632,0,-57.6252290702336,11.2606925415307,1621.2482830401,74.0877481227262,17.8713100683624,1604.32432341775,167.62048981665,142.580855774923,1393.69132233926,-169.186990250586,154.708261823374,1384.75632339766,0,0,0,0,0,0
346448.1473209,577.8,-0.00782452244311571,0.0650196470320225,0,-57.3431765595024,11.0903773004338,1621.35595074418,74.2909805625296,17.7069552306414,1604.37801501539,167.72242143132,142.375736489543,1393.65059012432,-169.089497680778,154.397946170597,1384.76129984175,0,0,0,0,0,0
346448.1579074,580.8,-0.00736577156931162,0.0650095663964748,0,-57.2757993371285,10.8709633428438,1621.20941428422,74.3983711088512,17.5503812221378,1604.34206914951,167.817377348494,142.224660865382,1393.66876419448,-168.970419734533,154.060998764305,1384.8127287445,0,0,0,0,0,0
346448.168447,583.8,-0.00754342367872596,0.0653543792665005,0,-57.0826897946596,10.6980115077288,1621.27162969435,74.5215143549538,17.3924348218322,1604.39300980447,167.870319890477,142.074184569782,1393.67149476721,-168.91209814234,153.879037474584,1384.81084910591,0,0,0,0,0,0
346448.1790559,586.8,-0.00782062113285065,0.066172244399786,0,-56.871329324645,10.4748314249014,1621.28071565313,74.5718153425112,17.1600399649344,1604.3698010953,167.9881593728,141.748477499431,1393.60037623529,-168.768114232668,153.648768691887,1384.79160702904,0,0,0,0,0,0
346448.1895747,589.8,-0.00745841860771179,0.065891744941473,0,-56.7336060228613,10.2567212238727,1621.32630937006,74.6511899780785,16.9261924820938,1604.3124651479,168.11136665948,141.537026283218,1393.59448645147,-168.647483019886,153.498034649746,1384.76291309349,0,0,0,0,0,0
346448.2001831,592.8,-0.00726965302601457,0.065960830450058,0,-56.6207174458628,9.96638989240783,1621.29395917803,74.6972122097336,16.686343840779,1604.26865177512,168.281102796837,141.262700585316,1393.49583545902,-168.542006739329,153.367519525107,1384.75664304635,0,0,0,0,0,0
346448.2107553,595.8,-0.0075204148888588,0.0657683670520783,0,-56.6100974594807,9.76146433291699,1621.28466639708,74.8070535831124,16.4209449284801,1604.20712799608,168.443210606141,140.885796147323,1393.42450295254,-168.432219147264,153.174012257066,1384.77203862347,0,0,0,0,0,0
346448.221363,598.8,-0.00754667539149523,0.0667347483336926,0,-56.5980094398448,9.51364206500938,1621.27227677561,74.8679790317513,16.1213541730057,1604.23042856055,168.54714624807,140.595599527388,1393.37990532155,-168.361930978438,152.878056641145,1384.78303467467,0,0,0,0,0,0
346448.2319532,601.8,-0.00775663321837783,0.0665619805455208,0,-56.4294998913389,9.19343526391983,1621.36702228988,74.977098544423,15.8943231569638,1604.27614935741,168.603332326178,140.387268211458,1393.33682582348,-168.253586942437,152.550672055882,1384.73439674586,0,0,0,0,0,0
346448.2425068,604.8,-0.00748154660686851,0.0670228064060211,0,-56.3315554683092,8.78233464744164,1621.36518968481,75.1816630779205,15.5672235603235,1604.24631633476,168.664532066092,140.029110862029,1393.31829023713,-168.180578268026,152.133335394019,1384.70870263916,-0.284900009632111,0.139699995517731,0.948300004005432,-267.619995117188,93.0199966430664,752.5
346448.2529888,607.8,-0.00772371329367161,0.066414101421833,0,-56.2968481551874,8.57901716109258,1621.39260632523,75.2958304705702,15.2487367825477,1604.33344569762,168.711169931739,139.753145233782,1393.30899985503,-168.136295425146,151.903697562037,1384.70605828177,-0.295100003480911,0.157499998807907,0.942399978637695,-269.980010986328,94.1100006103516,758.159973144531
346448.263564,610.8,-0.00634516635909677,0.0671772979199886,0,-56.2544284923199,8.29764094592154,1621.4520413695,75.3544694083431,14.8742401157097,1604.36989762973,168.839816594489,139.481324482498,1393.36191118956,-167.973868321645,151.674667724624,1384.74955601362,-0.28600001335144,0.13910000026226,0.948099970817566,-269.989990234375,93.6399993896484,757.390014648438
346448.2764296,613.8,-0.00808495283126831,0.0680309519171715,0,-56.2906136189639,7.88294898127036,1621.52360872727,75.5212894349402,14.3715955725345,1604.40101711965,168.926586552091,139.095605483933,1393.46378367243,-167.757642369298,151.275755512455,1384.86803821836,0,0,0,0,0,0
346448.2872322,616.8,-0.00848454609513283,0.0682779349386692,0,-56.2453019731581,7.5763733064972,1621.59728000214,75.6267759848402,14.0469976388852,1604.39023066417,168.972480019061,138.766302786127,1393.4878712546,-167.69599257526,150.918046115477,1385.01619912086,0,0,0,0,0,0
346448.2977246,619.8,-0.00754375103861094,0.0680636897683144,0,-56.0079831276354,7.04385812460268,1621.64003413698,75.6483640694885,13.6651001481472,1604.30559242025,168.984428625078,138.373262178224,1393.508302479,-167.631286270817,150.512830160813,1385.06977617868,0,0,0,0,0,0
346448.3082352,622.8,-0.00736323185265064,0.0680638983845711,0,-55.9146517811112,6.72463290236355,1621.64536171026,75.7137207615036,13.3685461428809,1604.34032617426,168.978194465123,138.052436859519,1393.5308847309,-167.640322357729,150.178586630793,1385.05120989903,0,0,0,0,0,0
346448.3188693,625.8,-0.00759082986041903,0.0687360711395741,0,-55.7408883333068,6.41310029421349,1621.60194340012,75.7905712251787,13.1810617453021,1604.39817757902,169.014545320304,137.792195155896,1393.57236338823,-167.662272487345,149.912400224232,1385.08763068057,0,0,0,0,0,0
346448.3300642,628.8,-0.00796855054795742,0.0693325031548739,0,-55.5949357594976,6.05249854043521,1621.65255429925,75.8244621845689,12.6685418994538,1604.48790985357,168.956101528587,137.370539234559,1393.53604113071,-167.673549128421,149.536296189067,1385.25110065943,0,0,0,0,0,0
346448.3406655,631.8,-0.00738594308495522,0.0684301540255547,0,-55.3950873418721,5.59875216261705,1621.70979047122,75.9284139727382,12.299724892732,1604.50030146133,168.962120782207,136.935707310135,1393.63408976634,-167.678965839494,149.116358543543,1385.31670251817,0,0,0,0,0,0
346448.3512664,634.8,-0.00774149922654033,0.0694608598947525,0,-55.3483182840074,5.07113897200724,1621.72485162091,76.0562199358639,11.9263495086567,1604.58274746463,169.025300177678,136.572684013101,1393.7205003528,-167.665434936324,148.573954210081,1385.47144045496,0,0,0,0,0,0
346448.3618782,637.8,-0.00837824307382107,0.0701258540153503,0,-55.5276687532154,4.69966262916791,1621.81221312127,76.061513814507,11.4936309569265,1604.62245781342,169.079424305115,136.203909626712,1393.77716365284,-167.559669465756,148.126912703932,1385.59912265237,0,0,0,0,0,0
346448.3724361,640.8,-0.007779894862324,0.0702345207333565,0,-55.6017137598066,4.25648531280721,1621.90738890808,76.1040828444876,10.9763192505771,1604.72273104518,169.080222050976,135.800450139787,1393.81687341448,-167.51252666672,147.669336902198,1385.67065987076,-0.287699997425079,0.152899995446205,0.94539999961853,-247.830001831055,84.5199966430664,683.880004882812
346448.3834195,643.8,-0.00833893474191427,0.0713675230741501,0,-55.6285291153156,3.84640559629444,1621.95033563831,76.084386151406,10.4734302132792,1604.8002859719,169.189079629432,135.435457967518,1393.92548118992,-167.464928656483,147.316654554143,1385.70446421545,-0.288300007581711,0.131699994206429,0.948400020599365,-238.820007324219,80.629997253418,659.570007324219
346448.394135,646.8,-0.00790173653513193,0.0707456007599831,0,-55.5504070877741,3.23024226254468,1622.09783907181,76.0327885236563,10.0066691725331,1604.87497764518,169.279210559379,134.965444182663,1394.04964060391,-167.478615379742,146.937536126736,1385.70499387414,-0.284200012683868,0.152099996805191,0.946600019931793,-235.119995117188,79.0500030517578,649.960021972656
346448.4048239,649.8,-0.00762421824038029,0.0721383135765791,0,-55.6147572153732,2.83466231076731,1622.10799547073,75.9662633842431,9.67018581967205,1604.95053152077,169.311745002858,134.524202653483,1394.13566340054,-167.447379872299,146.528432141378,1385.75793687709,-0.287800014019012,0.130999997258186,0.94870001077652,-237.399993896484,80.2099990844727,657.619995117188
346448.4154107,652.8,-0.00779133616015315,0.071587935462594,0,-55.7050333296867,2.5706026524649,1622.14216444759,75.9242170492696,9.28634253416518,1605.00378081639,169.326176294993,133.973826486851,1394.30230006786,-167.429813968562,146.24701081936,1385.81505410221,-0.284200012683868,0.153699994087219,0.946399986743927,-238.179992675781,81.620002746582,660.72998046875
346448.4259775,655.8,-0.00732882134616375,0.0710433781147003,0,-55.6078408239709,2.15781780798501,1622.19819592667,75.7702158954485,8.80539241558186,1604.98997474469,169.171112945644,133.335299317866,1394.39043544114,-167.544803357599,145.89887266304,1385.87848538998,0,0,0,0,0,0
346448.4367121,658.8,-0.00753653049468994,0.0731231108307838,0,-55.6278495403156,1.66748667331741,1622.16200013754,75.6278796550565,8.2499440222512,1605.09887677572,169.116486431932,132.990108031521,1394.42020369443,-167.634222120951,145.436713996812,1385.91654701391,0,0,0,0,0,0
346448.4472455,661.8,-0.00800633523613214,0.0733753260225058,0,-55.8607300624776,1.08214461292854,1622.26052686088,75.6227864524578,7.8257400564422,1605.14952563628,168.995484188529,132.670459021638,1394.48360236051,-167.688725036971,144.973866732805,1385.96903810675,0,0,0,0,0,0
346448.4577685,664.8,-0.00776902167126536,0.0728523604571819,0,-56.1910025498242,0.781258144873709,1622.27762862766,75.5378418155856,7.22574133978512,1605.16053108613,168.907024742373,132.247829650165,1394.52565216812,-167.689868648415,144.564050231702,1386.04061422654,0,0,0,0,0,0
346448.4682699,667.8,-0.00697867572307587,0.0752006307244301,0,-56.4719167355091,0.374819278687501,1622.22036774862,75.5541836291946,6.74883214792913,1605.15802280023,168.883471352503,131.657893862889,1394.61097097338,-167.708982746431,144.217068770535,1386.14694402011,0,0,0,0,0,0
346448.4789228,670.8,-0.00783791951835155,0.0736677650362253,0,-56.5445614783276,0.0169991802352696,1622.10005314764,75.4138446911457,6.37845899910785,1605.1603970126,168.822037994354,131.369601175874,1394.60022040802,-167.774597352937,143.883817471582,1386.18734398052,0,0,0,0,0,0
346448.4895778,673.8,-0.00868501514196396,0.0736515339463949,0,-56.4596136305376,-0.678523195705409,1622.09714508078,75.1969839048925,5.62122651895073,1605.2131311337,168.691390303664,130.79752058171,1394.60379988858,-167.743902703405,143.457485123048,1386.04319345566,0,0,0,0,0,0
346448.5000845,676.8,-0.00813645403832197,0.0748655091971159,0,-56.4498097756279,-1.09583890477149,1622.14763003384,74.9884463537824,5.23405467597772,1605.28319434759,168.616975046376,130.241172765087,1394.65279153665,-167.726201716567,143.169590306525,1386.02232765436,0,0,0,0,0,0
346448.5105879,679.8,-0.00806264858692884,0.0751346800476313,0,-56.5137765854973,-1.55252629214672,1622.14340427212,74.8597582636948,4.88168275990188,1605.28023724762,168.561178643721,129.688597260929,1394.68539113194,-167.814550239671,142.653726186229,1385.97804136612,0,0,0,0,0,0
346448.5211219,682.8,-0.0084017226472497,0.0760963097214699,0,-56.570170481185,-1.87048269359827,1622.1165947369,74.7256363734137,4.36189218050616,1605.20375287333,168.668800833079,129.263317370078,1394.79267374362,-167.960456470561,142.26763979605,1386.01292508981,0,0,0,0,0,0
346448.5316868,685.8,-0.0082193948328495,0.0761531744152308,0,-56.7369100587457,-2.39699515630749,1622.13039832384,74.6502782625637,3.79448886475869,1605.22091558226,168.628700796403,128.79814478364,1394.75565739807,-168.093777668123,141.899001936583,1385.96425257022,0,0,0,0,0,0
346448.5422491,688.8,-0.00910942349582911,0.0781850669533014,0,-56.9885476827173,-3.0582582408448,1622.0692235005,74.4996553465673,3.40747397699747,1605.20956148526,168.502406623612,128.45878159965,1394.71931401741,-168.160328388512,141.609599378745,1385.96320417106,0,0,0,0,0,0
346448.5527868,691.8,-0.00822669360786676,0.0770919401198626,0,-57.3160167715252,-3.59700836538605,1622.07439330196,74.3181223719978,2.85000404359378,1605.25181992345,168.339836690595,127.794736275415,1394.81390578609,-168.261930113823,141.148761094262,1385.96925711703,-0.254299998283386,0.116700001060963,0.960099995136261,-216.720001220703,74.5699996948242,686.260009765625
346448.5633287,694.8,-0.00786705035716295,0.0779513888061047,0,-57.442624704672,-3.86764337126482,1622.06978333231,74.203164842123,2.31896916732909,1605.27002931468,168.169296958009,127.379579288786,1394.92823310958,-168.298678485574,140.676505558176,1386.05817060569,-0.256599992513657,0.118400000035763,0.959200024604797,-197.139999389648,69.3300018310547,619.099975585938
346448.5763204,697.8,-0.00748116197064519,0.0777766186743975,0,-57.5208985486324,-4.51315806370725,1621.90494358661,74.0747746401871,1.68273240105669,1605.39374469814,168.050575543506,126.60420457934,1394.98665711771,-168.469908503704,140.093002689957,1386.1319727233,0,0,0,0,0,0
346448.5870597,700.8,-0.00771870324388146,0.0784304741770029,0,-57.7344247919724,-5.11129869811522,1622.02079031207,73.9383818010852,1.15251396153796,1605.35618149084,167.985701693358,126.245186352636,1395.05780756819,-168.575725040598,139.784879694579,1386.13390573995,0,0,0,0,0,0
346448.5976434,703.8,-0.0071668578311801,0.0784700181335211,0,-57.9973047677317,-5.4790644651882,1622.14136632974,73.7797491482486,0.672292800302126,1605.32021968859,167.888231840482,125.918363567823,1395.20908639507,-168.678286534664,139.486099925373,1386.07127847534,0,0,0,0,0,0
346448.6082787,706.8,-0.00682915560901165,0.0786222390830517,0,-58.1713981869133,-5.83859765316464,1622.23775072393,73.5751074297691,0.274793529814048,1605.29781999142,167.798815579185,125.468906070813,1395.40818168228,-168.748417375982,139.151913667922,1386.03813758328,0,0,0,0,0,0
346448.6188548,709.8,-0.00667549436911941,0.0793293718248606,0,-58.3478959636734,-6.23591847323265,1622.24673225448,73.3451275508731,-0.0826792349757846,1605.34878112398,167.599211375854,125.003746913918,1395.45109624985,-168.889960658018,138.681149495375,1386.0768990641,0,0,0,0,0,0
346448.6295573,712.8,-0.00702412286773324,0.0786583632230759,0,-58.4299781202442,-6.82329061377834,1622.46395180062,73.0469189028729,-0.723387402110047,1605.28341793015,167.394185146626,124.328618056833,1395.48004240193,-169.094306091572,138.121255508453,1386.19443361607,0,0,0,0,0,0
346448.6401131,715.8,-0.00735439360141754,0.0783885013312101,0,-58.5981748097902,-7.27923401316898,1622.57254192211,72.9876380762288,-1.0213502256295,1605.34888486746,167.275861354047,123.947377659931,1395.49975615547,-169.307769733105,137.715165107491,1386.25861143388,0,0,0,0,0,0
346448.6506597,718.8,-0.0062133832834661,0.0798257630318403,0,-58.6923527466253,-7.69412440071156,1622.49465402956,72.8957435652911,-1.35477007217495,1605.415930534,167.158611409272,123.534739770679,1395.55087092217,-169.42068596915,137.307959793932,1386.2000062851,0,0,0,0,0,0
346448.6612416,721.8,-0.00596407195553184,0.0793974012136459,0,-58.7828392028553,-8.03559603350061,1622.42842669838,72.7142228701913,-1.74934994157822,1605.49832427824,166.98272272552,123.163965921413,1395.56252869142,-169.48410458178,137.049680226536,1386.11896939889,0,0,0,0,0,0
346448.6717752,724.8,-0.00689074024558067,0.0791791010648012,0,-58.8689120379823,-8.45351680163071,1622.52035320239,72.5683837987414,-2.32383999874821,1605.59331194352,166.863744682201,122.843267144592,1395.5698091637,-169.580615607275,136.681417749014,1386.11282774825,0,0,0,0,0,0
346448.6823954,727.8,-0.00527713540941477,0.079613596573472,0,-59.1126423588334,-9.18400860487039,1622.6517920413,72.4707373548504,-2.8811118544368,1605.72419355585,166.685455135392,122.107988033376,1395.59449012829,-169.725040706447,135.979685867706,1386.22755190627,-0.207000002264977,0.119400002062321,0.971000015735626,-128.860000610352,49.5,460.559997558594
346448.6967447,730.8,-0.00500480039045215,0.0800737276673317,0,-59.4083833347893,-9.83413166405989,1622.67804940155,72.3173536362699,-3.49322441401595,1605.79043841258,166.569432575906,121.532555503513,1395.59539728777,-169.973002565658,135.332603140364,1386.26711731159,0,0,0,0,0,0
346448.707304,733.8,-0.00496902922168374,0.0802472274750471,0,-59.5127647898313,-10.0141916300537,1622.62964787475,72.201192575725,-3.96318221394715,1605.82332439525,166.361506052563,121.107636720942,1395.60283651027,-170.092604765412,134.939174845508,1386.29340691276,0,0,0,0,0,0
346448.7178829,736.8,-0.00464330427348614,0.0808089025318623,0,-59.5539199201357,-10.2196167856991,1622.54171238121,72.0737186792932,-4.35027460916467,1605.91787155733,166.305505449818,120.607695952383,1395.76057554095,-170.127840182596,134.533777405816,1386.35667613281,0,0,0,0,0,0
346448.7284362,739.8,-0.00406962865963578,0.0806714411824942,0,-59.7148058956837,-10.6582184511719,1622.46766086428,71.845004452089,-4.71484369555893,1605.98247947256,166.211035752315,120.206988023072,1395.79906934739,-170.199198902484,134.106491166101,1386.38091510687,0,0,0,0,0,0
346448.7390758,742.8,-0.0042375479824841,0.0811925757676363,0,-60.0019607864273,-11.4366718745719,1622.44728015308,71.7180827011613,-5.34258173826186,1606.05248920981,166.089359066763,119.663260918642,1395.81888282159,-170.320889826316,133.63670568942,1386.39456678495,0,0,0,0,0,0
346448.74965,745.8,-0.0036986789200455,0.0815225191414356,0,-60.1840406565507,-11.8377443219987,1622.59181027359,71.5765754430857,-5.69876448243595,1606.03804776086,165.992366274482,119.16773332305,1395.74402327862,-170.518953442686,133.219866939015,1386.48948447806,0,0,0,0,0,0
346448.7602522,748.8,-0.00327073712833226,0.0823108725249767,0,-60.2811038514412,-12.1610757920247,1622.66427454577,71.3691932064898,-6.05227595532359,1606.01402682937,165.891343165919,118.719323830294,1395.67306242521,-170.68673555888,132.774525486381,1386.460646984,0,0,0,0,0,0
346448.7708343,751.8,-0.00348115246742964,0.0823118727654219,0,-60.2964550466041,-12.529797117829,1622.69379613274,71.2812986273273,-6.43874815660883,1605.98706281088,165.82412809459,118.264402160033,1395.68656825039,-170.763811503421,132.397768266482,1386.41201987604,0,0,0,0,0,0
346448.78138,754.8,-0.00277152075432241,0.0823557678610086,0,-60.2840034421217,-13.1168334096227,1622.82093494248,71.1216122718899,-7.00933072229603,1605.85383952135,165.685592427168,117.840950928765,1395.65963595689,-170.879098052109,132.01255341662,1386.48220517794,0,0,0,0,0,0
346448.7919277,757.8,-0.0024590773973614,0.0816098157316446,0,-60.3735686581844,-13.5031209062566,1622.78386188117,71.0087758701455,-7.49754975680193,1605.89549008225,165.521819646746,117.448484663017,1395.77079102536,-171.007093466046,131.634541874776,1386.48255060741,0,0,0,0,0,0
346448.8024983,760.8,-0.00305510382167995,0.0826927166432142,0,-60.6185620186639,-13.9630141068575,1622.646955746,70.9693810059971,-7.99138757192312,1605.98739894944,165.442924770452,116.838631324982,1395.81704137624,-171.048006741632,131.050398673139,1386.42919635186,-0.131300002336502,0.120899997651577,0.983900010585785,-115.370002746582,69.7099990844727,634.190002441406
346448.8161667,763.8,-0.00214672251604497,0.0828235190361738,0,-60.7035696553002,-14.5208668367369,1622.80112216901,70.8173103740572,-8.68129668489241,1605.97798321123,165.389627970764,116.312930567068,1395.86907668135,-171.118752292191,130.498375113776,1386.48928242275,0,0,0,0,0,0
346448.8267468,766.8,-0.0025467686355114,0.0835633784532547,0,-60.9416792066528,-15.1466221145652,1622.79984903727,70.8758264020844,-9.27512194313433,1606.05607562747,165.337630172661,115.853757378589,1395.83679798184,-171.21950463271,130.1290801107,1386.68503198904,0,0,0,0,0,0
346448.8373157,769.8,-0.00309734302572906,0.0845604281872511,0,-61.0668348642811,-15.7341675190857,1622.9645234537,70.7448618112159,-9.67744520435031,1606.03565695302,165.275153495554,115.463749004754,1395.78109400172,-171.302534757072,129.680732281818,1386.83265698122,0,0,0,0,0,0
346448.8478453,772.8,-0.00211532670073211,0.0827665835618973,0,-61.2048976564332,-16.1052118074711,1622.87440292298,70.6015229998439,-10.188901225151,1605.93483915434,165.118803581387,115.205458225489,1395.7346756252,-171.371423748233,129.272416023894,1386.88284929457,0,0,0,0,0,0
346448.8583745,775.8,-0.00102408637758344,0.0835412185639143,0,-61.1963767323402,-16.3956533096253,1622.71382702825,70.5334383785826,-10.6246862773495,1606.04917389059,164.918210656034,114.864383293014,1395.80622165955,-171.453078784089,128.953556852632,1386.86295344026,0,0,0,0,0,0
346448.8688814,778.8,-0.00147953536361456,0.0838860668241978,0,-60.9997333778357,-16.7977818875541,1622.65890274586,70.4622397740618,-10.9918856381485,1606.07727593078,164.725807697441,114.38791338588,1395.90217522346,-171.531239013443,128.636572587937,1386.80958639122,0,0,0,0,0,0
346448.8794514,781.8,-0.00150537246372551,0.0838911648839712,0,-60.8413169357216,-17.6317652496421,1622.57649467231,70.3683091746056,-11.6761870674603,1606.04082003241,164.677012876643,113.806766733305,1395.97645282437,-171.664005644293,128.177000793954,1386.84821926666,0,0,0,0,0,0
346448.8899799,784.8,-0.000855813967064023,0.0842787515372038,0,-61.0389607588475,-18.1300004407658,1622.64789670291,70.4591201656849,-12.0579194536788,1605.96309525915,164.705352634816,113.509538274812,1396.02860250399,-171.756586115456,127.625968437695,1386.99517581362,0,0,0,0,0,0
346448.9006833,787.8,-0.000303354085190222,0.0848846755921841,0,-61.1749763979147,-18.5461832864111,1622.63506068863,70.5296762039032,-12.5718283697421,1605.93542826696,164.757749531951,113.28781398276,1396.01981097007,-171.806149134734,127.177689898571,1387.13459629425,0,0,0,0,0,0
346448.911252,790.8,-0.00045274686999619,0.0842059090733528,0,-61.04400137276,-19.095416841522,1622.76217421896,70.6376415753707,-13.0880349063315,1605.78842978603,164.699705966189,112.859394309064,1395.92392263729,-171.776285260121,126.891193774791,1387.1997210788,0,0,0,0,0,0
346448.9218399,793.8,-0.000438852468505502,0.084776140190661,0,-61.1065494628985,-19.6123974350572,1622.85320335229,70.7430051567352,-13.5643748024687,1605.74295107999,164.679275409453,112.507987101368,1395.91741347454,-171.772065553507,126.469878055004,1387.29927400003,0,0,0,0,0,0
346448.9323824,796.8,-0.000506332493387163,0.0851163988932967,0,-61.153085980275,-20.2207041772402,1623.11384209278,70.7835019485563,-14.0208394547633,1605.82643975382,164.67563558451,111.965912661718,1395.90066291179,-171.866154593136,125.836680834525,1387.3871959891,-0.100900001823902,0.132100000977516,0.986100018024445,-114.800003051758,96.6900024414062,802.849975585938
346448.9429961,799.8,-0.0011107426835224,0.0845160692930222,0,-61.0013176615795,-20.6178417215295,1623.09811987214,70.7153166274365,-14.5186456379639,1605.74510151788,164.637662780473,111.546617487274,1395.9865785133,-171.922711327041,125.385864669587,1387.43609328521,-0.102600000798702,0.12780000269413,0.986500024795532,-111.230003356934,94.2099990844727,787.830017089844
346448.95623,802.8,0.000164237746503204,0.085157678835094,0,-60.5867821581512,-21.3041031939009,1622.97765627105,70.7956133441451,-15.0592752215405,1605.7456518455,164.509678012698,111.099408012731,1396.06991791559,-171.967443517926,124.928383229971,1387.60780212936,0,0,0,0,0,0
346448.9668079,805.8,0.00119179219473153,0.086082075163722,0,-60.5267442501035,-21.6758138971839,1622.81441903964,70.8103744894299,-15.4488244347016,1605.70301526746,164.478563325363,110.697028768281,1396.09987788219,-172.007374349224,124.56678238342,1387.64767464658,0,0,0,0,0,0
346448.9773662,808.8,-1.13803189378814e-05,0.0855807395651937,0,-60.5036678148139,-21.9794961458941,1622.73854297244,70.7546210252505,-15.8944824287366,1605.74483799234,164.43958790196,110.374279182782,1396.09049880825,-172.078645662178,124.156427524619,1387.61331498586,0,0,0,0,0,0
346448.9879236,811.8,3.02014341286849e-05,0.0860977865755558,0,-60.3966045597688,-22.5038010379507,1622.88331334331,70.7987076444857,-16.2870083266908,1605.77273320563,164.426632538087,110.147584477849,1396.07604488266,-171.999900826806,123.691724411584,1387.66855264805,0,0,0,0,0,0
346448.9984736,814.8,-0.000334411219228059,0.0865959156304598,0,-60.7735992391711,-23.1862993765583,1622.64120244358,70.8990875555734,-16.630510931552,1605.81088431926,164.458861811687,109.882081507869,1396.06891133433,-171.97257906085,123.26997121674,1387.78467704099,0,0,0,0,0,0
346449.009008,817.8,9.39622768783011e-05,0.0861851837486029,0,-60.546175779076,-23.3991066352117,1622.79702477928,71.027361547954,-17.1371659249146,1605.80526508781,164.422462245765,109.52519906517,1396.04061517352,-172.01778470252,122.85866165272,1387.8699485691,0,0,0,0,0,0
346449.0196131,820.8,0.000394653325201944,0.0863759605214,0,-60.8233878429814,-23.8383102478166,1622.81229621723,71.0731718170806,-17.7083138185238,1605.69913652456,164.474223898208,109.04589442358,1396.08894279458,-172.076079852739,122.394488861455,1387.89695155925,0,0,0,0,0,0
346449.0301426,823.8,0.000145469821291044,0.0863428892567754,0,-60.9212731659214,-24.2525433514771,1622.86829539703,71.1105277810694,-18.0645599209836,1605.66488119634,164.467114116115,108.781577015876,1396.11566382174,-172.105949087726,122.060451729536,1387.8970554147,0,0,0,0,0,0
346449.040702,826.8,0.000181272596819326,0.0864184381440282,0,-60.991977810742,-24.7150953784825,1622.90684968396,71.151473998697,-18.4069183998957,1605.75351180314,164.423466066428,108.511087401711,1396.18951725737,-172.126314262359,121.617816646785,1387.80898677965,0,0,0,0,0,0
346449.0512863,829.8,0.000349412788636982,0.0862762233242393,0,-60.8954441826136,-25.2219440440062,1622.89735359273,71.1562436565803,-18.72799981047,1605.69913449522,164.419498991686,108.222778895466,1396.2075875431,-172.149516576998,121.259111817115,1387.83343270866,0,0,0,0,0,0
346449.0618629,832.8,0.000806949392426759,0.086862582154572,0,-60.6975260323935,-25.5328487849994,1622.90710353216,71.124740270664,-19.058897571579,1605.6475693007,164.346999907126,107.942881514324,1396.12493253951,-172.160500578216,120.9152404945,1387.84699108968,0,0,0,0,0,0
346449.0724214,835.8,0.00112771999556571,0.0875876484438777,0,-60.787981633664,-26.0267362407838,1622.67484497943,71.1218265648895,-19.4450416865727,1605.55089324315,164.263369132994,107.646999059849,1396.08887593584,-172.133691650727,120.550462284155,1387.89801241592,-0.0615000016987324,0.142800003290176,0.987800002098083,-86.8199996948242,112.690002441406,867.590026855469
346449.0829893,838.8,0.00015818745305296,0.0869468659162521,0,-60.5849060146373,-26.3152504591018,1622.50482957537,71.2599804586728,-19.7362729349969,1605.52217488751,164.25412364813,107.355556454471,1396.06539473065,-172.073196788448,120.353124620227,1387.83998080999,-0.0631000027060509,0.137099996209145,0.988499999046326,-84.2099990844727,111.23999786377,862.710021972656
346449.0965351,841.8,0.000939856632612646,0.0876691363751888,0,-60.0476941755859,-26.6874858123978,1622.66439464533,71.4136971451117,-20.2454042337995,1605.53350256706,164.228932049413,106.938165859121,1395.95207270394,-171.982905700151,119.91438579008,1387.85207387384,0,0,0,0,0,0
346449.1072791,844.8,0.000426171434810385,0.0874346274882555,0,-59.9129148435705,-27.1414342173969,1622.66932416666,71.4780496201909,-20.621139424823,1605.61896515539,164.310776898167,106.720052126715,1395.94358380132,-171.917776005301,119.414278739213,1387.87530769505,0,0,0,0,0,0
346449.1178029,847.8,0.00055209145648405,0.0882531585171819,0,-60.0873693173878,-27.6716638839029,1622.50402578896,71.4854727859678,-20.8762319394253,1605.62556833267,NaN,NaN,NaN,NaN,NaN,NaN,0,0,0,0,0,0
346449.128296,850.8,0.00103689474053681,0.0893850814551115,0,-59.8436825587085,-27.6939237402184,1622.67685910995,71.6139915792955,-21.0857418162126,1605.69406392219,NaN,NaN,NaN,NaN,NaN,NaN,0,0,0,0,0,0
346449.1387424,853.8,0.000798005319666117,0.0882709858939052,0,-59.8343690531758,-27.9649255597027,1622.6931051175,71.5968557401723,-21.3103314125621,1605.65727030083,NaN,NaN,NaN,NaN,NaN,NaN,0,0,0,0,0,0
346449.1493027,856.8,-0.000552672136109322,0.0886127263307571,0,-59.7261883566375,-28.4523983601413,1622.78755412354,71.7447603612636,-21.8193463915369,1605.73615074862,NaN,NaN,NaN,NaN,NaN,NaN,0,0,0,0,0,0
346449.1597709,859.8,0.000254034792305902,0.0890765016898513,0,-59.8008924839605,-28.8592729726866,1622.85144746971,71.7911472402175,-22.1493182342526,1605.69401169399,NaN,NaN,NaN,NaN,NaN,NaN,0,0,0,0,0,0
346449.1702375,862.8,0.000642170372884721,0.0892463516443968,0,-60.3340648527784,-29.4191774296476,1622.77062846092,71.8386229692302,-22.4028318761417,1605.6773756638,NaN,NaN,NaN,NaN,NaN,NaN,0,0,0,0,0,0
346449.1806545,865.8,-0.000310041301418096,0.089495575428009,0,-60.1674368536147,-29.4905183104018,1622.89520057653,71.8309571687643,-22.678127461059,1605.69347182604,NaN,NaN,NaN,NaN,NaN,NaN,0,0,0,0,0,0
346449.1911156,868.8,-0.000298066937830299,0.0894178882241249,0,-60.256167557809,-29.755192555038,1622.91061674686,71.823151038689,-22.9244608506263,1605.74328243925,NaN,NaN,NaN,NaN,NaN,NaN,0,0,0,0,0,0
346449.2015933,871.8,-7.34796631149948e-05,0.0898186521604657,0,-60.1704882787623,-29.9745688538311,1622.91069219748,71.8315077960162,-23.1559569172421,1605.67826406947,NaN,NaN,NaN,NaN,NaN,NaN,0,0,0,0,0,0
346449.2120671,874.8,-0.000342094426741824,0.0896920332685113,0,-59.882510386242,-30.3052689008734,1622.94725992968,71.7220868777995,-23.4142899603869,1605.65304335408,NaN,NaN,NaN,NaN,NaN,NaN,0,0,0,0,0,0
346449.2226564,877.8,-0.000547301373444498,0.0897824767976999,0,0,0,0,0,0,0,NaN,NaN,NaN,NaN,NaN,NaN,-0.0230999998748302,0.143500000238419,0.989400029182434,-47.560001373291,107.730003356934,806.02001953125
346449.2361102,880.8,-0.00066454877378419,0.0900971865281463,0,0,0,0,0,0,0,NaN,NaN,NaN,NaN,NaN,NaN,0,0,0,0,0,0
346449.2468576,883.8,-0.000626163498964161,0.0892434068024159,0,0,0,0,0,0,0,NaN,NaN,NaN,NaN,NaN,NaN,0,0,0,0,0,0
346449.2572591,886.8,-0.00118495477363467,0.0899973710998893,0,0,0,0,0,0,0,NaN,NaN,NaN,NaN,NaN,NaN,0,0,0,0,0,0
346449.2677225,889.8,-0.00107977993320674,0.0896796653047204,0,-59.3901799804102,-31.6109932292881,1622.54957917197,72.3534349960658,-24.7723845173963,1605.98747874731,NaN,NaN,NaN,NaN,NaN,NaN,0,0,0,0,0,0
346449.2781609,892.8,-0.00156097009312361,0.0901271890848875,0,-59.2607648768667,-31.8308631637602,1622.67194418391,72.4381285910865,-24.9553634086345,1605.95293769557,NaN,NaN,NaN,NaN,NaN,NaN,0,0,0,0,0,0
346449.2886104,895.8,-0.00192050379700959,0.0906643880531192,0,-59.1546663561184,-32.0518248288924,1622.70663456841,72.5673960305437,-25.0450686885267,1605.86371794794,NaN,NaN,NaN,NaN,NaN,NaN,0,0,0,0,0,0
346449.299127,898.8,-0.00199060537852347,0.089710989408195,0,-58.919419880725,-32.3724779074662,1622.81446580412,72.8180243010081,-25.0719264874081,1605.90267619455,NaN,NaN,NaN,NaN,NaN,NaN,0,0,0,0,0,0
346449.3095862,901.8,-0.00269916327670217,0.0889934938400984,0,0,0,0,0,0,0,NaN,NaN,NaN,NaN,NaN,NaN,0,0,0,0,0,0
346449.320082,904.8,-0.00167948205489665,0.0891835805028677,0,0,0,0,0,0,0,NaN,NaN,NaN,NaN,NaN,NaN,0,0,0,0,0,0
346449.3308275,907.8,-0.00206987489946187,0.0895556177943945,0,0,0,0,0,0,0,NaN,NaN,NaN,NaN,NaN,NaN,0,0,0,0,0,0
346449.3412609,910.8,-0.0030797824729234,0.0906314332038164,0,0,0,0,0,0,0,NaN,NaN,NaN,NaN,NaN,NaN,0,0,0,0,0,0
346449.3517182,913.8,-0.00194650981575251,0.0895629761740565,0,0,0,0,0,0,0,NaN,NaN,NaN,NaN,NaN,NaN,0,0,0,0,0,0
346449.3621951,916.8,-0.00237240106798708,0.0890518970787525,0,0,0,0,0,0,0,NaN,NaN,NaN,NaN,NaN,NaN,0,0,0,0,0,0
346449.3726831,919.8,-0.00229351758025587,0.0894686061888933,0,0,0,0,0,0,0,NaN,NaN,NaN,NaN,NaN,NaN,0.0331999994814396,0.141200006008148,0.989400029182434,-2.73000001907349,89.120002746582,680.049987792969
346449.3831656,922.8,-0.00194816908333451,0.0893831964582205,0,0,0,0,0,0,0,NaN,NaN,NaN,NaN,NaN,NaN,0.0292000006884336,0.138699993491173,0.98989999294281,-1.04999995231628,93.0199966430664,705.580017089844
346449.3962205,925.8,-0.00293656555004418,0.0891799772158265,0,0,0,0,0,0,0,NaN,NaN,NaN,NaN,NaN,NaN,0,0,0,0,0,0
346449.4066654,928.8,-0.00208826852031052,0.0899799432605505,0,0,0,0,0,0,0,NaN,NaN,NaN,NaN,NaN,NaN,0,0,0,0,0,0
346449.4171118,931.8,-0.00241893320344388,0.0903533440083265,0,0,0,0,0,0,0,NaN,NaN,NaN,NaN,NaN,NaN,0,0,0,0,0,0
346449.4275554,934.8,-0.00161808379925787,0.0912464935332537,0,0,0,0,0,0,0,NaN,NaN,NaN,NaN,NaN,NaN,0,0,0,0,0,0
346449.4379979,937.8,-0.00295899598859251,0.0904161049053073,0,0,0,0,0,0,0,NaN,NaN,NaN,NaN,NaN,NaN,0,0,0,0,0,0
346449.4484265,940.8,-0.0023621367290616,0.0903232930228114,0,0,0,0,0,0,0,NaN,NaN,NaN,NaN,NaN,NaN,0,0,0,0,0,0
346449.4589264,943.8,-0.00399352004751563,0.0908897848799825,0,0,0,0,0,0,0,NaN,NaN,NaN,NaN,NaN,NaN,0,0,0,0,0,0
346449.4695308,946.8,-0.00270901969633996,0.0901400143280625,0,0,0,0,0,0,0,NaN,NaN,NaN,NaN,NaN,NaN,0,0,0,0,0,0
346449.4800975,949.8,-0.00379266170784831,0.0910573568195105,0,0,0,0,0,0,0,NaN,NaN,NaN,NaN,NaN,NaN,0,0,0,0,0,0
346449.490639,952.8,-0.00250099669210613,0.0901335164904594,0,0,0,0,0,0,0,NaN,NaN,NaN,NaN,NaN,NaN,0,0,0,0,0,0
346449.5111577,955.8,-0.00304432981647551,0.089873519167304,0,0,0,0,0,0,0,NaN,NaN,NaN,NaN,NaN,NaN,0.0627000033855438,0.145999997854233,0.987299978733063,18,90.6100006103516,663.440002441406
346449.521694,958.8,-0.00318151386454701,0.0880505315959454,0,0,0,0,0,0,0,NaN,NaN,NaN,NaN,NaN,NaN,0,0,0,0,0,0
346449.5321588,961.8,-0.00342607102356851,0.0887596033513546,0,0,0,0,0,0,0,NaN,NaN,NaN,NaN,NaN,NaN,0,0,0,0,0,0
346449.5426385,964.8,-0.00393816223368049,0.0872817872092128,0,-56.5923569514841,-33.4061992866013,1622.39025555235,75.2255465073973,-25.7140384019627,1605.80638020132,NaN,NaN,NaN,NaN,NaN,NaN,0.0706999972462654,0.133900001645088,0.988499999046326,24.5699996948242,70.2699966430664,556.02001953125
346449.5560627,967.8,-0.00365867954678833,0.08777736723423,0,-56.3623504643378,-33.3393766709539,1622.3759952718,75.466172229517,-25.625359117543,1605.84897834851,NaN,NaN,NaN,NaN,NaN,NaN,0,0,0,0,0,0
346449.5664767,970.8,-0.00417033024132252,0.0870823379606009,0,-56.2227254126929,-33.294697198529,1622.37717207069,75.5377416170909,-25.5931914951546,1605.85016379812,NaN,NaN,NaN,NaN,NaN,NaN,0,0,0,0,0,0
346449.5769479,973.8,-0.00416785944253206,0.0876215849071741,0,-56.0663168469884,-33.2286592049011,1622.35974466959,75.6288291549983,-25.5978940299153,1605.8355090185,NaN,NaN,NaN,NaN,NaN,NaN,0,0,0,0,0,0
346449.5874089,976.8,-0.00455869268625975,0.0879325311630964,0,-55.8764855138321,-33.1748035501498,1622.35384956987,75.7451741127986,-25.5070699399353,1605.83658102082,NaN,NaN,NaN,NaN,NaN,NaN,0,0,0,0,0,0
346449.5979475,979.8,-0.00498406309634447,0.088510400056839,0,-55.7357863795392,-33.1245790500662,1622.30767652481,75.8780700237401,-25.4570181467192,1605.79719113494,NaN,NaN,NaN,NaN,NaN,NaN,0,0,0,0,0,0
346449.6084096,982.8,-0.00440424960106611,0.0883080860599876,0,-55.6270757260453,-33.077392804488,1622.27403186558,76.0098295284547,-25.3860372877345,1605.73372386346,NaN,NaN,NaN,NaN,NaN,NaN,0,0,0,0,0,0
346449.6188766,985.8,-0.0049382490105927,0.0882599301636219,0,-55.5185160748036,-33.032167211827,1622.24028622237,76.0951142443387,-25.3263409201616,1605.73210557353,NaN,NaN,NaN,NaN,NaN,NaN,0,0,0,0,0,0
346449.6294,988.8,-0.00487301684916019,0.0880291474983096,0,0,0,0,0,0,0,NaN,NaN,NaN,NaN,NaN,NaN,0,0,0,0,0,0
346449.639821,991.8,-0.0054212948307395,0.0882249776273966,0,0,0,0,0,0,0,NaN,NaN,NaN,NaN,NaN,NaN,0,0,0,0,0,0
346449.6506782,994.8,-0.00537571264430881,0.087660170532763,0,-55.3045335857828,-32.8604056072506,1622.14177377167,76.4796525473501,-25.160629810813,1605.68687728197,NaN,NaN,NaN,NaN,NaN,NaN,0,0,0,0,0,0
346449.6611747,997.8,-0.00608320906758308,0.0868173217400909,0,-55.2245186990584,-32.7542776374709,1622.12495711347,76.574151704665,-25.0207263050222,1605.65958399575,NaN,NaN,NaN,NaN,NaN,NaN,0,0,0,0,0,0
346449.6716349,1000.8,-0.00592846423387527,0.0881388247013092,0,-55.1608172670741,-32.6474170172542,1622.10744420106,76.6029527928966,-24.9369659348184,1605.6045232912,NaN,NaN,NaN,NaN,NaN,NaN,0,0,0,0,0,0
346449.6820479,1003.8,-0.00568255363032222,0.0880255647003651,0,-55.1246894950989,-32.4955276564531,1622.02038385076,76.6848494888346,-24.8947671087213,1605.59685753538,NaN,NaN,NaN,NaN,NaN,NaN,0,0,0,0,0,0
346449.6925781,1006.8,-0.00650792196393013,0.0879690511152148,0,-55.0342222881629,-32.3607702945,1621.9691812932,76.7003882579754,-24.8203045133775,1605.58947448624,NaN,NaN,NaN,NaN,NaN,NaN,0.118000000715256,0.139799997210503,0.98309999704361,52.6199989318848,79.7900009155273,606.159973144531
346449.7036574,1009.8,-0.00627801427617669,0.0873191071674228,0,-55.0544863958152,-32.2653115643489,1621.91785776434,76.7170679220275,-24.8179427524544,1605.55631659574,NaN,NaN,NaN,NaN,NaN,NaN,0.114900000393391,0.136000007390976,0.984000027179718,52.9700012207031,77.5599975585938,600.119995117188
346449.7141007,1012.8,-0.00726977130398154,0.0872397435829043,0,-55.0221404477764,-32.1767537414815,1621.91938687312,76.7215994676988,-24.7410903108925,1605.51742619297,NaN,NaN,NaN,NaN,NaN,NaN,0.116700001060963,0.134200006723404,0.984099984169006,56.8800010681152,81.9000015258789,649
346449.7245474,1015.8,-0.00694036530330777,0.0866649173200131,0,-55.0019079266145,-32.0978045219346,1621.88638751869,76.7510193859273,-24.7084292223231,1605.5145120444,NaN,NaN,NaN,NaN,NaN,NaN,0.153899997472763,0.125,0.980099976062775,99.3499984741211,88.2300033569336,738.369995117188
346449.7349941,1018.8,-0.00675582606345415,0.0864761997014284,0,-54.9928426597225,-32.0429977340776,1621.84363373417,76.7921406030169,-24.6869452876685,1605.46073617914,NaN,NaN,NaN,NaN,NaN,NaN,0.206400007009506,0.133300006389618,0.969299972057343,179.820007324219,112.900001525879,966.469970703125
346449.745422,1021.8,-0.00656173657625914,0.0865880701690912,0,-54.9712088715417,-31.9704515279001,1621.83348023788,76.8311230428207,-24.6427663121192,1605.42509355006,NaN,NaN,NaN,NaN,NaN,NaN,0.236100003123283,0.123199999332428,0.963900029659271,159.929992675781,84.629997253418,727.400024414062
346449.7566308,1024.8,-0.00740267429500818,0.0863498220220208,0,0,0,0,0,0,0,NaN,NaN,NaN,NaN,NaN,NaN,0,0,0,0,0,0
346449.767436,1027.8,-0.00674200151115656,0.0865776561200619,0,0,0,0,0,0,0,NaN,NaN,NaN,NaN,NaN,NaN,0,0,0,0,0,0
346449.7779026,1030.8,-0.00573749747127295,0.0865893553942442,0,0,0,0,0,0,0,NaN,NaN,NaN,NaN,NaN,NaN,0,0,0,0,0,0
346449.7883359,1033.8,-0.00723997317254543,0.0864258402958512,0,0,0,0,0,0,0,NaN,NaN,NaN,NaN,NaN,NaN,0,0,0,0,0,0
346449.7987467,1036.8,-0.00670707272365689,0.0862312795594335,0,0,0,0,0,0,0,NaN,NaN,NaN,NaN,NaN,NaN,0,0,0,0,0,0
346449.8092417,1039.8,-0.00734120002016425,0.0862598441541195,0,-54.5478135107418,-31.5124273236414,1621.67304189496,77.1780645826845,-24.2698364355738,1605.27985435955,NaN,NaN,NaN,NaN,NaN,NaN,0,0,0,0,0,0
346449.8197926,1042.8,-0.00714785885065794,0.0859482320025563,0,-54.4767031364396,-31.3944279540721,1621.63122477262,77.2324675928745,-24.2096990007189,1605.25091027452,NaN,NaN,NaN,NaN,NaN,NaN,0,0,0,0,0,0
346449.8302493,1045.8,-0.00758078647777438,0.0858374251052737,0,-54.4567517256235,-31.285348360556,1621.58974128441,77.2699829055043,-24.118973025704,1605.17233811268,NaN,NaN,NaN,NaN,NaN,NaN,0,0,0,0,0,0
346449.840779,1048.8,-0.00711675453931093,0.0853571290150285,0,-54.392071759988,-31.1957099621809,1621.54981834216,77.3925365004465,-24.0397973691398,1605.18846839145,NaN,NaN,NaN,NaN,NaN,NaN,0,0,0,0,0,0
346449.8512931,1051.8,-0.00698498170822859,0.085368394292891,0,-54.3479852841217,-31.0850788037785,1621.53138211677,77.488036124834,-23.9046268076664,1605.16365778652,NaN,NaN,NaN,NaN,NaN,NaN,0,0,0,0,0,0
346449.8617786,1054.8,-0.00728856073692441,0.0856747053563595,0,-54.2822190661227,-30.9954196599703,1621.54542195625,77.6237396453323,-23.8470316621234,1605.22358165251,NaN,NaN,NaN,NaN,NaN,NaN,0,0,0,0,0,0
346449.8722437,1057.8,-0.0060925018042326,0.0862767364829779,0,-54.2318712080901,-30.9208089976058,1621.54349822046,77.6617819297864,-23.5804326388129,1605.18626036139,NaN,NaN,NaN,NaN,NaN,NaN,0,0,0,0,0,0
346449.8827087,1060.8,-0.00724477600306273,0.085286527313292,0,-54.3263964361796,-30.971554093341,1621.40990882324,77.7392099200134,-23.4468346413954,1605.19373823079,NaN,NaN,NaN,NaN,NaN,NaN,0.266200006008148,0.119099996984005,0.956499993801117,165,72.2300033569336,625.559997558594
346449.8963868,1063.8,-0.00706663448363543,0.0857499236240983,0,0,0,0,0,0,0,NaN,NaN,NaN,NaN,NaN,NaN,0,0,0,0,0,0
346449.9069991,1066.8,-0.00724108191207051,0.085188128426671,0,-53.9697120426421,-30.435525745511,1621.71323749639,77.7727231816373,-23.0854400962885,1605.1427185284,NaN,NaN,NaN,NaN,NaN,NaN,0,0,0,0,0,0
346449.9174951,1069.8,-0.00721684983000159,0.0866546289995313,0,-53.9137967014652,-30.3233539586214,1621.7882831044,77.8247772983025,-23.0129491995057,1605.20151015987,NaN,NaN,NaN,NaN,NaN,NaN,0,0,0,0,0,0
346449.9279437,1072.8,-0.00748632522299886,0.0854942187666893,0,-53.8587343032757,-30.2363982157037,1621.87029321159,77.8159838540555,-22.8646569162925,1605.19512942467,NaN,NaN,NaN,NaN,NaN,NaN,0,0,0,0,0,0
346449.9384118,1075.8,-0.00734340818598866,0.0854032164439559,0,-53.8662432428888,-30.1243479714025,1621.94567482762,77.7628663648222,-22.6701263244091,1605.13541449984,NaN,NaN,NaN,NaN,NaN,NaN,0,0,0,0,0,0
346449.9489414,1078.8,-0.00731283845379949,0.0849503766745329,0,-53.8444714812104,-30.0412829799772,1622.04171077232,77.8255151102403,-22.4741893556847,1605.18810407315,NaN,NaN,NaN,NaN,NaN,NaN,0,0,0,0,0,0
346449.9594339,1081.8,-0.00726965442299843,0.0858131594955921,0,-53.8324315113904,-29.8526211764707,1622.1821880761,77.7989518661862,-22.2297187216673,1605.21859908546,NaN,NaN,NaN,NaN,NaN,NaN,0,0,0,0,0,0
346449.9698988,1084.8,-0.00803513266146183,0.085977522097528,0,-53.8374706659385,-29.7031892178743,1622.30588987369,77.7937828961093,-22.0973443897035,1605.26268918068,NaN,NaN,NaN,NaN,NaN,NaN,0,0,0,0,0,0
346449.9803118,1087.8,-0.00725850509479642,0.0855570970103145,0,-53.9441564904464,-29.5221485051823,1622.35845300837,77.7486260657522,-21.9785966405106,1605.28935640641,NaN,NaN,NaN,NaN,NaN,NaN,0,0,0,0,0,0
346449.990737,1090.8,-0.00764613877981901,0.0855496669188142,0,-54.015727863442,-29.3114006740958,1622.46888163866,77.7691001927636,-21.8654187160547,1605.40200553972,NaN,NaN,NaN,NaN,NaN,NaN,0,0,0,0,0,0
346450.0012095,1093.8,-0.00713923666626215,0.0857401009649038,0,-54.1260794777967,-29.0574492093623,1622.52313284362,77.717654431385,-21.7639820128822,1605.4349649723,NaN,NaN,NaN,NaN,NaN,NaN,0,0,0,0,0,0
346450.0116688,1096.8,-0.006020562723279,0.0859411092475057,0,-54.196573803903,-28.9085319875786,1622.50355554766,77.6906491824086,-21.6726507227058,1605.4849658328,NaN,NaN,NaN,NaN,NaN,NaN,0,0,0,0,0,0
346450.0223355,1099.8,-0.00723560247570276,0.0861083040013909,0,-54.1890119542649,-28.765422979747,1622.55891087164,77.6720930189971,-21.5513709814418,1605.51424113083,NaN,NaN,NaN,NaN,NaN,NaN,0,0,0,0,0,0
346450.0360119,1102.8,-0.00732246693223715,0.0861698308959603,0,-54.2401184317614,-28.6092404937246,1622.53413556723,77.7277277896204,-21.3073763401495,1605.59232397253,NaN,NaN,NaN,NaN,NaN,NaN,0,0,0,0,0,0
346450.0464821,1105.8,-0.00730953691527247,0.0856940824538469,0,-54.2737336260627,-28.5049925585551,1622.51790451282,77.7332039387923,-21.1940797384571,1605.64503597795,NaN,NaN,NaN,NaN,NaN,NaN,0,0,0,0,0,0
346450.0569806,1108.8,-0.00773658510297537,0.0848900279030204,0,-54.227588817227,-28.3843289096724,1622.49767910876,77.70157386147,-21.0581477183818,1605.64473884964,NaN,NaN,NaN,NaN,NaN,NaN,0,0,0,0,0,0
346450.0674821,1111.8,-0.00691235903650522,0.0852215740829706,0,-54.2444105419466,-28.2652487996709,1622.46740768396,77.6689605792377,-20.9504939352039,1605.65452447031,NaN,NaN,NaN,NaN,NaN,NaN,0,0,0,0,0,0
346450.0779155,1114.8,-0.00730494549497962,0.0855560837313533,0,-54.288001012378,-28.1664420970895,1622.4198707623,77.6505028415366,-20.846022322816,1605.67347207532,NaN,NaN,NaN,NaN,NaN,NaN,0,0,0,0,0,0
346450.0883876,1117.8,-0.00708220154047012,0.0861851772293449,0,-54.2636700450513,-28.0681255238596,1622.39130541391,77.6161898324087,-20.7491614932773,1605.67821624425,NaN,NaN,NaN,NaN,NaN,NaN,0,0,0,0,0,0
346450.0989191,1120.8,-0.00662688724696636,0.0860370010137558,0,-54.2656357991774,-27.9690170977068,1622.40432559972,77.562841574876,-20.5922424824437,1605.67668943058,NaN,NaN,NaN,NaN,NaN,NaN,0,0,0,0,0,0
346450.1093412,1123.8,-0.0067541622556746,0.0857686040922999,0,-54.3236397083821,-27.9062157676844,1622.38755881783,77.4875756831649,-20.4196522832776,1605.65628078322,NaN,NaN,NaN,NaN,NaN,NaN,0,0,0,0,0,0
346450.1197834,1126.8,-0.00665516639128327,0.085439064912498,0,-54.3319758199434,-27.8304336976926,1622.32436684183,77.4379286914306,-20.2649879689288,1605.649890933,NaN,NaN,NaN,NaN,NaN,NaN,0,0,0,0,0,0
346450.130182,1129.8,-0.00668635964393616,0.0850439419969916,0,-54.4059213638487,-27.7194079930054,1622.32125279038,77.3822011677385,-20.1436214085868,1605.64650424817,NaN,NaN,NaN,NaN,NaN,NaN,0,0,0,0,0,0
346450.1406568,1132.8,-0.00708955060690641,0.0852947760373354,0,-54.4435004576482,-27.5981155301839,1622.34184417579,77.3156069733772,-20.0232649532947,1605.64234784994,NaN,NaN,NaN,NaN,NaN,NaN,0,0,0,0,0,0
346450.1512031,1135.8,-0.0071513787843287,0.0856897471472621,0,-54.5365744613742,-27.4834487736716,1622.34619034205,77.2039415072726,-19.8199517229377,1605.57284242656,NaN,NaN,NaN,NaN,NaN,NaN,0,0,0,0,0,0
346450.1617985,1138.8,-0.00683021917939186,0.0852193277329207,0,-54.6972359295821,-27.3076674449259,1622.28244682617,77.0882071216776,-19.6417090493227,1605.5685765934,NaN,NaN,NaN,NaN,NaN,NaN,0,0,0,0,0,0
346450.1723326,1141.8,-0.00633745081722736,0.0851843137294054,0,-54.808321571335,-27.167775235431,1622.25938350132,77.0057022859637,-19.5339882524365,1605.56234139934,NaN,NaN,NaN,NaN,NaN,NaN,0,0,0,0,0,0
346450.182845,1144.8,-0.00618091132491827,0.0852340342476964,0,-54.8894593373851,-27.1067080040842,1622.22600943257,76.8609575369204,-19.3543317495351,1605.53315361118,NaN,NaN,NaN,NaN,NaN,NaN,0.249200001358986,0.135499998927116,0.958899974822998,203.949996948242,111.830001831055,862.340026855469
346450.1959849,1147.8,-0.00590656930580735,0.0850101852789521,0,-55.0222505233741,-26.9863922666366,1622.17024178818,76.6908188247887,-19.2351049731563,1605.51945924183,NaN,NaN,NaN,NaN,NaN,NaN,0,0,0,0,0,0
346450.2065074,1150.8,-0.00598379364237189,0.0852578286081553,0,-55.1413498691838,-26.8796841607123,1622.10446961931,76.5572581737042,-19.1725105038048,1605.48621586388,NaN,NaN,NaN,NaN,NaN,NaN,0,0,0,0,0,0
346450.2171177,1153.8,-0.00569281214848161,0.0846579469740391,0,-55.2644703110271,-26.7885730910207,1622.10893749568,76.4369599464022,-19.0943948512502,1605.42408454378,NaN,NaN,NaN,NaN,NaN,NaN,0,0,0,0,0,0
346450.2275573,1156.8,-0.00490067061036825,0.0848602330312133,0,-55.336572381952,-26.7186548408928,1622.10629584975,76.2973645660444,-18.9708495341927,1605.39524698829,NaN,NaN,NaN,NaN,NaN,NaN,0,0,0,0,0,0
346450.2380251,1159.8,-0.00515809515491128,0.0844990931451321,0,-55.4059127101983,-26.6681733072145,1622.10528007087,76.1562050213663,-18.9110514048013,1605.37264080089,NaN,NaN,NaN,NaN,NaN,NaN,0,0,0,0,0,0
346450.2484245,1162.8,-0.00371292629279196,0.0843352269381285,0,-55.5084710240593,-26.5601627659861,1622.12764174815,76.0583353774056,-18.8031988749501,1605.37764164122,NaN,NaN,NaN,NaN,NaN,NaN,0,0,0,0,0,0
346450.2588379,1165.8,-0.004939797334373,0.0842734932899475,0,-55.5874329593208,-26.4845829299703,1622.15648231883,75.9669001043778,-18.6675768697232,1605.37666374741,NaN,NaN,NaN,NaN,NaN,NaN,0,0,0,0,0,0
346450.2696458,1168.8,-0.00569100771099329,0.0831857234239578,0,-55.717490125643,-26.3783993652957,1622.13294899166,75.8739641793975,-18.5184762356883,1605.36604133213,NaN,NaN,NaN,NaN,NaN,NaN,0,0,0,0,0,0
346450.2800794,1171.8,-0.00439239153638482,0.0831722788512707,0,-55.8152531841209,-26.2912440387117,1622.12165445259,75.8100580060451,-18.4194005914847,1605.33426604683,NaN,NaN,NaN,NaN,NaN,NaN,0,0,0,0,0,0
346450.2904933,1174.8,-0.0042168702930212,0.0833704028278589,0,-55.9406648073037,-26.2050889085756,1622.17540833708,75.7215174054517,-18.3235385885458,1605.32864566768,NaN,NaN,NaN,NaN,NaN,NaN,0,0,0,0,0,0
346450.3009638,1177.8,-0.00431724777445197,0.0827198125422001,0,-56.0952281907779,-26.0813332548226,1622.245795816,75.7016270424824,-18.229868670555,1605.36490209126,NaN,NaN,NaN,NaN,NaN,NaN,0,0,0,0,0,0
346450.3115072,1180.8,-0.00432984065264463,0.0830297734588385,0,-56.228804160223,-26.0082153886832,1622.2344833397,75.6264309559873,-18.1488719460417,1605.35911911681,NaN,NaN,NaN,NaN,NaN,NaN,0,0,0,0,0,0
346450.3220199,1183.8,-0.00369049073196948,0.0838131591677666,0,-56.3211758234292,-25.9314614167333,1622.22142186792,75.5307087276891,-18.1397804134238,1605.42318454124,NaN,NaN,NaN,NaN,NaN,NaN,0,0,0,0,0,0
346450.3326009,1186.8,-0.00434185564517975,0.0830793663859367,0,-56.5795807236345,-25.8891165046721,1622.07853502248,75.4101924247463,-18.0333464742398,1605.42992391525,NaN,NaN,NaN,NaN,NaN,NaN,0.326499998569489,0.1300999969244,0.936200022697449,183.399993896484,70.9300003051758,551.820007324219
346450.343052,1189.8,-0.00392227247357368,0.082296908274293,0,-56.6990025680625,-25.865734855618,1622.06854185256,75.3163089221015,-18.0330446920833,1605.44264467479,NaN,NaN,NaN,NaN,NaN,NaN,0.326599985361099,0.1300999969244,0.936200022697449,180.300003051758,69.629997253418,543.179992675781
346450.3534693,1192.8,-0.00376393692567945,0.08259237408638,0,-56.8267710456744,-25.8523935502223,1622.0566749539,75.2072548374592,-17.9652966483473,1605.41807649071,NaN,NaN,NaN,NaN,NaN,NaN,0.326700001955032,0.129800006747246,0.936200022697449,182.889999389648,70.6500015258789,552.609985351562
346450.3638639,1195.8,-0.00429570442065597,0.0823032636195421,0,-56.9523761679548,-25.787833768626,1622.05080236592,75.111771867682,-17.9533617810415,1605.427676437,NaN,NaN,NaN,NaN,NaN,NaN,0.326200008392334,0.12950000166893,0.93639999628067,187.710006713867,72.4499969482422,568.22998046875
346450.3742441,1198.8,-0.00354502536356449,0.0819661732763052,0,-57.081213574272,-25.8083963137435,1621.99564323584,75.0361858626089,-17.9216329326351,1605.44008451212,NaN,NaN,NaN,NaN,NaN,NaN,0.329600006341934,0.130799993872643,0.935000002384186,194.220001220703,75.0699996948242,587.739990234375
346450.384658,1201.8,-0.00449606170877814,0.0817683473229408,0,-57.2170112854467,-25.7641105356742,1621.90638592193,74.9285599599707,-17.8573025774412,1605.44410293054,NaN,NaN,NaN,NaN,NaN,NaN,0.340099990367889,0.136600002646446,0.930400013923645,195.639999389648,75.7600021362305,578.109985351562
346450.3965642,1204.8,-0.00490807835012674,0.0832605570554733,0,-57.3053651795586,-25.8037701126191,1621.87919551863,74.8137681725532,-17.838733650425,1605.43548865841,NaN,NaN,NaN,NaN,NaN,NaN,0,0,0,0,0,0
346450.407043,1207.8,-0.00333627825602889,0.0826948177069426,0,-57.4882509554056,-25.8446744501061,1621.74635792131,74.7089811034403,-17.782741823426,1605.34612409346,NaN,NaN,NaN,NaN,NaN,NaN,0,0,0,0,0,0
346450.4175072,1210.8,-0.00415108120068908,0.0820771664381027,0,-57.5266675089002,-25.8732058384874,1621.71768063804,74.5849411146748,-17.7228732171604,1605.33609177103,NaN,NaN,NaN,NaN,NaN,NaN,0,0,0,0,0,0
346450.4279375,1213.8,-0.00355509389191866,0.0824111107736826,0,-57.6346325011263,-25.8759920058962,1621.6546734517,74.435014590732,-17.7061668952568,1605.28665040341,NaN,NaN,NaN,NaN,NaN,NaN,0,0,0,0,0,0
346450.4384436,1216.8,-0.00454642623662949,0.0823939353227615,0,-57.6605280977161,-25.8796426155201,1621.6577413967,74.3483775891856,-17.669813731253,1605.23370893131,NaN,NaN,NaN,NaN,NaN,NaN,0,0,0,0,0,0
346450.4489785,1219.8,-0.00385974883101881,0.0822928011417389,0,-57.7457710252698,-25.8649282110612,1621.65145274188,74.2424690145138,-17.6085709856301,1605.2084305614,NaN,NaN,NaN,NaN,NaN,NaN,0,0,0,0,0,0
346450.459615,1222.8,-0.00369193218648434,0.0831123687326908,0,-57.8438673946196,-25.8772477907766,1621.6337799416,74.0944623722301,-17.5433598682645,1605.17928427479,NaN,NaN,NaN,NaN,NaN,NaN,0,0,0,0,0,0
346450.4700853,1225.8,-0.00401661405339837,0.0825455844402313,0,-57.9156765215584,-25.8403722634083,1621.62219979866,74.024515991915,-17.541861455193,1605.16632943361,NaN,NaN,NaN,NaN,NaN,NaN,0,0,0,0,0,0
346450.4805103,1228.8,-0.00355005729943514,0.0824972543865442,0,-57.9793295621014,-25.7989643539644,1621.63181062235,73.8276908282412,-17.4982657538398,1605.10058009169,NaN,NaN,NaN,NaN,NaN,NaN,0,0,0,0,0,0
346450.4910004,1231.8,-0.00373214040882885,0.0817870482802391,0,-58.0343481630617,-25.7849201651988,1621.63579453678,73.6983248732958,-17.4510031598715,1605.09218845515,NaN,NaN,NaN,NaN,NaN,NaN,0,0,0,0,0,0
346450.5014961,1234.8,-0.00377639196813107,0.082342416420579,0,-58.0806196093088,-25.7756190368119,1621.64423648694,73.5629812259224,-17.385227196634,1605.10575642632,NaN,NaN,NaN,NaN,NaN,NaN,0,0,0,0,0,0
346450.512028,1237.8,-0.00379084632731974,0.0821022320538759,0,-58.166375471967,-25.7556018267128,1621.63402379397,73.4462441319024,-17.348175673524,1605.10943957737,NaN,NaN,NaN,NaN,NaN,NaN,0,0,0,0,0,0
346450.5234856,1240.8,-0.00382609525695443,0.0820880517363548,0,-58.2985146768289,-25.7158249822965,1621.64620727347,73.3360610344627,-17.2817004265366,1605.16062166271,NaN,NaN,NaN,NaN,NaN,NaN,0.365399986505508,0.127700001001358,0.922100007534027,227.75,73.5599975585938,618.380004882812
346450.5339801,1243.8,-0.00323090399615467,0.082710987329483,0,-58.4278043571045,-25.6496342160322,1621.65001970998,73.2277962578369,-17.249486447277,1605.21051684879,NaN,NaN,NaN,NaN,NaN,NaN,0.361000001430511,0.123199999332428,0.924399971961975,207.869995117188,67.4400024414062,551.849975585938
346450.5444274,1246.8,-0.00371242687106133,0.0826022423803806,0,-58.5271149721918,-25.6122910676383,1621.62373742081,73.119720855947,-17.2039858455859,1605.1903184099,NaN,NaN,NaN,NaN,NaN,NaN,0.369899988174438,0.127499997615814,0.920300006866455,216.320007324219,70.3199996948242,572.799987792969
346450.5549046,1249.8,-0.00351895927451551,0.0825811889022589,0,-58.6175573847739,-25.5527959809943,1621.60480221365,73.0911460242242,-17.1719957401617,1605.22711691752,NaN,NaN,NaN,NaN,NaN,NaN,0.369800001382828,0.12729999423027,0.920300006866455,218.589996337891,71.4499969482422,576.049987792969
346450.5654616,1252.8,-0.00270583108067513,0.0819673858582974,0,-58.6732305687141,-25.4956583680677,1621.59898672378,73.0252361294837,-17.1457599261216,1605.19058339584,NaN,NaN,NaN,NaN,NaN,NaN,0.374099999666214,0.129999995231628,0.918200016021729,209.710006713867,68.7200012207031,548.75
346450.5764054,1255.8,-0.00318679818883538,0.0826715644448996,0,-58.7729933006969,-25.4222932251033,1621.52097468034,72.9841008729412,-17.0421903088726,1605.18751812549,NaN,NaN,NaN,NaN,NaN,NaN,0,0,0,0,0,0
346450.5872475,1258.8,-0.00427452381700277,0.0835442844778299,0,-58.8616051867035,-25.3624791054997,1621.5108034184,72.9272286388242,-16.9216146678758,1605.15032208114,NaN,NaN,NaN,NaN,NaN,NaN,0,0,0,0,0,0
346450.597728,1261.8,-0.00277869333513081,0.0834623504430056,0,-58.9163878677981,-25.3153258045925,1621.50713472854,72.9199899839038,-16.8575560483216,1605.19575181131,NaN,NaN,NaN,NaN,NaN,NaN,0,0,0,0,0,0
346450.608159,1264.8,-0.00338698760606349,0.083010670170188,0,-58.9545054393767,-25.2328879425732,1621.52044367122,72.8674543488088,-16.7723749443555,1605.1727588537,NaN,NaN,NaN,NaN,NaN,NaN,0,0,0,0,0,0
346450.6186869,1267.8,-0.00365222687833011,0.0827363789081574,0,-58.9945572644104,-25.1671305721283,1621.52199921798,72.8276527098017,-16.6662469315824,1605.18800365497,NaN,NaN,NaN,NaN,NaN,NaN,0,0,0,0,0,0
346450.6291964,1270.8,-0.00290169566869736,0.0831374417990446,0,-59.065997115283,-25.1068138650446,1621.53305648706,72.6644620388985,-16.5560797385345,1605.19366997583,NaN,NaN,NaN,NaN,NaN,NaN,0,0,0,0,0,0
346450.6396795,1273.8,-0.00323171960189939,0.0826324731111527,0,-59.1464364846775,-25.0324641912001,1621.51035378266,72.5219871124817,-16.4191534465509,1605.22125618126,NaN,NaN,NaN,NaN,NaN,NaN,0,0,0,0,0,0
346450.6500963,1276.8,-0.00287486589513719,0.0826091360300779,0,-59.2122692169108,-24.9573633210631,1621.47900675726,72.3828661354744,-16.2973580011406,1605.22104241112,NaN,NaN,NaN,NaN,NaN,NaN,0,0,0,0,0,0
346450.6605628,1279.8,-0.00254462077282369,0.0822395853698254,0,-59.3308135298229,-24.8107596534676,1621.43822480299,72.256067222695,-16.1096031447195,1605.22334797099,NaN,NaN,NaN,NaN,NaN,NaN,0,0,0,0,0,0
346450.6710324,1282.8,-0.00357233313843608,0.0821462407708168,0,-59.4262537427729,-24.6903188733613,1621.42693468267,72.1076124428723,-15.9449417103754,1605.24710130483,NaN,NaN,NaN,NaN,NaN,NaN,0,0,0,0,0,0
346450.681517,1285.8,-0.00305386865511537,0.0819821584969759,0,-59.5362184998741,-24.5336632843076,1621.41834302447,71.9443494980588,-15.7764139068165,1605.22718485467,NaN,NaN,NaN,NaN,NaN,NaN,0,0,0,0,0,0
346450.6919974,1288.8,-0.00273203104734421,0.0822132680565119,0,-59.6767467416754,-24.3648149522167,1621.3783328519,71.8361598998821,-15.6534973648955,1605.24641516477,NaN,NaN,NaN,NaN,NaN,NaN,0,0,0,0,0,0
346450.7024135,1291.8,-0.00295416545122862,0.0822164047509432,0,-59.867721701266,-24.1907213226218,1621.37435367875,71.6880217591132,-15.5202911691873,1605.25216104469,NaN,NaN,NaN,NaN,NaN,NaN,0.397100001573563,0.133599996566772,0.907999992370605,190.339996337891,59.4599990844727,464.670013427734
346450.7156033,1294.8,-0.00264976033940911,0.0823715910315514,0,-59.9871339430303,-24.0974153792406,1621.36405918037,71.6085525862909,-15.3799844707017,1605.28346925576,NaN,NaN,NaN,NaN,NaN,NaN,0.389499992132187,0.130999997258186,0.911700010299683,204.589996337891,65.1399993896484,499.040008544922
346450.7261098,1297.8,-0.00238973321393132,0.0826781470328569,0,-60.0861519606695,-23.9728121995947,1621.39242929301,71.4988432407328,-15.2457528656305,1605.25859294382,NaN,NaN,NaN,NaN,NaN,NaN,0,0,0,0,0,0
346450.7365784,1300.8,-0.00326703325845301,0.0828667845577002,0,-60.1812670783796,-23.9002355190583,1621.39540340442,71.4229284963496,-15.1342738763956,1605.2150100813,NaN,NaN,NaN,NaN,NaN,NaN,0,0,0,0,0,0
346450.7469911,1303.8,-0.00326896854676306,0.0822432193905115,0,-60.2304506111333,-23.8318124719914,1621.38204568802,71.3390899919452,-14.9964548246085,1605.17761976556,NaN,NaN,NaN,NaN,NaN,NaN,0,0,0,0,0,0
346450.7574661,1306.8,-0.00335489492863417,0.0824232179671526,0,-60.2672314859755,-23.7779666266588,1621.38562604961,71.3371411422055,-14.8946731006011,1605.20883972362,NaN,NaN,NaN,NaN,NaN,NaN,0,0,0,0,0,0
346450.767958,1309.8,-0.00200804066844285,0.0831345342099667,0,-60.3181084142176,-23.6968973379731,1621.40271268316,71.3321206550467,-14.8027211851007,1605.24039475679,NaN,NaN,NaN,NaN,NaN,NaN,0,0,0,0,0,0
346450.7784553,1312.8,-0.00259741279296577,0.0820176064968109,0,-60.3627941648373,-23.6265982654318,1621.48138391437,71.2328072623164,-14.6929920952662,1605.19817676131,NaN,NaN,NaN,NaN,NaN,NaN,0,0,0,0,0,0
346450.7889194,1315.8,-0.00236752047203481,0.0821756277233362,0,-60.4136381906161,-23.4983951212817,1621.52934052507,71.1810036976951,-14.5735969016572,1605.20010862887,NaN,NaN,NaN,NaN,NaN,NaN,0,0,0,0,0,0
346450.7993984,1318.8,-0.0025585989933461,0.0817032236605883,0,-60.4813285946647,-23.3379506828961,1621.57075613083,71.154139972179,-14.350064367323,1605.23208215591,NaN,NaN,NaN,NaN,NaN,NaN,0,0,0,0,0,0
346450.8098238,1321.8,-0.0022031650878489,0.0819085653871298,0,-60.6118850167603,-23.1062520642898,1621.59726824522,71.1211125428082,-14.1879698073751,1605.27443380297,NaN,NaN,NaN,NaN,NaN,NaN,0,0,0,0,0,0
346450.8203423,1324.8,-0.00220304005779326,0.0824452195316553,0,-60.7004874861633,-22.8543468020395,1621.63697707908,71.0883645324077,-14.0179982694933,1605.31049619905,NaN,NaN,NaN,NaN,NaN,NaN,0,0,0,0,0,0
346450.8308251,1327.8,-0.00324925174936652,0.0834360294044018,0,-60.8781913788967,-22.6025638103233,1621.60644578283,70.9794133037697,-13.7268067999006,1605.31900201693,NaN,NaN,NaN,NaN,NaN,NaN,0,0,0,0,0,0
346450.8412974,1330.8,-0.0022244518622756,0.082393242418766,0,-60.9211590758363,-22.4494007112263,1621.61352247196,70.9200478808462,-13.5659129208889,1605.34527874928,NaN,NaN,NaN,NaN,NaN,NaN,0,0,0,0,0,0
346450.8517897,1333.8,-0.00242756097577512,0.0819435980170965,0,-60.9528322285423,-22.3186293037427,1621.6272142018,70.8448243241202,-13.3849502776224,1605.34721854497,NaN,NaN,NaN,NaN,NaN,NaN,0,0,0,0,0,0
346450.8623498,1336.8,-0.00237443717196584,0.0820433463901281,0,-61.0493316822048,-22.1474841532546,1621.56969298412,70.7382467960188,-13.2384667340936,1605.3118132831,NaN,NaN,NaN,NaN,NaN,NaN,0,0,0,0,0,0
346450.8757795,1339.8,-0.00284956092946231,0.0824200198054314,0,-61.0756989183929,-21.9479136602114,1621.53472912004,70.5968687164074,-12.9761620842388,1605.27035277404,NaN,NaN,NaN,NaN,NaN,NaN,0.43529999256134,0.139500007033348,0.889400005340576,247.809997558594,69.0800018310547,540.419982910156
346450.8864085,1342.8,-0.0019392556278035,0.0817742127925158,0,-61.162299498735,-21.7639093866264,1621.53073039448,70.4709102082586,-12.6848803186056,1605.30369921929,NaN,NaN,NaN,NaN,NaN,NaN,0,0,0,0,0,0
346450.8970919,1345.8,-0.00306843826547265,0.081657225638628,0,-61.2359713131534,-21.6132047985182,1621.54863151343,70.3223235406636,-12.4335466467652,1605.30603577237,NaN,NaN,NaN,NaN,NaN,NaN,0,0,0,0,0,0
346450.9076154,1348.8,-0.00222615501843393,0.0820464383810759,0,-61.3340576640381,-21.4300759467437,1621.53952579407,70.1713368013975,-12.2299761343688,1605.36378586715,NaN,NaN,NaN,NaN,NaN,NaN,0,0,0,0,0,0
346450.9181575,1351.8,-0.00218490185216069,0.0816702455282211,0,-61.4685265288342,-21.1932416590852,1621.58194262867,70.0384756541014,-12.0983983951115,1605.48152904016,NaN,NaN,NaN,NaN,NaN,NaN,0,0,0,0,0,0
346450.9286522,1354.8,-0.00216341321356595,0.0813755620270968,0,-61.6785409686312,-20.9503589579014,1621.52200729541,69.8713862297806,-11.9060893330581,1605.50678830038,NaN,NaN,NaN,NaN,NaN,NaN,0,0,0,0,0,0
346450.9391447,1357.8,-0.00266237067990005,0.0810761231929064,0,-61.8620979232683,-20.7494242024049,1621.54073360766,69.7012853401469,-11.6221577999133,1605.53905312846,NaN,NaN,NaN,NaN,NaN,NaN,0,0,0,0,0,0
346450.9496241,1360.8,-0.00240548374131322,0.0815111234784126,0,-61.9973206719165,-20.5744474998072,1621.53603858344,69.6757425460952,-11.4032741390063,1605.66234481712,NaN,NaN,NaN,NaN,NaN,NaN,0,0,0,0,0,0
346450.9601523,1363.2,-0.00217374181374907,0.0816512167453766,0,-62.1303399407816,-20.3420030825758,1621.59215597577,69.5901513318976,-11.3188126908733,1605.68475238497,NaN,NaN,NaN,NaN,NaN,NaN,0,0,0,0,0,0
346450.9705987,1360.2,-0.00185100338421762,0.0814465027302504,0,-62.321787061838,-20.0484605328461,1621.65983117513,69.53831582202,-11.1136071473518,1605.80783176486,NaN,NaN,NaN,NaN,NaN,NaN,0,0,0,0,0,0
346450.9811006,1357.2,-0.00257056532427669,0.0816715884953737,0,-62.4737037673049,-19.8575938046298,1621.70724904996,69.4313032641903,-11.0000176218915,1605.90614939774,NaN,NaN,NaN,NaN,NaN,NaN,0,0,0,0,0,0
346451.0005203,1354.2,-0.00226754392497241,0.0816702138632536,0,-62.489193406827,-19.8045991391534,1621.67858632576,69.3660778120125,-10.951553205607,1605.91424061072,NaN,NaN,NaN,NaN,NaN,NaN,0.453399986028671,0.149299994111061,0.878700017929077,245.690002441406,64.3199996948242,509.339996337891
346451.0109954,1351.2,-0.00249093840830028,0.0810201227664948,0,-62.7359657740705,-19.4075731885508,1621.72146511173,68.992520028585,-10.6445719094518,1605.8972976167,NaN,NaN,NaN,NaN,NaN,NaN,0,0,0,0,0,0
346451.0215495,1348.2,-0.00194471050053835,0.0809022173285484,0,-63.0260808483816,-18.9445443863008,1621.63536223479,68.5789985681128,-10.2556661994416,1606.00513040734,NaN,NaN,NaN,NaN,NaN,NaN,0,0,0,0,0,0
346451.0320418,1345.2,-0.00214189407415688,0.0815107621252537,0,-63.116542429415,-18.8264399946162,1621.6533599784,68.403070679459,-10.0646860733531,1606.04698905572,NaN,NaN,NaN,NaN,NaN,NaN,0,0,0,0,0,0
346451.0424741,1342.2,-0.00199113320559263,0.0813022613525391,0,-63.3361260662511,-18.5560112483362,1621.70803678322,68.1675826951338,-9.73220534685736,1606.0656201522,NaN,NaN,NaN,NaN,NaN,NaN,0.459699988365173,0.163000002503395,0.873000025749207,218.080001831055,57.439998626709,444.480010986328
346451.0529347,1339.2,-0.00214127008803189,0.0809874501079321,0,-63.4680731897249,-18.3741575822836,1621.72650860367,68.0322829273336,-9.49906610558903,1606.10245518651,NaN,NaN,NaN,NaN,NaN,NaN,0.463099986314774,0.157100006937981,0.872300028800964,209.5,54.0999984741211,425.489990234375
346451.0634183,1336.2,-0.00236105173826218,0.0802677556872368,0,-63.6627177146842,-18.2272536867524,1621.7232199413,67.8996818143992,-9.34404106865733,1606.14460482653,NaN,NaN,NaN,NaN,NaN,NaN,0.463200002908707,0.163499996066093,0.870999991893768,207.149993896484,52.8600006103516,419.299987792969
346451.0754071,1333.2,-0.00187285814899951,0.0807218816131353,0,-63.8315032493472,-18.1042150370254,1621.74635081706,67.8270987468311,-9.18271261616249,1606.11310491971,NaN,NaN,NaN,NaN,NaN,NaN,0.466300010681152,0.157000005245209,0.870599985122681,205.830001831055,52.2000007629395,414.760009765625
346451.0858681,1330.2,-0.0023752364795655,0.0805432893335819,0,-63.9383273932123,-17.9682655724212,1621.75413892567,67.8221123239743,-9.09180156402633,1606.12184573456,NaN,NaN,NaN,NaN,NaN,NaN,0,0,0,0,0,0
346451.0963732,1327.2,-0.00329570844769478,0.0791565556079149,0,-64.2393391878105,-17.4750933221168,1621.7627134249,67.654387544201,-8.85413035423949,1606.12346349667,NaN,NaN,NaN,NaN,NaN,NaN,0,0,0,0,0,0
346451.1113788,1324.2,-0.00259568635374308,0.079203699156642,0,-64.3844532218881,-17.1836116680465,1621.83266637285,67.5168011535241,-8.61881607848959,1606.21746269954,NaN,NaN,NaN,NaN,NaN,NaN,0,0,0,0,0,0
346451.1219177,1321.2,-0.00259596761316061,0.0793704971671104,0,-64.4703496623293,-16.9989519861846,1621.89276141822,67.3916267144877,-8.44081014789809,1606.2814773256,NaN,NaN,NaN,NaN,NaN,NaN,0,0,0,0,0,0
346451.1354268,1318.2,-0.00238457298837602,0.0789278283715248,0,-64.5842784528245,-16.821899877486,1621.93008352904,67.212893915843,-8.26114721843861,1606.26956159499,NaN,NaN,NaN,NaN,NaN,NaN,0.47189998626709,0.155399993062019,0.867900013923645,198.529998779297,47.3300018310547,394.519989013672
346451.1458534,1315.2,-0.00256993738003075,0.0789652209728956,0,-64.720012852712,-16.5766825015716,1621.86397713702,66.997545683249,-8.04740837947378,1606.29532743091,NaN,NaN,NaN,NaN,NaN,NaN,0,0,0,0,0,0
346451.156302,1312.2,-0.00282472604885697,0.0784069266170263,0,-64.8395862789621,-16.436898860736,1621.83643176692,66.7848817110388,-7.84308845227686,1606.28422388407,NaN,NaN,NaN,NaN,NaN,NaN,0,0,0,0,0,0
346451.1667423,1309.2,-0.00243679410777986,0.0789339955896139,0,-64.9460852084486,-16.3186801055273,1621.79210787422,66.6133830457482,-7.58624170814336,1606.28581928515,NaN,NaN,NaN,NaN,NaN,NaN,0,0,0,0,0,0
346451.1772146,1306.2,-0.00230256072245538,0.0782472550868988,0,-65.1193983701923,-16.1489251864224,1621.72446092842,66.4422374683179,-7.37408314310496,1606.23811842316,NaN,NaN,NaN,NaN,NaN,NaN,0,0,0,0,0,0
346451.1876509,1303.2,-0.00252820574678481,0.0784940704703331,0,-65.3019939945213,-15.976501775004,1621.71269246711,66.3025580840088,-7.25505971731405,1606.21995401204,NaN,NaN,NaN,NaN,NaN,NaN,0,0,0,0,0,0
346451.1981846,1300.2,-0.00232387287542224,0.0785429481416941,0,-65.5055621873272,-15.779292333125,1621.63869660021,66.1190609614757,-7.07498557154607,1606.13988645948,NaN,NaN,NaN,NaN,NaN,NaN,0,0,0,0,0,0
346451.2086942,1297.2,-0.00264126318506896,0.0789367578923702,0,-65.6508762093192,-15.6426090580097,1621.61400304425,66.0316507700481,-6.93712477823241,1606.17041424608,NaN,NaN,NaN,NaN,NaN,NaN,0,0,0,0,0,0
346451.2192082,1294.2,-0.00249132141470909,0.0780720267444849,0,-65.7969412363594,-15.5093751320982,1621.58354240778,65.9364521841205,-6.85917901302462,1606.1680160947,NaN,NaN,NaN,NaN,NaN,NaN,0,0,0,0,0,0
346451.2296806,1291.2,-0.00187265418935567,0.077365143597126,0,-66.0435373821567,-15.3493067081147,1621.49488335718,65.7374384633056,-6.72106101113619,1606.1978098479,NaN,NaN,NaN,NaN,NaN,NaN,0,0,0,0,0,0
346451.2402656,1288.2,-0.00251875375397503,0.0786068145185709,0,-66.2165210772492,-15.249515918503,1621.44169129077,65.5565205780811,-6.55531603051309,1606.13444401417,NaN,NaN,NaN,NaN,NaN,NaN,0,0,0,0,0,0
346451.2507063,1285.2,-0.00309297814965248,0.0781996514648199,0,-66.3199774956658,-15.1771990290596,1621.40678216455,65.4646508823566,-6.47198121041418,1606.25772309983,NaN,NaN,NaN,NaN,NaN,NaN,0,0,0,0,0,0
346451.2612604,1282.2,-0.00276551791466773,0.0785987306386232,0,-66.3671189522376,-15.0388680220359,1621.38314813682,65.2794171758388,-6.27647220933187,1606.26538170155,NaN,NaN,NaN,NaN,NaN,NaN,0,0,0,0,0,0
346451.2717658,1279.2,-0.00225592800416052,0.0783226829022169,0,-66.5026267829925,-14.8355782889917,1621.33825757976,65.0705126058951,-6.09036090450347,1606.22500305923,NaN,NaN,NaN,NaN,NaN,NaN,0,0,0,0,0,0
346451.2822261,1276.2,-0.00245153182186186,0.0781810119748116,0,-66.574828073084,-14.640262645527,1621.33344209333,64.9187210257432,-5.87650055741367,1606.17904720469,NaN,NaN,NaN,NaN,NaN,NaN,0,0,0,0,0,0
346451.2927089,1273.2,-0.00225974968634546,0.0779958110302687,0,-66.8430016970251,-14.2611745285827,1621.32921437532,64.674726120947,-5.57484794776112,1606.16996754057,NaN,NaN,NaN,NaN,NaN,NaN,0.472400009632111,0.154300004243851,0.867799997329712,206.100006103516,47.6500015258789,407.109985351562
346451.303163,1270.2,-0.00190683570690453,0.0777647238224745,0,-67.1081398649662,-13.9321316068594,1621.28628310241,64.4516252519532,-5.38267678270908,1606.14041084715,NaN,NaN,NaN,NaN,NaN,NaN,0.468800008296967,0.162200003862381,0.868300020694733,209.399993896484,49.4799995422363,414.619995117188
346451.3136533,1267.2,-0.00228592264465988,0.0774317014962435,0,-67.3186525929577,-13.7335921931926,1621.27060148378,64.269942285651,-5.28958591826782,1606.18494692252,NaN,NaN,NaN,NaN,NaN,NaN,0.469900012016296,0.154899999499321,0.869000017642975,211.949996948242,51.2700004577637,421.440002441406
346451.3244807,1264.2,-0.00208591972477734,0.077638827636838,0,-67.4704970075852,-13.5926162072617,1621.25348440819,64.0650959345492,-5.12047293076555,1606.16284858236,NaN,NaN,NaN,NaN,NaN,NaN,0.466100007295609,0.162699997425079,0.869599997997284,214.419998168945,52.1699981689453,427.450012207031
346451.3349069,1261.2,-0.00169862224720418,0.0768034592270851,0,-67.6068117697569,-13.4910770601483,1621.29911865406,63.9436437047596,-4.97387072721146,1606.19109416681,NaN,NaN,NaN,NaN,NaN,NaN,0.467999994754791,0.153099998831749,0.870400011539459,215.830001831055,52.4599990844727,431.329986572266
346451.3453422,1258.2,-0.00247656949795783,0.0770243596285582,0,-67.7185397241169,-13.3525158632894,1621.36732414607,63.8090684176763,-4.7855223333362,1606.17591021606,NaN,NaN,NaN,NaN,NaN,NaN,0.463899999856949,0.160199999809265,0.871299982070923,228.490005493164,56.939998626709,457.570007324219
346451.3557666,1255.2,-0.0020588121842593,0.0763942304998636,0,-67.8224947953117,-13.1897320633285,1621.44287836781,63.7404422935906,-4.6001394887966,1606.33556195734,NaN,NaN,NaN,NaN,NaN,NaN,0,0,0,0,0,0
346451.3662086,1252.2,-0.00216262508183718,0.0769642613828182,0,-67.8923953662899,-13.0124139719127,1621.51003917057,63.6270436237519,-4.37128443577056,1606.41860377342,NaN,NaN,NaN,NaN,NaN,NaN,0,0,0,0,0,0
346451.3777098,1249.2,-0.00270997802726924,0.0777407497167587,0,-68.0294059232418,-12.7942074432004,1621.54923175786,63.518222132207,-4.24704679443664,1606.4632124399,NaN,NaN,NaN,NaN,NaN,NaN,0,0,0,0,0,0
346451.3881499,1246.2,-0.00194937293417752,0.0769022800028324,0,-68.2527883043299,-12.4898334921471,1621.53609966166,63.3220012987767,-4.01068061605634,1606.56315643313,NaN,NaN,NaN,NaN,NaN,NaN,0,0,0,0,0,0
346451.3986913,1243.2,-0.00184504967182875,0.0768012911081314,0,-68.4241848854758,-12.2521878082502,1621.53628271673,63.1089396868751,-3.89871304977212,1606.55829591791,NaN,NaN,NaN,NaN,NaN,NaN,0,0,0,0,0,0
346451.40921,1240.2,-0.00239693652838469,0.0768685009330511,0,-68.6291597675484,-12.0688360554592,1621.46116516718,62.9250341801107,-3.73990849965539,1606.50085101786,NaN,NaN,NaN,NaN,NaN,NaN,0,0,0,0,0,0
346451.4196825,1237.2,-0.00232896627858281,0.0763277489691973,0,-68.7125453566007,-11.936162505977,1621.42301406123,62.8563422155311,-3.63304621653231,1606.53441679835,NaN,NaN,NaN,NaN,NaN,NaN,0,0,0,0,0,0
346451.4302328,1234.2,-0.00241363351233304,0.0764718804508448,0,-68.7575008219151,-11.8093698807591,1621.3924428238,62.6940806992724,-3.48061252665047,1606.49004984122,NaN,NaN,NaN,NaN,NaN,NaN,0,0,0,0,0,0
346451.4406686,1231.2,-0.00202032132074237,0.0767367914319038,0,-68.7837187065301,-11.6814511448907,1621.41216084365,62.5648485074142,-3.33464465592586,1606.48078247513,NaN,NaN,NaN,NaN,NaN,NaN,0,0,0,0,0,0
346451.4511043,1228.2,-0.00147674710024148,0.0764943197369576,0,-68.8635938039622,-11.4940034658581,1621.43954249447,62.4417784443214,-3.09442900912754,1606.52653544184,NaN,NaN,NaN,NaN,NaN,NaN,0,0,0,0,0,0
346451.4615674,1225.2,-0.00126618042122573,0.0767209310084581,0,-68.9774935104914,-11.2973444498014,1621.4651395634,62.2925094080626,-2.88782872483232,1606.59116178023,NaN,NaN,NaN,NaN,NaN,NaN,0,0,0,0,0,0
346451.4720253,1222.2,-0.00156773556955159,0.076309334859252,0,-69.1585058663257,-11.0603459753706,1621.5253616124,62.1307762783883,-2.69919365951181,1606.58020422653,NaN,NaN,NaN,NaN,NaN,NaN,0,0,0,0,0,0
346451.4825525,1219.2,-0.000789326964877546,0.0754747021943331,0,-69.392984589743,-10.763989709064,1621.4722061268,61.9657696758739,-2.44408588934899,1606.56919025937,NaN,NaN,NaN,NaN,NaN,NaN,0.430999994277954,0.131600007414818,0.892700016498566,286.160003662109,77.9700012207031,626.460021972656
346451.4959693,1216.2,-0.000938261218834668,0.0766600653529167,0,-69.5994853738919,-10.4703397343434,1621.45320277226,61.9428913801726,-2.20760499701182,1606.64318928279,NaN,NaN,NaN,NaN,NaN,NaN,0,0,0,0,0,0
346451.5064644,1213.2,-0.000995671609416604,0.0769830759614706,0,-69.7483766826874,-10.3128624480383,1621.45732523702,61.8814776963532,-1.95980160040824,1606.63584885781,NaN,NaN,NaN,NaN,NaN,NaN,0,0,0,0,0,0
346451.5169135,1210.2,-0.000773660314735025,0.076176081225276,0,-69.8245104021394,-10.223324440619,1621.50778841509,61.8244714868537,-1.78840795021494,1606.62729185565,NaN,NaN,NaN,NaN,NaN,NaN,0,0,0,0,0,0
346451.5273797,1207.2,-0.00133310037199408,0.0772141575813294,0,-69.8822977175155,-10.1051934230247,1621.62099113478,61.7923433474844,-1.60564959370283,1606.60175781242,NaN,NaN,NaN,NaN,NaN,NaN,0,0,0,0,0,0
346451.5378742,1204.2,-0.00083045638166368,0.0758836477994919,0,-69.88362244269,-9.98761932335482,1621.71890841292,61.8172456634979,-1.46313489430989,1606.68754454964,NaN,NaN,NaN,NaN,NaN,NaN,0,0,0,0,0,0
346451.548352,1201.2,-1.26203276522574e-05,0.0766978546977043,0,-69.9088689899066,-9.84430643985655,1621.80768626793,61.8703915819663,-1.29843904108739,1606.77577926846,NaN,NaN,NaN,NaN,NaN,NaN,0,0,0,0,0,0
346451.5588302,1198.2,-0.000162447555339895,0.0759982917457819,0,-69.9372911803561,-9.69898545041868,1621.85809569608,61.8860608731287,-1.17700223743578,1606.80981796533,NaN,NaN,NaN,NaN,NaN,NaN,0,0,0,0,0,0
346451.5692527,1195.2,0.000131129185319878,0.0764584749937058,0,-70.0784361375615,-9.41202253020652,1621.84244485561,61.8543939374215,-0.962187020767047,1606.86922514997,NaN,NaN,NaN,NaN,NaN,NaN,0,0,0,0,0,0
346451.5796822,1192.2,-0.000163275995873846,0.0753828011453152,0,-70.1261801710683,-9.21420301211235,1621.8517538652,61.7751127189706,-0.785263220198845,1606.88167066685,NaN,NaN,NaN,NaN,NaN,NaN,0,0,0,0,0,0
346451.5901419,1189.2,-0.000375384843209758,0.0754037763923407,0,-70.2512842613099,-9.00201110544663,1621.79937394664,61.7237308081564,-0.504800327375969,1606.93341787588,NaN,NaN,NaN,NaN,NaN,NaN,0,0,0,0,0,0
346451.6005998,1186.2,-0.000315388897433877,0.0750504568219185,0,-70.3293812176999,-8.84538194498357,1621.80882777508,61.6652810250118,-0.278276124340435,1606.9661953328,NaN,NaN,NaN,NaN,NaN,NaN,0,0,0,0,0,0
346451.6110388,1183.2,-0.00105213397182524,0.07648742236197,0,-70.3227938413668,-8.70524593692337,1621.87797127017,61.6478751676486,-0.0232653548263011,1606.96750310265,NaN,NaN,NaN,NaN,NaN,NaN,0,0,0,0,0,0
346451.6215193,1180.2,1.32319146359805e-05,0.0749015867710114,0,-70.3246189552608,-8.56741892132407,1621.98065705501,61.6219685477641,0.127812338317807,1606.96664278933,NaN,NaN,NaN,NaN,NaN,NaN,0,0,0,0,0,0
346451.6353091,1177.2,0.000146456106449477,0.0751655831933022,0,-70.3525452598753,-8.39381925684449,1622.12044338553,61.5194195683186,0.342893771727883,1606.91599422417,NaN,NaN,NaN,NaN,NaN,NaN,0.390399992465973,0.122400000691414,0.912500023841858,214.889999389648,60.2700004577637,540.52001953125
346451.6457546,1174.2,-0.000400648306822404,0.0741916041821241,0,-70.3424837528639,-8.25947590081032,1622.17884100846,61.4383196846918,0.513505612220769,1606.88886291011,NaN,NaN,NaN,NaN,NaN,NaN,0,0,0,0,0,0
346451.656232,1171.2,0.00068960920907557,0.0741452187299728,0,-70.3205800831897,-8.1651207316199,1622.22324772036,61.3780025800286,0.655749973737533,1606.87606558769,NaN,NaN,NaN,NaN,NaN,NaN,0,0,0,0,0,0
346451.6666051,1168.2,0.000555626233108342,0.0743388928472996,0,-70.3553881049296,-8.05973169443073,1622.23594287362,61.2836277381083,0.801444489863954,1606.8531094739,NaN,NaN,NaN,NaN,NaN,NaN,0,0,0,0,0,0
346451.6770384,1165.2,0.000430551473982632,0.0752581771463156,0,-70.4220098871842,-7.99997953284691,1622.24200491199,61.2324640132262,0.942381743197182,1606.8510899515,NaN,NaN,NaN,NaN,NaN,NaN,0,0,0,0,0,0
346451.6874475,1162.2,0.000529414450284094,0.0739267956465483,0,-70.415500930059,-7.93618539670351,1622.27919501051,61.173338964127,1.0601481428911,1606.83961850792,NaN,NaN,NaN,NaN,NaN,NaN,0,0,0,0,0,0
346451.6978801,1159.2,0.00110053271055222,0.0746669288724661,0,-70.4696565791046,-7.85398428618902,1622.25907364185,61.1499728558801,1.12253803199594,1606.8211509143,NaN,NaN,NaN,NaN,NaN,NaN,0,0,0,0,0,0
346451.7083068,1156.2,0.000612160190939903,0.0734973851591349,0,0,0,0,0,0,0,NaN,NaN,NaN,NaN,NaN,NaN,0,0,0,0,0,0
346451.7187323,1153.2,0.000588598952163011,0.0739159792661667,0,-70.5264794598919,-7.68124832931188,1622.25865140631,61.1586986600894,1.41315250846799,1606.84983034525,NaN,NaN,NaN,NaN,NaN,NaN,0,0,0,0,0,0
346451.7292254,1150.2,0.0011406522244215,0.0742862526327372,0,-70.6836575547612,-7.51108753725357,1622.17941388266,61.1201802481505,1.54956325701608,1606.79700927364,NaN,NaN,NaN,NaN,NaN,NaN,0,0,0,0,0,0
346451.7396868,1147.2,0.00109769520349801,0.0738772455602884,0,-70.7479927919942,-7.46226502686575,1622.17485087942,61.0882640160512,1.64111345757734,1606.77736562507,NaN,NaN,NaN,NaN,NaN,NaN,0,0,0,0,0,0
346451.7501222,1144.2,0.00107205030508339,0.0734464511275291,0,0,0,0,0,0,0,NaN,NaN,NaN,NaN,NaN,NaN,0,0,0,0,0,0
346451.760526,1141.2,4.24308964284137e-05,0.0743755962699652,0,-70.9856905392995,-7.31401269864539,1622.03009615821,61.02047289746,1.79544553428179,1606.78677237139,NaN,NaN,NaN,NaN,NaN,NaN,0,0,0,0,0,0
346451.7709428,1138.2,0.00182862090878189,0.0740603864192963,0,-71.0464266496304,-7.27945534682282,1622.04988119797,60.9607711306897,1.83208195890052,1606.77680677701,NaN,NaN,NaN,NaN,NaN,NaN,0,0,0,0,0,0
346451.7814629,1135.2,0.00134473701473325,0.0735036678612232,0,0,0,0,0,0,0,NaN,NaN,NaN,NaN,NaN,NaN,0,0,0,0,0,0
346451.7919289,1132.2,0.00110627629328519,0.0736824128776789,0,-71.2368259454574,-7.12045103789485,1622.0180121644,60.8391834806744,1.80700246139034,1606.77919971347,NaN,NaN,NaN,NaN,NaN,NaN,0,0,0,0,0,0
346451.8029264,1129.2,0.00125583040062338,0.074661173298955,0,-71.3933042077973,-7.05860984996836,1621.9604478961,60.7548156515687,1.82029667447739,1606.81213358318,NaN,NaN,NaN,NaN,NaN,NaN,0.130300000309944,0.110100001096725,0.985300004482269,82.4400024414062,77.2900009155273,747
346451.8134766,1126.2,0.00183192489203066,0.0736435413360596,0,-71.4768074276413,-6.99070808863916,1621.96006358683,60.6610112157717,1.81029516609925,1606.81327504747,NaN,NaN,NaN,NaN,NaN,NaN,0.133699998259544,0.109700001776218,0.984899997711182,75.9800033569336,70.7600021362305,697.809997558594
346451.8239151,1123.2,0.00130393926519901,0.0729992337524891,0,-71.5239240737066,-6.97091291521898,1621.98520504537,60.5941667340586,1.81172453337789,1606.80833897296,NaN,NaN,NaN,NaN,NaN,NaN,0.130500003695488,0.10639999806881,0.985700011253357,69.7200012207031,63.4799995422363,644.630004882812
346451.8343687,1120.2,0.0016623898409307,0.0729360863566399,0,-71.5800457669065,-6.95028410540914,1622.01985187702,60.5538070011873,1.79477721193663,1606.81246233937,NaN,NaN,NaN,NaN,NaN,NaN,0.131899997591972,0.104800000786781,0.985700011253357,63.6199989318848,57.5900001525879,602.210021972656
346451.8448751,1117.2,0.00124909973237664,0.0735245760530233,0,-71.6306045106048,-6.92903880806312,1622.02283757617,60.5211245878677,1.79494497517465,1606.82649722883,NaN,NaN,NaN,NaN,NaN,NaN,0.125300005078316,0.104900002479553,0.986599981784821,60.0800018310547,56.5499992370605,588.239990234375
346451.8553111,1114.2,0.00169662898406386,0.0744056798517704,0,-71.6641839969245,-6.91653841181104,1622.01784855612,60.4882615200209,1.73594322389325,1606.8305218258,NaN,NaN,NaN,NaN,NaN,NaN,0.124799996614456,0.107400000095367,0.986299991607666,58.7799987792969,58.7799987792969,597.590026855469
346451.8657569,1111.2,0.00175515690352768,0.073364993929863,0,-71.7022103343137,-6.91477077206802,1622.04261338476,60.4459329738793,1.70484868182671,1606.86558190195,NaN,NaN,NaN,NaN,NaN,NaN,0.118299998342991,0.107500001788139,0.987100005149841,58,60.25,607.109985351562
346451.8763762,1108.2,0.00154281570576131,0.0736175313591957,0,-71.7217337700236,-6.9145028729942,1622.09163257291,60.3807763082824,1.64187173435406,1606.87667775762,NaN,NaN,NaN,NaN,NaN,NaN,0,0,0,0,0,0
346451.8867961,1105.2,0.0014086744049564,0.0728695806115866,0,-71.7394144124082,-6.91494921937945,1622.10308881127,60.3856847517308,1.59784318635493,1606.89575878741,NaN,NaN,NaN,NaN,NaN,NaN,0,0,0,0,0,0
346451.897254,1102.2,0.00228487979620695,0.0736028276383877,0,-71.7421719521361,-6.91459428261407,1622.09787458576,60.3818078202039,1.54709143505021,1606.90378318717,NaN,NaN,NaN,NaN,NaN,NaN,0,0,0,0,0,0
346451.9076165,1099.2,0.00216170074418187,0.0735942929983139,0,-71.7527750544803,-6.94032682980326,1622.13599472474,60.3580460280179,1.52652462442595,1606.87905039518,NaN,NaN,NaN,NaN,NaN,NaN,0,0,0,0,0,0
346451.918085,1096.2,0.00192265945952386,0.0729147851467133,0,-71.6882580260727,-6.9636406737598,1622.19600009836,60.384896634476,1.48645140485091,1606.86123732911,NaN,NaN,NaN,NaN,NaN,NaN,0,0,0,0,0,0
346451.9284888,1093.2,0.00084653781959787,0.0734936449676752,0,-71.6913290711193,-6.96457759954282,1622.19359269555,60.4363943685674,1.45083056419365,1606.86550919105,NaN,NaN,NaN,NaN,NaN,NaN,0,0,0,0,0,0
346451.9389249,1090.2,0.00180227076634765,0.072773302346468,0,-71.6592587330982,-6.99888648829104,1622.22130085186,60.4867427173989,1.37984989906546,1606.85607130986,NaN,NaN,NaN,NaN,NaN,NaN,0,0,0,0,0,0
346451.949392,1087.2,0.00170526572037488,0.0728105235844851,0,-71.5645966099346,-7.04548496671681,1622.2865141386,60.549745035869,1.31535288187867,1606.80302553405,NaN,NaN,NaN,NaN,NaN,NaN,0,0,0,0,0,0
346451.9598112,1084.2,0.0014762447681278,0.0730340391397476,0,-71.4962849549018,-7.09872782963821,1622.29431687603,60.6150211931056,1.21600953375809,1606.78493555777,NaN,NaN,NaN,NaN,NaN,NaN,0,0,0,0,0,0
346451.9702695,1081.2,0.00253207026980817,0.0742857292294502,0,-71.3951593376111,-7.17594227369955,1622.41074673356,60.6642884429149,1.22037406170709,1606.80828934317,NaN,NaN,NaN,NaN,NaN,NaN,0,0,0,0,0,0
346451.9807537,1078.2,0.00195529917255044,0.0738218132406473,0,-71.2243759851442,-7.28979662603142,1622.50230438414,60.7007823556427,1.15819533386735,1606.79431585322,NaN,NaN,NaN,NaN,NaN,NaN,0,0,0,0,0,0
346451.9912227,1075.2,0.00196632300503552,0.0737593419849873,0,-71.0531358483105,-7.3633341036182,1622.58780136206,60.7540743747451,1.13038005485406,1606.82863545728,NaN,NaN,NaN,NaN,NaN,NaN,0,0,0,0,0,0
346452.0017208,1072.2,0.00187926250509918,0.0746150150895119,0,-70.9314095014782,-7.45371293882572,1622.66196732014,60.7959705506404,1.12277043708307,1606.83112948667,NaN,NaN,NaN,NaN,NaN,NaN,0,0,0,0,0,0
346452.0152189,1069.2,0.00124377221800387,0.0750243406742811,0,-70.5897988235336,-7.65002490721837,1622.85609524977,60.8465517237113,1.07730475614593,1606.86022501076,NaN,NaN,NaN,NaN,NaN,NaN,0.105200000107288,0.104599997401237,0.988900005817413,43.3199996948242,56.4500007629395,607.719970703125
346452.0256707,1066.2,0.00160090310964733,0.074570594727993,0,-70.4669699307614,-7.66847484919854,1622.94530226376,60.9090366192986,0.995520192704162,1606.85470504487,NaN,NaN,NaN,NaN,NaN,NaN,0.096500001847744,0.102399997413158,0.990100026130676,42.7299995422363,57.1500015258789,613.429992675781
346452.0361088,1063.2,0.0017380912322551,0.0747707359492779,0,-70.3496641698077,-7.764063234146,1623.00574574731,61.0404199770983,0.880483503015283,1606.89462277208,NaN,NaN,NaN,NaN,NaN,NaN,0,0,0,0,0,0
346452.0465359,1060.2,0.00161370739806443,0.075340835750103,0,-70.2605114809529,-7.85863110290174,1623.03387811828,61.1482423358977,0.834999109649497,1606.91996637828,NaN,NaN,NaN,NaN,NaN,NaN,0,0,0,0,0,0
346452.0570971,1057.2,0.00177829514723271,0.0751836899667978,0,-70.2209927163314,-7.91665733505593,1623.04853471301,61.2543503590856,0.71707001611869,1606.988499215,NaN,NaN,NaN,NaN,NaN,NaN,0,0,0,0,0,0
346452.0675644,1054.2,0.00135054416023195,0.0753683321177959,0,-70.2306371288713,-7.98210884796289,1623.0679839342,61.3954051469136,0.555623772588354,1607.03491148553,NaN,NaN,NaN,NaN,NaN,NaN,0,0,0,0,0,0
346452.078115,1051.2,0.00148600141983479,0.0757897760719061,0,-70.244200155711,-8.0784338467441,1623.11061854141,61.4857478765843,0.417349073385297,1607.10286076551,NaN,NaN,NaN,NaN,NaN,NaN,0,0,0,0,0,0
346452.0885747,1048.2,0.000656922231428325,0.0763919711112976,0,-70.2342729850648,-8.19684490471688,1623.17350665179,61.5594462981286,0.234646033616365,1607.14381004265,NaN,NaN,NaN,NaN,NaN,NaN,0,0,0,0,0,0
346452.0990373,1045.2,0.00124011980369687,0.0763360247015953,0,-70.1981534896256,-8.35448098885983,1623.28637389729,61.6121773479007,0.0403071760465128,1607.25583660486,NaN,NaN,NaN,NaN,NaN,NaN,0,0,0,0,0,0
346452.1095088,1042.2,0.00074664963176474,0.0772175624966621,0,-70.1407322203908,-8.58224017893453,1623.3392207781,61.6827836098009,-0.234134000510599,1607.28990816529,NaN,NaN,NaN,NaN,NaN,NaN,0,0,0,0,0,0
346452.1200735,1039.2,0.000983690493740141,0.0762115683406591,0,-70.032452166038,-8.81533666509816,1623.33608917204,61.7377939550475,-0.49143247747642,1607.39411724885,NaN,NaN,NaN,NaN,NaN,NaN,0,0,0,0,0,0
346452.1305868,1036.2,0.000691681285388768,0.076156510412693,0,-69.85217846694,-9.16439111052395,1623.39578719069,61.7866410906817,-0.754225914537377,1607.45155323401,NaN,NaN,NaN,NaN,NaN,NaN,0,0,0,0,0,0
346452.1410659,1033.2,0.00037545949453488,0.0769643824547529,0,-69.8092249361021,-9.43226366469406,1623.30074996716,61.713656065455,-0.953047365455207,1607.41223863748,NaN,NaN,NaN,NaN,NaN,NaN,0,0,0,0,0,0
346452.151541,1030.2,0.000340142083587125,0.0775294288992882,0,-69.6991204360357,-9.7050381470104,1623.27292331474,61.7620525232048,-1.22302881295244,1607.46545518302,NaN,NaN,NaN,NaN,NaN,NaN,0,0,0,0,0,0
346452.1620893,1027.2,0.000211029153433628,0.0773643296211958,0,-69.7393806375526,-9.84260895407982,1623.12651035723,61.7611093699898,-1.38529181657223,1607.48682863262,NaN,NaN,NaN,NaN,NaN,NaN,0,0,0,0,0,0
346452.1725686,1024.2,0.000583459972403944,0.0786632042378187,0,-69.7727181383408,-9.97695394832521,1623.07244739994,61.7331417753463,-1.59325077788553,1607.48079370047,NaN,NaN,NaN,NaN,NaN,NaN,0.0742999985814095,0.100900001823902,0.99210000038147,24.2700004577637,48.5099983215332,537.409973144531
346452.1830138,1021.2,0.000235867788433097,0.078760527446866,0,-69.8477762226989,-10.0873613802487,1623.02965043302,61.6446944947153,-1.80918317084739,1607.4657974138,NaN,NaN,NaN,NaN,NaN,NaN,0.0742999985814095,0.0931999981403351,0.992900013923645,25.4599990844727,44.7400016784668,543.510009765625
346452.193503,1018.2,-4.1780909668887e-05,0.0783933218568564,0,-69.8538823398952,-10.186223953807,1622.99966492109,61.6260111601969,-2.02742191819344,1607.47740065151,NaN,NaN,NaN,NaN,NaN,NaN,0.118699997663498,0.0825000032782555,0.989499986171722,55.0499992370605,44.2099990844727,658.070007324219
346452.2040144,1015.2,-0.000206145516131073,0.0793944451957941,0,-69.8846536568321,-10.3751125643725,1622.96976765201,61.6168267386765,-2.19220745248202,1607.47251878444,NaN,NaN,NaN,NaN,NaN,NaN,0.146599993109703,0.0996999964118004,0.984200000762939,93.4899978637695,68.9800033569336,784.27001953125
346452.2150889,1012.2,-0.000698840653058141,0.0795360025018454,0,-69.8238594874088,-10.6061565288613,1622.98672852643,61.6043123475981,-2.41140711589155,1607.49255999256,NaN,NaN,NaN,NaN,NaN,NaN,0.177599996328354,0.115900002419949,0.977299988269806,119.26000213623,81.4000015258789,788.809997558594
346452.2255868,1009.2,-0.000716334208846092,0.0789646752178669,0,-69.7412804725601,-10.8749310052055,1623.0390664088,61.6164685216186,-2.68212248880493,1607.51048002571,NaN,NaN,NaN,NaN,NaN,NaN,0.193900004029274,0.114100001752377,0.974399983882904,121.370002746582,74.5299987792969,703.960021972656
346452.2361048,1006.2,-5.91969437664375e-05,0.0787688832730055,0,-69.6730682795653,-11.290267246053,1623.14787202167,61.6904641072503,-2.91996156728207,1607.62587962126,NaN,NaN,NaN,NaN,NaN,NaN,0,0,0,0,0,0
346452.2465817,1003.2,-0.000703755766153336,0.0796685613691807,0,-69.6625790876386,-11.5719776417523,1623.19542470206,61.7301960331379,-3.06692012781174,1607.62537479219,NaN,NaN,NaN,NaN,NaN,NaN,0,0,0,0,0,0
346452.2570283,1000.2,-0.00165361538529396,0.0799083061516285,0,-69.6470272505097,-11.7126770296925,1623.21665998959,61.8579276452021,-3.219707955935,1607.71836079817,NaN,NaN,NaN,NaN,NaN,NaN,0,0,0,0,0,0
346452.2675059,997.2,-0.000989241292700171,0.0805530048906803,0,-69.6472441510992,-11.795420102166,1623.25393925489,61.9382397299047,-3.32617754213544,1607.73375784647,NaN,NaN,NaN,NaN,NaN,NaN,0,0,0,0,0,0
346452.2780153,994.2,-0.000794634339399636,0.0798019416630268,0,-69.6574977279296,-11.9484415756005,1623.28899104014,62.1090687991629,-3.48685081585451,1607.8787633893,NaN,NaN,NaN,NaN,NaN,NaN,0,0,0,0,0,0
346452.2885969,991.2,-0.000781972077675164,0.0806867428123951,0,-69.6495974592303,-12.0873648763427,1623.26241711641,62.2072395346785,-3.60012605774503,1607.91801492914,NaN,NaN,NaN,NaN,NaN,NaN,0,0,0,0,0,0
346452.2992458,988.2,-0.000823883106932044,0.0799824059009552,0,-69.5781659587635,-12.3379016447608,1623.35313095491,62.3472404783781,-3.81489677145915,1607.96072362184,NaN,NaN,NaN,NaN,NaN,NaN,0,0,0,0,0,0
346452.3097457,985.2,-0.000985682709142566,0.0797799549996853,0,-69.3593873941467,-12.5846570355305,1623.49726476422,62.4024916096208,-3.88228572335255,1607.94624937,NaN,NaN,NaN,NaN,NaN,NaN,0,0,0,0,0,0
346452.3202283,982.2,-0.00082546571502462,0.0805448837578297,0,-69.2970031680378,-12.9269543563094,1623.56288378724,62.4862920830305,-4.09325125396851,1607.95633959673,NaN,NaN,NaN,NaN,NaN,NaN,0,0,0,0,0,0
346452.3306939,979.2,-6.23006708337925e-05,0.0804110378026962,0,-69.1816878111517,-13.2183873984478,1623.68084088241,62.5940545372098,-4.24009630400365,1608.00166096264,NaN,NaN,NaN,NaN,NaN,NaN,0,0,0,0,0,0
346452.3411629,976.2,-2.14291922020493e-05,0.0805066399276257,0,-69.2376437650236,-13.4480717865132,1623.61530630678,62.6321845962682,-4.40108440424939,1607.96429606007,NaN,NaN,NaN,NaN,NaN,NaN,0,0,0,0,0,0
346452.3552135,973.2,-5.38692329428159e-05,0.0811116382479668,0,-69.2346751704817,-13.6277049238003,1623.58666234282,62.6704488290545,-4.67714767723096,1607.8968344291,NaN,NaN,NaN,NaN,NaN,NaN,0.164399996399879,0.120200000703335,0.978999972343445,122.400001525879,95.2799987792969,874.52001953125
346452.3656633,970.2,-0.000243458227487281,0.0808548279106617,0,-69.224138273926,-13.8020995908403,1623.52815171178,62.6695578531767,-4.8795818167169,1607.83731358763,NaN,NaN,NaN,NaN,NaN,NaN,0,0,0,0,0,0
346452.376164,967.2,-0.000567491631954908,0.0813122674822807,0,-69.2562154012225,-13.9798220851923,1623.46278329331,62.6754221290263,-4.99187637903384,1607.82544740017,NaN,NaN,NaN,NaN,NaN,NaN,0,0,0,0,0,0
346452.3866049,964.2,-0.000762117677368224,0.0812392853200436,0,-69.185940284332,-14.1937763434389,1623.3497444965,62.6767559888236,-5.17471281598059,1607.84330625892,NaN,NaN,NaN,NaN,NaN,NaN,0,0,0,0,0,0
346452.3971025,961.2,-0.000567993614822626,0.0819685313850641,0,-69.1475356615246,-14.4042345447145,1623.23285371916,62.667321150584,-5.34743146979759,1607.81772187893,NaN,NaN,NaN,NaN,NaN,NaN,0,0,0,0,0,0
346452.4075584,958.2,-0.000184066273504868,0.0808052442967892,0,-69.0465248716565,-14.5734209779045,1623.22569591323,62.6814826717159,-5.54203987768171,1607.85458589281,NaN,NaN,NaN,NaN,NaN,NaN,0,0,0,0,0,0
346452.4180217,955.2,-0.00017806795949582,0.0816367588937283,0,-68.8936903580455,-14.8362308491805,1623.2000200914,62.695554055635,-5.74510910372476,1607.79078787866,NaN,NaN,NaN,NaN,NaN,NaN,0,0,0,0,0,0
346452.4284656,952.2,-0.000203019531909376,0.081947822496295,0,-68.8540186044452,-15.0855850403002,1623.10846939418,62.6621406673275,-5.8434776981355,1607.76285792731,NaN,NaN,NaN,NaN,NaN,NaN,0,0,0,0,0,0
346452.438973,949.2,-0.000161543794092722,0.0823145437985659,0,-68.8062639590116,-15.2867234772401,1623.10297601747,62.6494640352597,-5.96653628369723,1607.79427417778,NaN,NaN,NaN,NaN,NaN,NaN,0,0,0,0,0,0
346452.4494523,946.2,-0.000514747865963727,0.0816721882671118,0,-68.774777897372,-15.532366552243,1623.12478390913,62.6777038912943,-6.23639094816157,1607.86242071203,NaN,NaN,NaN,NaN,NaN,NaN,0,0,0,0,0,0
346452.4599388,943.2,-0.000528544711414725,0.081270344927907,0,-68.6974191588841,-15.7154663417279,1623.14674172614,62.7185899082456,-6.49832211908532,1607.90672780999,NaN,NaN,NaN,NaN,NaN,NaN,0,0,0,0,0,0
346452.4704231,940.2,-0.00046110016410239,0.0816879890859127,0,-68.7424888695949,-15.8413729997752,1623.11515037832,62.7589483280819,-6.72393879115133,1607.91986265479,NaN,NaN,NaN,NaN,NaN,NaN,0,0,0,0,0,0
346452.4809933,937.2,0.000170676270499825,0.0816724993288517,0,-68.7453762828224,-15.9794300233919,1623.13567746246,62.8291018079776,-6.96695545455247,1607.91409205527,NaN,NaN,NaN,NaN,NaN,NaN,0,0,0,0,0,0
346452.4913768,934.2,0.000166291967616417,0.0815855752676725,0,-68.7796855521729,-16.1168706245201,1623.1298266933,62.8820877710881,-7.15732797927582,1607.96432563817,NaN,NaN,NaN,NaN,NaN,NaN,0,0,0,0,0,0
346452.5022311,931.2,-0.000257051113294438,0.0815188329666853,0,-68.7785142413305,-16.1596579414074,1623.14934890563,62.8985052329125,-7.22811466654259,1607.96413801365,NaN,NaN,NaN,NaN,NaN,NaN,0.118400000035763,0.119599997997284,0.985700011253357,53.0499992370605,67.7600021362305,627.309997558594
346452.5150069,928.2,8.80438383319415e-05,0.0816008917987347,0,-68.6360602469058,-16.4968836665343,1623.16813252928,63.0298882567411,-7.48986778910122,1607.95648982008,NaN,NaN,NaN,NaN,NaN,NaN,0,0,0,0,0,0
346452.5336802,925.2,-1.62055948749185e-05,0.0815055392682552,0,-68.5537363152628,-16.5781417957477,1623.21010083799,63.0479230616096,-7.57521324867985,1607.97149607124,NaN,NaN,NaN,NaN,NaN,NaN,0.11259999871254,0.118500001728535,0.986500024795532,45.6500015258789,62.5400009155273,580.799987792969
346452.5441625,922.2,0.000168414728250355,0.0814523048698902,0,-68.4431242100534,-17.131425443144,1623.17932528992,63.1199013402053,-7.98213977808872,1607.88821987396,NaN,NaN,NaN,NaN,NaN,NaN,0.100299999117851,0.122800000011921,0.987299978733063,45.0400009155273,73.5199966430664,646.700012207031
346452.5550439,919.2,-0.00056202505948022,0.0818482343107462,0,-68.5084433412481,-17.2509200492423,1623.16601421032,63.1823646625071,-8.10021484717005,1607.83524904573,NaN,NaN,NaN,NaN,NaN,NaN,0.0975999981164932,0.1216000020504,0.987800002098083,42.2000007629395,71.5899963378906,638.429992675781
346452.5655789,916.2,-0.000628832262009382,0.0822643045336008,0,-68.4822675587876,-17.4362952520198,1623.19175399355,63.2529103362948,-8.31657392655345,1607.86513128607,NaN,NaN,NaN,NaN,NaN,NaN,0.091899998486042,0.120600000023842,0.988399982452393,39.5999984741211,71.379997253418,637.950012207031
346452.5760267,913.2,0.000271565368166193,0.0826040603220463,0,-68.4461827500352,-17.6932821338757,1623.24265469634,63.3233683210048,-8.62104271089093,1607.8834433981,NaN,NaN,NaN,NaN,NaN,NaN,0,0,0,0,0,0
346452.5864765,910.2,-0.000125015634694137,0.0821722824126482,0,-68.4197247695324,-17.8519803740794,1623.29345054145,63.374289675892,-8.79724392419409,1607.90648371877,NaN,NaN,NaN,NaN,NaN,NaN,0,0,0,0,0,0
346452.5969838,907.2,-0.000559175736270845,0.0826698992401362,0,-68.3920103415717,-18.0216249233687,1623.33292507943,63.4087702516193,-8.92285487419345,1607.88949031655,NaN,NaN,NaN,NaN,NaN,NaN,0,0,0,0,0,0
346452.6074223,904.2,-0.000464385491795838,0.0822761658579111,0,-68.3422590054224,-18.2254010357469,1623.31279049424,63.4697632033532,-9.05340185186977,1607.89358851916,NaN,NaN,NaN,NaN,NaN,NaN,0,0,0,0,0,0
346452.6179182,901.2,-0.00136507011484355,0.0835420902818441,0,-68.1863499058773,-18.4832745628388,1623.36365496707,63.5680910043413,-9.17922215633105,1607.88729946187,NaN,NaN,NaN,NaN,NaN,NaN,0,0,0,0,0,0
346452.6283888,898.2,-2.89323565993982e-06,0.0831126946955919,0,-68.076674314847,-18.7866437920599,1623.39630607222,63.6769808047999,-9.37657525322726,1607.87658311038,NaN,NaN,NaN,NaN,NaN,NaN,0,0,0,0,0,0
346452.6388647,895.2,-0.000215722029679455,0.0830263741314411,0,-67.9606552721499,-19.0043832561852,1623.47813592233,63.7645027172237,-9.58574790659429,1607.87178810768,NaN,NaN,NaN,NaN,NaN,NaN,0,0,0,0,0,0
346452.6493161,892.2,0.000101566467492376,0.0829193353652954,0,-67.8712924924584,-19.1777728436088,1623.46675705276,63.9131145636425,-9.9505167796697,1607.86405621893,NaN,NaN,NaN,NaN,NaN,NaN,0,0,0,0,0,0
346452.6598009,889.2,0.000944530649576336,0.0844870157539845,0,-67.7558201137136,-19.3217183563127,1623.47471131384,64.0416780002962,-10.1862526305869,1607.84266554799,NaN,NaN,NaN,NaN,NaN,NaN,0,0,0,0,0,0
346452.6702466,886.2,0.000131384600535966,0.0833667203783989,0,-67.6124323585363,-19.5303917307225,1623.4629569076,64.1212492220285,-10.4866755209203,1607.84995627308,NaN,NaN,NaN,NaN,NaN,NaN,0,0,0,0,0,0
346452.6808234,883.2,-4.78520087199286e-05,0.0836681503802538,0,-67.4615145809949,-19.7375584202488,1623.45525456132,64.2479168417665,-10.6492741932658,1607.87052836965,NaN,NaN,NaN,NaN,NaN,NaN,0,0,0,0,0,0
346452.6912771,880.2,-0.000276558013865724,0.0840364065021277,0,-67.438202036529,-19.9100641830305,1623.46155106279,64.3804031607332,-10.7692523824914,1607.91120735255,NaN,NaN,NaN,NaN,NaN,NaN,0,0,0,0,0,0
346452.7017702,877.2,-2.68258245341713e-05,0.0837989527732134,0,-67.3230732376666,-20.1518825553403,1623.47699532164,64.4659876782774,-10.9165175746356,1607.94417175364,NaN,NaN,NaN,NaN,NaN,NaN,0,0,0,0,0,0
346452.7122337,874.2,-4.16600232711062e-05,0.0828328285366297,0,-67.2024919271428,-20.4380862992001,1623.56285168052,64.5205530280646,-11.0768538167054,1607.94477592149,NaN,NaN,NaN,NaN,NaN,NaN,0,0,0,0,0,0
346452.7227265,871.2,-9.51176989474334e-05,0.0842319544404745,0,-67.1229498397507,-20.7309604249313,1623.596929797,64.6313857578545,-11.3535083373473,1607.98252438758,NaN,NaN,NaN,NaN,NaN,NaN,0.0370999984443188,0.12559999525547,0.991400003433228,5.19000005722046,78.6900024414062,666.150024414062
346452.7348948,868.2,6.50776419206522e-05,0.0840457867830992,0,-67.0395164550268,-20.8720551335738,1623.61955380608,64.7002706650614,-11.5797466211466,1608.01843021479,NaN,NaN,NaN,NaN,NaN,NaN,0.0410000011324883,0.131500005722046,0.990499973297119,2.5,84.1600036621094,704.539978027344
346452.7453639,865.2,0.000562359171453863,0.0837275613099337,0,-67.0074087271996,-21.0161432837715,1623.62608183566,64.7686615590692,-11.7577267067143,1607.98026983544,NaN,NaN,NaN,NaN,NaN,NaN,0.0295000001788139,0.126599997282028,0.991500020027161,-0.349999994039536,84.7300033569336,711.820007324219
346452.7558333,862.2,-0.000495959306135774,0.0842860195785761,0,-66.85802447589,-21.2579823498808,1623.66091963631,64.8713075407181,-12.0565756939029,1607.89688199709,NaN,NaN,NaN,NaN,NaN,NaN,0,0,0,0,0,0
346452.766249,859.2,-0.000477811932796612,0.0848285252228379,0,-66.7290025157279,-21.4457829563162,1623.69835034228,64.990083941447,-12.3125780278147,1607.88915315377,NaN,NaN,NaN,NaN,NaN,NaN,0,0,0,0,0,0
346452.7766811,856.2,-0.000212988612474874,0.0845264265313745,0,-66.6266787373222,-21.6051988894004,1623.68799988459,65.0904981471962,-12.5964528452423,1607.90609157898,NaN,NaN,NaN,NaN,NaN,NaN,0,0,0,0,0,0
346452.7870909,853.2,-0.000279100757325068,0.0861684972420335,0,-66.5555360041386,-21.7242205404957,1623.68754503516,65.2166824468143,-12.8456799975537,1607.93415559729,NaN,NaN,NaN,NaN,NaN,NaN,0,0,0,0,0,0
346452.7975448,850.2,-0.000849935982841998,0.0852509684860706,0,-66.3597832066382,-21.9270997252564,1623.74618947509,65.3483237843165,-13.034209666899,1607.94267414111,NaN,NaN,NaN,NaN,NaN,NaN,0,0,0,0,0,0
346452.8080248,847.2,-0.000697388139087707,0.0850631235167384,0,-66.1645997731768,-22.1615749648151,1623.69261298017,65.487889714453,-13.1657073035197,1607.94331661492,NaN,NaN,NaN,NaN,NaN,NaN,0,0,0,0,0,0
346452.8184577,844.2,-0.000769900507293642,0.0854575404897332,0,-66.0308458552999,-22.322613746878,1623.7170973301,65.6215613545116,-13.3412218801199,1607.9362561033,NaN,NaN,NaN,NaN,NaN,NaN,0,0,0,0,0,0
346452.8289499,841.2,-0.000725724035874009,0.0845755966380239,0,-65.9311010397851,-22.4556512657299,1623.66715664699,65.69217512983,-13.5013886229188,1607.96083045701,NaN,NaN,NaN,NaN,NaN,NaN,0,0,0,0,0,0
346452.8394197,838.2,-0.00147329398896545,0.0848042605444789,0,-65.8447475306956,-22.6273764280501,1623.60875014475,65.7257564825398,-13.7453223747088,1607.97675942374,NaN,NaN,NaN,NaN,NaN,NaN,0,0,0,0,0,0
346452.8498091,835.2,-0.00119776418432593,0.0854615572839975,0,-65.7503488334538,-22.7732377082887,1623.56671531079,65.7464279780817,-13.9516922565095,1607.94974115358,NaN,NaN,NaN,NaN,NaN,NaN,0,0,0,0,0,0
346452.8602792,832.2,-0.000820804270915687,0.0853573478758335,0,-65.6896589673905,-22.9449120090796,1623.4966613997,65.753324193307,-14.1563300049201,1607.82973240056,NaN,NaN,NaN,NaN,NaN,NaN,0,0,0,0,0,0
346452.8707257,829.2,-0.000622497405856848,0.0849978499114513,0,-65.6040227517033,-23.0589264369745,1623.44305854771,65.8289203179468,-14.3461380041999,1607.78897599328,NaN,NaN,NaN,NaN,NaN,NaN,0,0,0,0,0,0
346452.8811623,826.2,-0.000665328756440431,0.0863882409408689,0,-65.5432954347564,-23.1984737285483,1623.42557589097,65.8842248359225,-14.5112208966867,1607.76766532869,NaN,NaN,NaN,NaN,NaN,NaN,0,0,0,0,0,0
346452.8955629,823.2,-0.00128881784621626,0.0861305141821504,0,-65.4429486921457,-23.3260348664358,1623.40109873167,65.9908535368844,-14.662921985972,1607.66033555042,NaN,NaN,NaN,NaN,NaN,NaN,0.00260000000707805,0.12899999320507,0.991599977016449,-26.8400001525879,77.1399993896484,671.469970703125
346452.9060548,820.2,-0.000968097418081015,0.0866786990314722,0,-65.3431804225166,-23.4468416277657,1623.37061768231,66.1411844570573,-14.7791258922569,1607.63386102315,NaN,NaN,NaN,NaN,NaN,NaN,0,0,0,0,0,0
346452.9166194,817.2,-0.00125291186850518,0.086691608093679,0,-65.257809579296,-23.5170652933063,1623.38069780808,66.2608455716063,-14.8664083186811,1607.66622551999,NaN,NaN,NaN,NaN,NaN,NaN,0,0,0,0,0,0
346452.9270566,814.2,-0.00138386990875006,0.0862375846132636,0,-65.1965663685469,-23.5981865561382,1623.41453759776,66.3154180099554,-14.9557001395,1607.6457282317,NaN,NaN,NaN,NaN,NaN,NaN,0,0,0,0,0,0
346452.9374849,811.2,-0.00204506050795317,0.0871916454285383,0,-65.1366268763263,-23.6743072764217,1623.44287224539,66.3798174088825,-15.0620940132565,1607.62127975461,NaN,NaN,NaN,NaN,NaN,NaN,0,0,0,0,0,0
346452.9478653,808.2,-0.00211075763218105,0.0865481639280915,0,-65.040076878419,-23.77434727618,1623.49327251423,66.5043149243655,-15.1315282577884,1607.62482819729,NaN,NaN,NaN,NaN,NaN,NaN,0,0,0,0,0,0
346452.958386,805.2,-0.00264297262765467,0.0858819497749209,0,-64.9709104577607,-23.8593938813377,1623.52814973173,66.6058365751413,-15.2415246895152,1607.67252249033,NaN,NaN,NaN,NaN,NaN,NaN,0,0,0,0,0,0
346452.968807,802.2,-0.00220422982238233,0.086888618208468,0,-64.8833289192709,-23.9245938959416,1623.56648994479,66.7610396075014,-15.399617424411,1607.77237257336,NaN,NaN,NaN,NaN,NaN,NaN,0,0,0,0,0,0
346452.9792638,799.2,-0.00212751585058868,0.0866184797137976,0,-64.7969568490432,-24.0043911764364,1623.58052652382,66.8807625082937,-15.5036860351568,1607.82735550709,NaN,NaN,NaN,NaN,NaN,NaN,0,0,0,0,0,0
346452.9896943,796.2,-0.00286462996155024,0.0869036721065641,0,-64.7393923141523,-24.0293283991648,1623.60370954225,66.9594238731585,-15.5861847590265,1607.82761316795,NaN,NaN,NaN,NaN,NaN,NaN,0,0,0,0,0,0
346453.0000962,793.2,-0.00197131279855967,0.0863999094814062,0,-64.6732533372986,-24.0615709348016,1623.63788090584,67.0986202469735,-15.622147480218,1607.93232010279,NaN,NaN,NaN,NaN,NaN,NaN,0,0,0,0,0,0
346453.0105546,790.2,-0.00202959938906133,0.0864918421953917,0,-64.6008867763677,-24.0854368570137,1623.66099915634,67.1610753183126,-15.7701737921137,1607.8991294507,NaN,NaN,NaN,NaN,NaN,NaN,0,0,0,0,0,0
346453.0211067,787.2,-0.00233020586892962,0.0866017857566476,0,-64.5541336205039,-24.0993949382653,1623.68065603867,67.2242953416064,-15.7901686734503,1607.93657698662,NaN,NaN,NaN,NaN,NaN,NaN,0,0,0,0,0,0
346453.0348093,784.2,-0.00301677780225873,0.0856710778549314,0,-64.4809715907392,-24.1174112075355,1623.67456345495,67.3005662418481,-15.8729822714978,1607.87385407876,NaN,NaN,NaN,NaN,NaN,NaN,-0.0480000004172325,0.140699997544289,0.988900005817413,-76.2799987792969,114.470001220703,899.030029296875
346453.0452903,781.2,-0.00230796006508172,0.0862682856619358,0,-64.4138240834348,-24.111859019805,1623.63789217421,67.3586377143915,-15.8447137320671,1607.86345840888,NaN,NaN,NaN,NaN,NaN,NaN,-0.0590000003576279,0.132499992847443,0.989400029182434,-81.5800018310547,114.120002746582,908.090026855469
346453.0557772,778.2,-0.00286923046223819,0.0866822846233845,0,-64.3875589966589,-24.1419431579868,1623.65003133297,67.4343812405153,-15.9062802788186,1607.78912856418,NaN,NaN,NaN,NaN,NaN,NaN,-0.0551999993622303,0.136000007390976,0.989199995994568,-81.3899993896484,108.290000915527,878.760009765625
346453.0664438,775.2,-0.00178238842636347,0.0857748439535499,0,-64.3383040541981,-24.1013416996424,1623.60118184987,67.495032605861,-15.9697654516714,1607.72546856434,NaN,NaN,NaN,NaN,NaN,NaN,0,0,0,0,0,0
346453.0769369,772.2,-0.00290254806168377,0.086256449483335,0,-64.3211103713339,-24.1233348803727,1623.59948312323,67.5718148626973,-15.9842452988439,1607.70007498523,NaN,NaN,NaN,NaN,NaN,NaN,0,0,0,0,0,0
346453.087359,769.2,-0.0027554458938539,0.0861558871343732,0,-64.2509967629621,-24.1047202443237,1623.5934524917,67.6184924885222,-16.0126265718233,1607.70248059561,NaN,NaN,NaN,NaN,NaN,NaN,0,0,0,0,0,0
346453.097754,766.2,-0.00235101883299649,0.086593502573669,0,-64.2285428326761,-24.0688667367308,1623.55037448094,67.6142785671196,-15.9960853586604,1607.62721115971,NaN,NaN,NaN,NaN,NaN,NaN,0,0,0,0,0,0
346453.1081387,763.2,-0.00291759264655411,0.0862604038789868,0,-64.2183711650772,-24.0440281823449,1623.54115946022,67.6193906064797,-15.9708031718054,1607.62418234647,NaN,NaN,NaN,NaN,NaN,NaN,0,0,0,0,0,0
346453.1186469,760.2,-0.00268214102834463,0.0861588226631284,0,-64.1905164023572,-23.9793376653741,1623.5181648788,67.6435202206373,-15.9719508975476,1607.62477539108,NaN,NaN,NaN,NaN,NaN,NaN,0,0,0,0,0,0
346453.1291616,757.2,-0.0028490552213043,0.0866292523220182,0,-64.1424347128523,-23.9418451380681,1623.4770975762,67.6382755297178,-15.9493709280259,1607.5733520824,NaN,NaN,NaN,NaN,NaN,NaN,0,0,0,0,0,0
346453.1395347,754.2,-0.00285457307472825,0.0864059733226895,0,-64.0894576429521,-23.8959396435182,1623.45847131874,67.6535778822844,-15.9393215317113,1607.54979016289,NaN,NaN,NaN,NaN,NaN,NaN,0,0,0,0,0,0
346453.1498865,751.2,-0.00253746728412807,0.0870307315140963,0,-64.0727033880773,-23.7771078368288,1623.39812707001,67.6357242813359,-15.9754558166733,1607.54344001833,NaN,NaN,NaN,NaN,NaN,NaN,0,0,0,0,0,0
346453.1602681,748.2,-0.00280217500403523,0.0868701314553618,0,-64.0954645707829,-23.718283569841,1623.3987248819,67.661956708546,-15.9222311772779,1607.58101786663,NaN,NaN,NaN,NaN,NaN,NaN,0,0,0,0,0,0
346453.1706203,745.2,-0.00178902957122773,0.0865381671115756,0,-64.0674490907861,-23.6215309236299,1623.39924143928,67.6229686192643,-15.876620016378,1607.51064924506,NaN,NaN,NaN,NaN,NaN,NaN,0,0,0,0,0,0
346453.1810027,742.2,-0.00312093086540699,0.0871800495311618,0,-64.0270397058464,-23.4847114147752,1623.38147173275,67.6084242147681,-15.8560373565024,1607.49715354446,NaN,NaN,NaN,NaN,NaN,NaN,0,0,0,0,0,0
346453.1948673,739.2,-0.00266007171012461,0.0869392151013017,0,-64.090846023262,-23.2803163886648,1623.28724896156,67.6568405557393,-15.7897743402416,1607.55894805961,NaN,NaN,NaN,NaN,NaN,NaN,-0.0912000015377998,0.121200002729893,0.988399982452393,-93.2600021362305,73.4000015258789,676.859985351562
346453.2055617,736.2,-0.00373104959726334,0.0873749213293195,0,-64.0882467362556,-23.1022741341101,1623.24503152746,67.6654044133981,-15.7160140015276,1607.5736705794,NaN,NaN,NaN,NaN,NaN,NaN,-0.0967999994754791,0.118199996650219,0.988300025463104,-92,70.0199966430664,649.820007324219
346453.21603,733.2,-0.00314175756648183,0.0864524286240339,0,-64.005751880504,-22.9890635545396,1623.20286371933,67.6638573778584,-15.5744766571742,1607.60305592458,NaN,NaN,NaN,NaN,NaN,NaN,0,0,0,0,0,0
346453.2264256,730.2,-0.00323977717198431,0.0864218337461352,0,-63.9768843122621,-22.8813474126702,1623.20431757656,67.6895043332158,-15.4777599754143,1607.6482166107,NaN,NaN,NaN,NaN,NaN,NaN,0,0,0,0,0,0
346453.2368404,727.2,-0.00274088210426271,0.0858787106350064,0,-63.9391356273558,-22.8044408135649,1623.2010027209,67.7517475235075,-15.3541147028665,1607.70453042322,NaN,NaN,NaN,NaN,NaN,NaN,0,0,0,0,0,0
346453.2472218,724.2,-0.00294480798766017,0.0866831870749593,0,-63.8868911531386,-22.6725843206042,1623.21667130126,67.7354594242248,-15.264192597694,1607.67570141862,NaN,NaN,NaN,NaN,NaN,NaN,0,0,0,0,0,0
346453.2576395,721.2,-0.00326174660585821,0.0859252525493503,0,-63.862848505949,-22.5627540801357,1623.23557191998,67.8204088655186,-15.1814299498253,1607.69452533708,NaN,NaN,NaN,NaN,NaN,NaN,0,0,0,0,0,0
346453.2679882,718.2,-0.00361790880560875,0.0850255968049169,0,-63.8319202514269,-22.4828073061409,1623.25456555719,67.8678146043987,-15.0059341023509,1607.70449838867,NaN,NaN,NaN,NaN,NaN,NaN,0,0,0,0,0,0
346453.2784338,715.2,-0.00276739615947008,0.0858446372672916,0,-63.802638792565,-22.3811510583345,1623.27048881516,67.9239069115728,-14.8714888154318,1607.62351192212,NaN,NaN,NaN,NaN,NaN,NaN,0,0,0,0,0,0
346453.2888837,712.2,-0.00250987475737929,0.0851207472383976,0,-63.757459923807,-22.3155817018827,1623.27808735972,67.9742046078737,-14.7472200990474,1607.63104108952,NaN,NaN,NaN,NaN,NaN,NaN,0,0,0,0,0,0
346453.2993222,709.2,-0.00168139347806573,0.0861569255590439,0,-63.6646295952036,-22.2014470350131,1623.30224293094,67.967604455632,-14.5813003366651,1607.61124825101,NaN,NaN,NaN,NaN,NaN,NaN,0,0,0,0,0,0
346453.3097852,706.2,-0.00264411349780858,0.0847552264109254,0,-63.6571051113134,-22.0582902245234,1623.26771818009,67.950904032446,-14.4731545206351,1607.58648541187,NaN,NaN,NaN,NaN,NaN,NaN,0,0,0,0,0,0
346453.3202214,703.2,-0.00311418808996677,0.0849674329161644,0,-63.648346093354,-21.833269174013,1623.27963926184,67.9766701139704,-14.3415772706345,1607.59416308045,NaN,NaN,NaN,NaN,NaN,NaN,0,0,0,0,0,0
346453.3306973,700.2,-0.00329072726890445,0.0848171602934599,0,-63.6701374860343,-21.5076068426505,1623.25869904188,67.9571937120963,-14.2308254386643,1607.5769740612,NaN,NaN,NaN,NaN,NaN,NaN,0,0,0,0,0,0
346453.3412027,697.2,-0.00316240009851754,0.0853424979373813,0,-63.6405395199826,-21.2682838047285,1623.30047660143,67.9782493016008,-14.0356767026914,1607.57412581873,NaN,NaN,NaN,NaN,NaN,NaN,0,0,0,0,0,0
346453.3526482,694.2,-0.00311066373251379,0.0852727372199297,0,-63.7409378649382,-20.8262736205891,1623.37360704386,67.921713162437,-13.8262644493839,1607.54407749952,NaN,NaN,NaN,NaN,NaN,NaN,-0.176899999380112,0.124799996614456,0.976300001144409,-149.630004882812,69.8600006103516,633.289978027344
346453.3631083,691.2,-0.00274603697471321,0.0843750232830644,0,-63.7996908053954,-20.6720628322765,1623.32034340092,67.8952105224679,-13.6145000675374,1607.62279339873,NaN,NaN,NaN,NaN,NaN,NaN,-0.18350000679493,0.115900002419949,0.976199984550476,-140.550003051758,62.8499984741211,589.940002441406
346453.3736203,688.2,-0.00308476085774601,0.0846623186022043,0,-63.7515803053716,-20.5375721906279,1623.35878310785,67.8789873185718,-13.3240475151323,1607.65864020801,NaN,NaN,NaN,NaN,NaN,NaN,-0.172800004482269,0.118500001728535,0.977800011634827,-130.809997558594,55.5900001525879,545.690002441406
346453.3840417,685.2,-0.00376549432985485,0.0844546802341938,0,-63.7416397599018,-20.4100603749637,1623.40138412747,67.8946660582084,-13.1621100043769,1607.64763007905,NaN,NaN,NaN,NaN,NaN,NaN,-0.1841000020504,0.114000000059605,0.976300001144409,-135.910003662109,58.1300010681152,561.010009765625
346453.3944558,682.2,-0.00270211021415889,0.0851185977458954,0,-63.7445228012441,-20.2967425820866,1623.3939020328,67.9104568952313,-13.0561547005095,1607.66136262614,NaN,NaN,NaN,NaN,NaN,NaN,-0.178599998354912,0.12389999628067,0.976100027561188,-143,62.4199981689453,585.799987792969
346453.4049297,679.2,-0.00325967627577484,0.0845960671082139,0,-63.7041753891708,-20.1797007608071,1623.51297990631,67.915092454377,-12.9329898416906,1607.65715051507,NaN,NaN,NaN,NaN,NaN,NaN,-0.19149999320507,0.119199998676777,0.974200010299683,-152.270004272461,67.8899993896484,616.890014648438
346453.415365,676.2,-0.00330682494677603,0.0842487461864948,0,-63.6923498136609,-19.9818041862579,1623.50222159224,67.8941587471571,-12.7941080454147,1607.63895303766,NaN,NaN,NaN,NaN,NaN,NaN,-0.186499997973442,0.131300002336502,0.973599970340729,-160.139999389648,72.3199996948242,640.890014648438
346453.4258145,673.2,-0.0030978019349277,0.0825392384082079,0,-63.6276178020095,-19.6191502541468,1623.47124569486,67.9317598026977,-12.616714140885,1607.58569978223,NaN,NaN,NaN,NaN,NaN,NaN,0,0,0,0,0,0
346453.4362079,670.2,-0.00354139553382993,0.0838403891772032,0,-63.6084145068215,-19.3358671538083,1623.42025555561,67.9362436963857,-12.4817528329991,1607.56374171574,NaN,NaN,NaN,NaN,NaN,NaN,0,0,0,0,0,0
346453.4466473,667.2,-0.00321821239776909,0.083295014128089,0,-63.5816318664124,-19.0141439855265,1623.30218411393,67.9572042931515,-12.3237055660447,1607.48584245299,NaN,NaN,NaN,NaN,NaN,NaN,0,0,0,0,0,0
346453.4571279,664.2,-0.00297547527588904,0.083461607247591,0,-63.5425679815688,-18.8193133534075,1623.21783746994,68.0530897166587,-12.1825888043007,1607.45401827305,NaN,NaN,NaN,NaN,NaN,NaN,0,0,0,0,0,0
346453.4675516,661.2,-0.00287314504384995,0.0825546573847532,0,-63.5275681110749,-18.6456083660339,1623.09671813211,68.1363109157424,-12.0160516727924,1607.42004791323,NaN,NaN,NaN,NaN,NaN,NaN,0,0,0,0,0,0
346453.4780183,658.2,-0.0036721327342093,0.0835823941975832,0,-63.5414088234154,-18.5238699480826,1623.05272949255,68.1885852003407,-11.8590909128241,1607.38245087612,NaN,NaN,NaN,NaN,NaN,NaN,0,0,0,0,0,0
346453.4886752,655.2,-0.00346567993983626,0.0822589475661516,0,-63.488195102311,-18.3888582985223,1623.02176323768,68.268906912696,-11.7509444204461,1607.39724885233,NaN,NaN,NaN,NaN,NaN,NaN,0,0,0,0,0,0
346453.4991421,652.2,-0.00333013804629445,0.082582051306963,0,-63.4454254652093,-18.2138969567825,1623.08451104833,68.2433400016178,-11.5659287949197,1607.33537608456,NaN,NaN,NaN,NaN,NaN,NaN,0,0,0,0,0,0
346453.5096354,649.2,-0.00410431297495961,0.0832297116518021,0,-63.4238650347856,-18.0874325162819,1623.11493586678,68.2453334653175,-11.3454192053115,1607.28655068576,NaN,NaN,NaN,NaN,NaN,NaN,0,0,0,0,0,0
346453.5200667,646.2,-0.00378280389122665,0.0818258490413427,0,-63.4533428159786,-17.8945127515846,1623.0954772268,68.2856936463083,-11.2145166526927,1607.22906938706,NaN,NaN,NaN,NaN,NaN,NaN,0,0,0,0,0,0
346453.5304801,643.2,-0.00358872581273317,0.0816678073257208,0,-63.4836824932439,-17.6169921583479,1623.05047758525,68.2481556163754,-11.039902755295,1607.19288026324,NaN,NaN,NaN,NaN,NaN,NaN,0,0,0,0,0,0
346453.5409368,640.2,-0.00399434985592961,0.0815354216843844,0,-63.4865944612103,-17.3432289460889,1623.00991444371,68.2564602489958,-10.9038945954665,1607.14239194493,NaN,NaN,NaN,NaN,NaN,NaN,0,0,0,0,0,0
346453.5547894,637.2,-0.00505574373528361,0.0821556005626917,0,-63.4873378669691,-17.0063510566936,1622.89237343796,68.2385374063803,-10.6334613221248,1607.05045072639,NaN,NaN,NaN,NaN,NaN,NaN,-0.216499999165535,0.127700001001358,0.967899978160858,-160.389999389648,61.5499992370605,552.97998046875
346453.5652483,634.2,-0.00405298452824354,0.0813173152506352,0,-63.4300676840981,-16.7864785471227,1622.8196657891,68.2939885426065,-10.4459353762713,1607.01239777573,NaN,NaN,NaN,NaN,NaN,NaN,-0.226899996399879,0.119199998676777,0.966600000858307,-157.509994506836,58.9799995422363,537.419982910156
346453.5757537,631.2,-0.00380751839838922,0.0817802738398314,0,-63.3412651906034,-16.5782023543969,1622.77506076704,68.338940284834,-10.1926676772783,1606.98317472799,NaN,NaN,NaN,NaN,NaN,NaN,-0.219200000166893,0.124700002372265,0.967700004577637,-153.759994506836,55.8899993896484,518.559997558594
346453.5861877,628.2,-0.00562139693647623,0.0818704891949892,0,-63.1297283084518,-16.3180537459026,1622.73386976699,68.3761056338891,-9.93385031761456,1606.91351410618,NaN,NaN,NaN,NaN,NaN,NaN,0,0,0,0,0,0
346453.5966519,625.2,-0.004799859598279,0.0806369803845882,0,-63.0393024383858,-16.1774615200356,1622.72892556501,68.3959682986519,-9.74736376213081,1606.84351791836,NaN,NaN,NaN,NaN,NaN,NaN,0,0,0,0,0,0
346453.6070591,622.2,-0.00424543581902981,0.0803026840090752,0,-62.9196896151474,-15.970925978161,1622.68182416073,68.4903453411218,-9.49360555774495,1606.78533572952,NaN,NaN,NaN,NaN,NaN,NaN,0,0,0,0,0,0
346453.6174958,619.2,-0.00442402577027678,0.0800012372434139,0,-62.9004598038891,-15.7200097945033,1622.68531023397,68.5199110499587,-9.25276585838257,1606.66485316668,NaN,NaN,NaN,NaN,NaN,NaN,0,0,0,0,0,0
346453.627935,616.2,-0.00460826698690653,0.0800454098731279,0,-62.9207908510823,-15.4071374721032,1622.6199347525,68.5622869589876,-8.9382685595816,1606.62450606482,NaN,NaN,NaN,NaN,NaN,NaN,0,0,0,0,0,0
346453.6384285,613.2,-0.00428429152816534,0.0793787933886051,0,-62.9908730620367,-15.1346339312078,1622.53312250706,68.6332657024311,-8.74877603759155,1606.5796269895,NaN,NaN,NaN,NaN,NaN,NaN,0,0,0,0,0,0
346453.6488739,610.2,-0.00502676190808415,0.0788883738219738,0,-62.9534372358702,-14.9807657492873,1622.49657066735,68.6552279172517,-8.47699548652514,1606.56248143035,NaN,NaN,NaN,NaN,NaN,NaN,0,0,0,0,0,0
346453.6594547,607.2,-0.00524047948420048,0.07865548171103,0,-62.767756861797,-14.6840236718967,1622.46209726229,68.6914862779725,-8.20281960550492,1606.44228351925,NaN,NaN,NaN,NaN,NaN,NaN,0,0,0,0,0,0
346453.6698562,604.2,-0.00516698230057955,0.0788524508476257,0,-62.7258962255408,-14.4158675519262,1622.37671315616,68.7230977383008,-7.9990526673378,1606.39094466845,NaN,NaN,NaN,NaN,NaN,NaN,0,0,0,0,0,0
346453.680274,601.2,-0.00418946938589215,0.0772631991654635,0,-62.7603290904787,-14.1499799351874,1622.30381730219,68.7361581229551,-7.86778468364801,1606.3334176721,NaN,NaN,NaN,NaN,NaN,NaN,0,0,0,0,0,0
346453.6906892,598.2,-0.00447527272626758,0.0773750547319651,0,-62.8210164059062,-13.9719388807222,1622.26238169972,68.784016305666,-7.65776673437227,1606.28296464482,NaN,NaN,NaN,NaN,NaN,NaN,0,0,0,0,0,0
346453.7012702,595.2,-0.0047682598233223,0.0775771871209145,0,-62.8686360883577,-13.7277148491955,1622.19859567884,68.8699466215284,-7.37324290258091,1606.26030085082,NaN,NaN,NaN,NaN,NaN,NaN,0,0,0,0,0,0
346453.7148011,592.2,-0.00447299424558878,0.0774986170232296,0,-62.957046103395,-13.3018854427842,1622.0754431658,68.9837540017062,-6.95070893731656,1606.14354163451,NaN,NaN,NaN,NaN,NaN,NaN,-0.241500005125999,0.123499996960163,0.962499976158142,-136.820007324219,41.060001373291,399.779998779297
346453.7253372,589.2,-0.00495804380625486,0.0763566218316555,0,-62.8435101894792,-13.0341475705243,1621.95212455118,68.9273359488488,-6.68394385846739,1606.11809613711,NaN,NaN,NaN,NaN,NaN,NaN,-0.250299990177155,0.120200000703335,0.96069997549057,-172.479995727539,56.7200012207031,526.150024414062
346453.7358575,586.2,-0.00446768244728446,0.0769517611712217,0,-62.73603309988,-12.745161483634,1621.91383270981,68.9156128690066,-6.4410181616624,1606.02851848628,NaN,NaN,NaN,NaN,NaN,NaN,-0.245900005102158,0.126399993896484,0.961000025272369,-182.300003051758,60.4900016784668,559.75
346453.7464935,583.2,-0.00438857544213533,0.0762086346745491,0,-62.6700692697441,-12.2964378387253,1621.80322549163,68.8136557329981,-6.03643477739829,1605.83147190917,NaN,NaN,NaN,NaN,NaN,NaN,0,0,0,0,0,0
346453.7569292,580.2,-0.00459266128018498,0.0750625509768724,0,-62.6517481554011,-11.9778516803428,1621.78782861229,68.7613548022091,-5.80120453969113,1605.76462250108,NaN,NaN,NaN,NaN,NaN,NaN,0,0,0,0,0,0
346453.7674157,577.2,-0.00423883972689509,0.0756946358829737,0,-62.6987379623752,-11.686472295397,1621.7487226716,68.7353366631841,-5.51484952541644,1605.73157891069,NaN,NaN,NaN,NaN,NaN,NaN,0,0,0,0,0,0
346453.7778642,574.2,-0.00362972496077418,0.0756613932549954,0,-62.8678085371516,-11.3295194954872,1621.67061422036,68.6905106844877,-5.13709011694447,1605.69131625426,NaN,NaN,NaN,NaN,NaN,NaN,0,0,0,0,0,0
346453.7883732,571.2,-0.00328706717118621,0.0745342750102282,0,-62.9188794388199,-10.99625547589,1621.70389218001,68.6877584205797,-4.85680034357649,1605.68306424485,NaN,NaN,NaN,NaN,NaN,NaN,0,0,0,0,0,0
346453.7987673,568.2,-0.00396333448588848,0.0749961420893669,0,-62.9154876549649,-10.6549012447806,1621.76522902236,68.6100445347918,-4.58136025969917,1605.73485439516,164.017150590207,121.68232673607,1394.97294152774,-172.557036197152,133.41482815062,1385.51944586703,0,0,0,0,0,0
346453.8093047,565.2,-0.00343687343411148,0.0748979769647121,0,-62.9271116100852,-10.299480639654,1621.78441027587,68.5557791003733,-4.31632421081338,1605.76754773742,163.951690279757,121.931053868968,1394.89492149674,-172.5508795623,133.850820491249,1385.41326490306,0,0,0,0,0,0
346453.8198081,562.2,-0.00341513054445386,0.0742125775665045,0,-62.9913130981254,-10.0430214390714,1621.80035030523,68.5701193372092,-4.03344120267839,1605.83356541148,163.88314218793,122.086685558336,1394.85115304902,-172.547107994559,134.142061585737,1385.41032835254,0,0,0,0,0,0
346453.8302817,559.2,-0.00455007422715425,0.0745471738278866,0,-63.1706233672494,-9.65932690509978,1621.74784532452,68.5289817752262,-3.73217294570609,1605.78464573539,163.825669366952,122.308674485118,1394.82386960519,-172.559953870085,134.335475690944,1385.44464690193,0,0,0,0,0,0
346453.8408279,556.8,-0.0034445091150701,0.0738106969743967,0,-63.3829661674912,-9.36864197920068,1621.70533073196,68.4545964477148,-3.53203529997954,1605.81137049222,163.828921369442,122.489315046295,1394.83198175925,-172.570256223953,134.516463318476,1385.44137392196,0,0,0,0,0,0
346453.8547813,559.8,-0.00313432118855417,0.0737037494778633,0,-63.5047612794921,-9.00640303230411,1621.78653029055,68.3451511137377,-3.10731144202677,1605.76023824966,163.812043147095,122.673391392273,1394.80884219856,-172.570335894067,134.660097100744,1385.4295819063,-0.280699998140335,0.165299996733665,0.945500016212463,-219.75,77.9700012207031,622.590026855469
346453.8657396,562.8,-0.00345794437453151,0.0731969479471445,0,-63.4981763768651,-8.83036131882933,1621.77278952371,68.2090753105528,-2.77410202692914,1605.68825558765,163.817667784037,122.917258603716,1394.73415381577,-172.577679558085,134.808530431333,1385.39994214412,0,0,0,0,0,0
346453.8762473,565.8,-0.00360011984594166,0.0729526769369841,0,-63.4281404744637,-8.7217988764982,1621.7648540542,68.2283605683593,-2.57484364595693,1605.73215562392,163.778306263139,123.092279099718,1394.6856621105,-172.607064498924,134.922993701361,1385.38843754978,0,0,0,0,0,0
346453.8867246,568.8,-0.00315555115230381,0.0726485554128885,0,-63.3892480582745,-8.51039486343246,1621.75475912788,68.1766274660637,-2.3330161912166,1605.73927534789,163.7857882302,123.306407213331,1394.65918269439,-172.652064873933,135.116184529142,1385.34218429459,0,0,0,0,0,0
346453.8972777,571.8,-0.00342947547324002,0.0727334454655647,0,-63.3275365013992,-8.1738327134438,1621.77796845153,68.0944366525431,-2.06975902651366,1605.76361865815,163.773413866414,123.46871590306,1394.6205620903,-172.700699425244,135.302529409437,1385.32923382262,0,0,0,0,0,0
346453.9078173,574.8,-0.00382261886261404,0.0737304821610451,0,-63.4194402631691,-7.83083472681462,1621.74192285758,68.100494178092,-1.84568038146694,1605.85005914352,163.770033576756,123.640040893536,1394.60442082735,-172.731671088511,135.496651679742,1385.32289214547,0,0,0,0,0,0
346453.9183539,577.8,-0.00354803493246436,0.0728771019726992,0,-63.5110512204849,-7.48429586208689,1621.73117777565,68.060686359403,-1.72669663269745,1605.83529393779,163.76863467478,123.800597454796,1394.5713045437,-172.764931067489,135.674600728493,1385.31449623159,0,0,0,0,0,0
346453.9288581,580.8,-0.00347032933495939,0.0721840489655733,0,-63.5124711962009,-7.21626085725928,1621.69693459913,68.0521448568184,-1.52530588633664,1605.84263629163,163.79403964474,123.997311809609,1394.54607132963,-172.741295521571,135.840499102057,1385.33228657317,0,0,0,0,0,0
346453.939412,583.8,-0.00312865525484085,0.0723910707980394,0,-63.5106973594646,-7.04202975769789,1621.78795551481,68.0310854366643,-1.26063071119232,1605.8759716442,163.801902328293,124.230589707538,1394.54673640015,-172.761768571729,136.05355409168,1385.3125329834,0,0,0,0,0,0
346453.9499193,586.8,-0.00309670064598322,0.0723337516188622,0,-63.5114408978309,-6.91904106196435,1621.78791615959,68.0160207201751,-1.08658973768235,1605.89245417384,163.785450484227,124.383487965144,1394.54548210524,-172.794073337037,136.200347767844,1385.30265529906,0,0,0,0,0,0
346453.9604919,589.8,-0.00356355682015419,0.0725729431957007,0,-63.3845799583553,-6.83825953601719,1621.85840025995,68.0165845312959,-0.904053356143431,1605.88891567487,163.804212966453,124.4516100932,1394.59486098159,-172.838966068638,136.341596524827,1385.29447234425,0,0,0,0,0,0
346453.9710395,592.8,-0.00345048285089433,0.0719736091792584,0,-63.3265748875743,-6.719962976259,1621.91456516307,68.0547954371658,-0.752065527900537,1605.91878908424,163.807714984657,124.527409382551,1394.60232630556,-172.8601942686,136.450467667928,1385.28233082528,0,0,0,0,0,0
346453.9816054,595.8,-0.00304177310317755,0.0707011766731739,0,-63.2529927059175,-6.59876947339832,1621.98957066665,68.1205799827028,-0.604156015962504,1605.94671502779,163.81682828166,124.578190800059,1394.62394394601,-172.908000786484,136.562078175936,1385.28063554143,0,0,0,0,0,0
346453.9922206,598.8,-0.00360061880201101,0.0714551586657763,0,-63.1945178042526,-6.42596458444266,1622.04647502515,68.1463920409001,-0.435696797112473,1605.90829487031,163.795716361082,124.618590997041,1394.62233205291,-172.892726658105,136.665433798298,1385.27090092299,0,0,0,0,0,0
346454.0129961,601.8,-0.00380844553001225,0.0722949378192425,0,-63.154841408163,-6.37510574630584,1622.0799604361,68.1774629135778,-0.370889226208252,1605.93264307588,163.813234135826,124.639787526244,1394.63569874514,-172.884503799532,136.702539374763,1385.27991423201,0,0,0,-192.190002441406,55.0999984741211,535.469970703125
346454.0235868,604.8,-0.00351928640156984,0.0726684577763081,0,-63.0991365901837,-6.09997382629981,1622.12195404053,68.2083863039487,-0.207739863133896,1605.96914580286,163.838458611445,124.72210457618,1394.62093647727,-172.891756509148,136.843321645804,1385.27303994201,0,0,0,0,0,0
346454.0345368,607.8,-0.00468039279803634,0.0718748815357685,0,-63.1286391338319,-5.74088506392865,1622.19868629613,68.2950120191226,-0.0261843073994947,1606.02104480498,163.862619538588,124.831839481161,1394.6183535313,-172.889110527134,136.965764453951,1385.28960222457,0,0,0,0,0,0
346454.0453998,610.8,-0.00382848503068089,0.072260182723403,0,-63.2596345082943,-5.55460413986471,1622.1045576242,68.3770082938073,0.149373088088211,1606.06754204774,163.854145021484,124.912634820876,1394.60476655347,-172.917722611211,137.078092346499,1385.3014351514,-0.271800011396408,0.11599999666214,0.955299973487854,-181.490005493164,50.3499984741211,504.230010986328
346454.0559539,613.8,-0.00365152093581855,0.072472008317709,0,-63.3139048439389,-5.35052618177026,1622.08243282644,68.4561431596163,0.332357645898187,1606.08395785274,163.865955874311,125.014085310306,1394.58248248344,-172.942647633176,137.154395975149,1385.30000536639,0,0,0,0,0,0
346454.0665047,616.8,-0.0035207464825362,0.0723356626927853,0,-63.2785595197706,-5.24774492712199,1622.09295237389,68.488141882277,0.466832372677311,1606.11636822883,163.839578837543,125.084894848719,1394.53574081885,-172.964594091912,137.202848060055,1385.2959395309,0,0,0,0,0,0
346454.0770661,619.8,-0.00361919868737459,0.0723608382046223,0,-63.2427347493015,-5.14391909516415,1622.10895206062,68.5463047775243,0.596694891542339,1606.13782712425,163.832822946465,125.166946879813,1394.52567569773,-172.991268095979,137.223992906153,1385.29948850033,0,0,0,0,0,0
346454.0875852,622.8,-0.0041046510450542,0.0723945166915655,0,-63.2433410184407,-5.08766838078097,1622.13171119491,68.5308881470878,0.74502217226342,1606.13458298703,163.791202564763,125.257130687307,1394.48349841176,-173.011083546189,137.250799165171,1385.2914612099,0,0,0,0,0,0
346454.0981529,625.8,-0.00346167455427349,0.0730970412492752,0,-63.220552812437,-5.03829428263833,1622.17041338648,68.5230613465342,0.87546911367818,1606.16485839947,163.757707090609,125.343164046554,1394.46361230683,-173.042102323465,137.271629483822,1385.28229085377,0,0,0,0,0,0
346454.1086434,628.8,-0.00324836699292064,0.0733415115624666,0,-63.2268128921927,-4.96367570056123,1622.22305825425,68.5076684231436,0.941051858285501,1606.20429303616,163.714664656811,125.441470610743,1394.4272896596,-173.071217863601,137.282515521404,1385.28988168088,0,0,0,0,0,0
346454.1192946,631.8,-0.00323383673094213,0.073925493657589,0,-63.1931165087217,-4.88741573130335,1622.31182077644,68.4742257525179,1.08571517069687,1606.20094574487,163.671934653712,125.54883927531,1394.4240476937,-173.118051791719,137.26927602422,1385.3089107195,0,0,0,0,0,0
346454.1298358,634.8,-0.00324905128218234,0.0737819638103247,0,-63.148036501667,-4.85738004798871,1622.3619418096,68.5117695656874,1.14465570024399,1606.23025049641,163.643340140417,125.601269139561,1394.44121027662,-173.147173601828,137.278669983623,1385.3057733893,0,0,0,0,0,0
346454.140422,637.8,-0.00378128187730908,0.0742639269679785,0,-63.1490068335569,-4.79502688149631,1622.43885126104,68.4926869431294,1.25017588998225,1606.21608236147,163.587322315168,125.657990056429,1394.44323042473,-173.187818501539,137.255950782163,1385.32090000681,0,0,0,0,0,0
346454.1509325,640.8,-0.00365358451381326,0.0742985889315605,0,-63.1358159258411,-4.7743466450799,1622.50678785639,68.4970792790724,1.2877505780134,1606.22303630488,163.545255446125,125.689860629699,1394.48421113288,-173.215034750481,137.237471257753,1385.33345626255,0,0,0,0,0,0
346454.1615251,643.8,-0.00407126266509295,0.0743033740669489,0,-63.1393770094156,-4.76038946236341,1622.55689118694,68.5198741071387,1.32843941301953,1606.30754040644,163.486894649215,125.72909638196,1394.50727473024,-173.245910900099,137.225605372103,1385.3685136845,0,0,0,0,0,0
346454.1724128,646.8,-0.00295476987957954,0.0753318838775158,0,-63.1794367748581,-4.73423975076681,1622.60258679413,68.4866853905399,1.40832937429199,1606.32518947342,163.432660473795,125.768869130814,1394.54758999234,-173.286754455329,137.174760819695,1385.3922138507,0,0,0,0,0,0
346454.1829997,649.8,-0.00335727422498167,0.0750413950532675,0,-63.2007340054728,-4.72264610023973,1622.70779802858,68.4464127072825,1.48081631393993,1606.41865194935,163.374829442532,125.823949534276,1394.63872468181,-173.373845713725,137.124149834197,1385.42011698027,-0.273999989032745,0.112800002098083,0.955099999904633,-209.100006103516,61.4500007629395,601.440002441406
346454.1935636,652.8,-0.00452309614047408,0.0744205847382546,0,-63.2186211456179,-4.72730415839144,1622.74914251819,68.40865608223,1.48806265337183,1606.50800116592,163.318363595871,125.831500499141,1394.70086032393,-173.406747283912,137.062131613508,1385.49105592482,0,0,0,-204.919998168945,58.8699989318848,597.159973144531
346454.2040985,655.8,-0.00367127452045679,0.0749349355697632,0,-63.2850855700211,-4.7207376871844,1622.79522431992,68.3660174479448,1.51801602441115,1606.60245462629,163.252374094656,125.859521396961,1394.76140229858,-173.45793549583,137.010041955475,1385.53223793091,-0.268599987030029,0.109300002455711,0.957000017166138,-200.389999389648,58.4700012207031,589.010009765625
346454.2145697,658.8,-0.0036329161375761,0.07509441152215,0,-63.3335484616449,-4.71123772578444,1622.88307310892,68.2659922750987,1.52552690926264,1606.67361122999,163.185816774793,125.867387936432,1394.81835614675,-173.49034489158,136.903066326676,1385.59551985947,0,0,0,-190.339996337891,55.7400016784668,563.950012207031
346454.2256812,661.8,-0.00507708452641964,0.075366560742259,0,-63.3807022008717,-4.73276626484692,1622.9371813142,68.1631621106666,1.63060480961764,1606.77794965378,163.081407902796,125.876909690768,1394.85009833155,-173.549668631187,136.817318727348,1385.63980184785,-0.261900007724762,0.10700000077486,0.959100008010864,-173.479995727539,50.1399993896484,517.119995117188
346454.2362588,664.8,-0.00395940477028489,0.0758593458682299,0,-63.4424654708169,-4.73560902935197,1622.9600128666,68.0293279043588,1.61293088328002,1606.90849343915,162.95784530696,125.914199171763,1394.92070598528,-173.598553014747,136.742042648221,1385.66654529435,0,0,0,0,0,0
346454.2468431,667.8,-0.00368141778744757,0.0757986757904291,0,-63.4680232046279,-4.74915659370506,1622.97663557699,67.9670588868069,1.65568351765865,1607.00507648374,162.862223538298,125.922719642837,1394.95302969634,-173.637774826348,136.66977298903,1385.69465847328,0,0,0,0,0,0
346454.2573487,670.8,-0.00366908730939031,0.0763939939439297,0,-63.4893497799519,-4.75614106766165,1622.99305945784,67.9557779862752,1.66765702688577,1607.05089439654,162.847112606817,125.929641735506,1394.96812068017,-173.653100425148,136.648564179352,1385.6958909945,0,0,0,0,0,0
346454.2679835,673.8,-0.00389618356712162,0.0761258605867624,0,-63.5072477586004,-4.78025121321684,1622.97884428205,67.8546896443473,1.68331840074295,1607.08922524454,162.708277116082,125.897707012914,1395.06481961199,-173.799036626,136.545271971262,1385.68882558421,0,0,0,0,0,0
346454.2787611,676.8,-0.00373667269013822,0.0762574303895235,0,-63.5417458074842,-4.79846960448332,1623.00618046609,67.8080591363976,1.66931262031673,1607.11624729698,162.626326768852,125.897504203931,1395.08642334002,-173.891141796174,136.46788207746,1385.65033226776,0,0,0,0,0,0
346454.2893732,679.8,-0.00311511941254139,0.0773273952305317,0,-63.6216898359197,-4.84334461880376,1623.03387739817,67.7466110683975,1.69048599775476,1607.12620422585,162.48795525155,125.88597924533,1395.10716114152,-174.028954207439,136.409356310343,1385.65258639148,0,0,0,0,0,0
346454.2999351,682.8,-0.00286794872954488,0.0776992257684469,0,-63.6521596425578,-4.83740328104611,1623.04483977135,67.6527148809146,1.7443961297565,1607.109168461,162.411773859358,125.898273409905,1395.14274205182,-174.117451965808,136.379684809278,1385.61624758794,0,0,0,0,0,0
346454.3105089,685.8,-0.00325876055285335,0.0779108576476574,0,-63.6744261404542,-4.86765658114317,1623.03317769756,67.6066055471416,1.72663162263016,1607.14005458092,162.374711499347,125.878092160276,1395.19466774002,-174.19772522037,136.320688036898,1385.63994846184,0,0,0,0,0,0
346454.3211022,688.8,-0.00201321393251419,0.0772758055478334,0,-63.7571370867125,-4.89733022372701,1622.98264925419,67.497851318167,1.76347339512053,1607.18715855769,162.345190083395,125.863190630514,1395.24585457331,-174.318695033442,136.266097424208,1385.62959066744,0,0,0,0,0,0
346454.3345207,691.8,-0.00294454791583121,0.0780278466641903,0,-63.84236647634,-4.93391076766045,1622.95610874608,67.3709243047703,1.74696884295952,1607.22075950008,162.265780298156,125.837954993141,1395.2597432802,-174.489769513659,136.152976629922,1385.65745258683,0,0,0,-124.480003356934,36.8400001525879,389.239990234375
346454.3451667,694.8,-0.00410746084526181,0.078656679391861,0,-63.9473857406053,-4.94536648858004,1622.96446754675,67.2938004383581,1.75634028827761,1607.21605731419,162.175583648075,125.794582275633,1395.28451480746,-174.579886535936,136.085058540831,1385.67154686046,-0.225899994373322,0.117200002074242,0.967100024223328,-123.970001220703,38.5499992370605,387.630004882812
346454.3557605,697.8,-0.00291495933197439,0.0785432368516922,0,-64.076888883686,-5.00020304637661,1623.02153143978,67.1961379047182,1.75672063348607,1607.23553080856,162.024155053018,125.70762373262,1395.30272339337,-174.660476079519,135.960980524675,1385.70078123943,0,0,0,0,0,0
346454.3663151,700.8,-0.00272809015586972,0.0782254658639431,0,-64.2132651570371,-5.04135456186269,1622.9838554246,67.1536343770675,1.76160136420439,1607.26503365117,161.916138294605,125.648203734435,1395.29986373239,-174.73841108197,135.850539864852,1385.72114942703,0,0,0,0,0,0
346454.3768438,703.8,-0.00270089460536838,0.0783412273973227,0,-64.3533488519338,-5.0635360636211,1623.01165710861,67.0467843393536,1.72804803437658,1607.24497192699,161.805372318105,125.617523706861,1395.30343038788,-174.811603331082,135.738852830529,1385.68111292914,0,0,0,0,0,0
346454.3873438,706.8,-0.0020766444504261,0.0787349049001932,0,-64.4625502869109,-5.08722509285772,1623.12941404773,66.9672227964696,1.74470821117867,1607.29098296675,161.680733105258,125.575408391063,1395.32620400326,-174.873393021334,135.585102413625,1385.642800807,0,0,0,0,0,0
346454.3980152,709.8,-0.00273280311375856,0.0786838591098785,0,-64.6119058262935,-5.13729522285492,1623.19567786885,66.8812940918085,1.74931839318739,1607.31370879267,161.571428260535,125.538616765938,1395.37911652249,-174.971746080038,135.447067663546,1385.57404469886,0,0,0,0,0,0
346454.4086766,712.8,-0.00267523387447,0.0784461427479982,0,-64.7371306413499,-5.13519472593609,1623.20104210509,66.822174442728,1.73167761419135,1607.35202186329,161.506508942347,125.543731022572,1395.39453345795,-175.039177403831,135.33170622002,1385.51796760237,0,0,0,0,0,0
346454.4192732,715.8,-0.00212473794817924,0.0778425097465515,0,-64.900164400503,-5.1808120643408,1623.28229775153,66.7690407866128,1.77077401975185,1607.38602846753,161.439951824999,125.522728961558,1395.43748045161,-175.088578260145,135.227186901559,1385.49003349536,0,0,0,0,0,0
346454.4298891,718.8,-0.00221752421930432,0.0784246794879437,0,-64.9435429344867,-5.23478851661418,1623.34882683298,66.7627650330965,1.77331074244381,1607.41007791929,161.375400999357,125.528004017446,1395.45849779557,-175.147723248375,135.159042710954,1385.45412811911,0,0,0,0,0,0
346454.4404117,721.8,-0.00193607725668699,0.0771752860397101,0,-65.0122025055898,-5.2946773445939,1623.33137698616,66.7620267085221,1.73624286155547,1607.41213367705,161.330152208034,125.518181954869,1395.45503003123,-175.19143686597,135.068821991932,1385.4424195843,0,0,0,0,0,0
346454.4509163,724.8,-0.00189259345643222,0.0777422826737166,0,-65.0613930240269,-5.39212653926852,1623.3651058732,66.7493199600482,1.76391349203457,1607.44235294768,161.291872053155,125.508800895979,1395.44764296702,-175.248067146052,134.956358165451,1385.42070490418,0,0,0,0,0,0
346454.4614213,727.8,-0.00186148949433118,0.0782021399587393,0,-65.166117210082,-5.46575388445249,1623.37484492359,66.7401935549701,1.7446610776702,1607.42470662796,161.251111387547,125.501277094131,1395.45969586774,-175.338511177319,134.824847825054,1385.42482763665,0,0,0,0,0,0
346454.474434,730.8,-0.00204965984448791,0.0780329428613186,0,-65.2000827365835,-5.58574607213703,1623.39622241391,66.6939334402392,1.73808735017333,1607.39038832039,161.169378721688,125.476458266693,1395.42294109634,-175.499212884286,134.594428346578,1385.40897466668,-0.20890000462532,0.141100004315376,0.967700004577637,-190.559997558594,82.3600006103516,699.929992675781
346454.4849734,733.8,-0.00231857737526298,0.0778682347387075,0,-65.2627853114553,-5.67755478125742,1623.32869791955,66.6762457106554,1.72148966489947,1607.38793883798,161.139971549941,125.439291590507,1395.42306334829,-175.60187478813,134.401515151004,1385.47500308671,-0.209999993443489,0.1266999989748,0.969500005245209,-157.600006103516,64.1600036621094,565.929992675781
346454.495548,736.8,-0.00220944476313889,0.0779737945646048,0,-65.3437947532701,-5.80813842514681,1623.29487070968,66.6333302626781,1.68773731805762,1607.38206102897,161.095314750439,125.411020199319,1395.40865657328,-175.696209997602,134.2120672454,1385.51585380786,-0.259900003671646,0.170200005173683,0.950500011444092,-117.839996337891,41.7900009155273,384.559997558594
346454.5060297,739.8,-0.00139541213866323,0.0787791464477778,0,-65.3443560868172,-5.9623726107963,1623.23895275142,66.5913154708129,1.60037732006461,1607.38066468199,161.023232734041,125.358678049908,1395.39550033288,-175.761705041594,134.042783049453,1385.47500598455,0,0,0,0,0,0
346454.5165824,742.8,-0.00208067963831127,0.0781985748559237,0,-65.3307702906621,-6.08014828549266,1623.24671733917,66.5604559761322,1.53283477229063,1607.36568000706,160.983628717701,125.294995222653,1395.3681240745,-175.847246559656,133.890050278979,1385.44221949616,0,0,0,0,0,0
346454.527069,745.8,-0.00212124502286315,0.0778298046439886,0,-65.1735729612744,-6.23817016138539,1623.35389984007,66.5155425821617,1.49324927889037,1607.34177316871,160.9355904532,125.213161868224,1395.3654680669,-175.907750233234,133.761934879592,1385.39603501753,0,0,0,0,0,0
346454.5375538,748.8,-0.00223050266504288,0.0791469722986221,0,-65.2004993943212,-6.29616162397001,1623.2755901654,66.4751789007414,1.38281916826158,1607.32779018833,160.899807277618,125.127557350674,1395.35825272086,-175.93411277859,133.645716491621,1385.37705181063,0,0,0,0,0,0
346454.5480677,751.8,-0.00208017812110484,0.0780549220740795,0,-65.1707569508135,-6.40145834340575,1623.23934836886,66.4756862913671,1.30479886483895,1607.37273785389,160.837531585261,125.033221884101,1395.37277816698,-175.932510601509,133.574892936463,1385.34021327762,0,0,0,0,0,0
346454.5586088,754.8,-0.00166055094450712,0.0781251214444637,0,-65.1106833362248,-6.52425041410644,1623.27246760678,66.4958063206932,1.22415845659812,1607.41811793923,160.781035724399,124.928442545431,1395.39293979899,-175.965092222864,133.484812525829,1385.33959226502,0,0,0,0,0,0
346454.5691877,757.8,-0.00132334115915,0.0778520744293928,0,-65.1107973482339,-6.64792729034241,1623.24247881697,66.4882679991504,1.04616697266838,1607.43240122505,160.703034333665,124.76682417098,1395.41613780294,-176.000541546238,133.292952825804,1385.37177633594,0,0,0,0,0,0
346454.5797389,760.8,-0.00178874121047556,0.0779782369732857,0,-65.1081276019577,-6.77319688718521,1623.24713481244,66.4400678023094,0.898834692029575,1607.45487788757,160.659406254978,124.628612814944,1395.47392025381,-176.053544128174,133.125502956867,1385.41117506284,0,0,0,0,0,0
346454.590253,763.8,-0.00151877012103796,0.0784982465207577,0,-65.0979654891971,-6.89639689460908,1623.23718054104,66.39186398755,0.704340426442414,1607.4677847489,160.581181580438,124.459553918651,1395.48883070719,-176.126416510395,132.986174926993,1385.46798634688,0,0,0,0,0,0
346454.6007628,766.8,-0.00123590358998626,0.0786847978830338,0,-65.0615080782718,-7.08530171832041,1623.23028823087,66.3506610516621,0.518681278695794,1607.43846484721,160.4792697806,124.270445593534,1395.49200640646,-176.168558670729,132.800286888957,1385.55550592453,0,0,0,0,0,0
346454.61431,769.8,-0.000767092744354159,0.0773893728852272,0,-65.0150302754968,-7.30423714961913,1623.21447898689,66.3896111601155,0.318262751074408,1607.46478984713,160.395990447175,124.034170759719,1395.50621956904,-176.233488048704,132.561363814978,1385.5845141695,-0.159799993038177,0.14020000398159,0.977100014686584,-187.809997558594,107.800003051758,923.77001953125
346454.6249193,772.8,-0.00129589880816638,0.0790172129869461,0,-65.0049065406281,-7.455810835536,1623.21995632407,66.4273726180367,0.124999040931453,1607.4818906492,160.373857615135,123.886416828816,1395.53214341138,-176.27710644687,132.335785340853,1385.67807937059,-0.162900000810623,0.125200003385544,0.97869998216629,-174.220001220703,102.089996337891,860.260009765625
346454.6355319,775.8,-0.00103547086473554,0.0786035306751728,0,-65.0791557988616,-7.67295230552656,1623.24113553374,66.4324690951385,-0.0641108352520857,1607.48802659539,160.336643402168,123.809287312991,1395.53938250539,-176.3390955144,132.140581867601,1385.7281316654,-0.158899992704391,0.13400000333786,0.978200018405914,-204.229995727539,124.690002441406,1029.64001464844
346454.6460977,778.8,-0.00140186748467386,0.0782897364348173,0,-65.1442715844996,-7.93625692471627,1623.30104525998,66.42810617069,-0.353840363010999,1607.47614230191,160.241965022626,123.723009424488,1395.54311730091,-176.375359089729,131.921869632926,1385.7501999354,0,0,0,0,0,0
346454.6566724,781.8,-0.00143383396789432,0.0783648476004601,0,-65.0713082417621,-8.17630097967414,1623.4206709363,66.4014568912842,-0.557845765038708,1607.45523575637,160.224980118155,123.596628847372,1395.59836153287,-176.374116073137,131.750242376605,1385.76153410655,0,0,0,0,0,0
346454.6672047,784.8,-0.0013301691506058,0.0787496495991945,0,-65.0125015119325,-8.40351314342816,1623.48788239479,66.3951366688254,-0.760647155951509,1607.47603522489,160.186768997175,123.435357841283,1395.66542794827,-176.438851046875,131.576965889912,1385.79424934885,0,0,0,0,0,0
346454.6777904,787.8,-0.00141518888995051,0.0796898923814297,0,-65.032184758561,-8.62436755196121,1623.48269978471,66.3729911873916,-0.940809748861524,1607.46434066123,160.166335171106,123.269828319352,1395.76429671021,-176.491392780501,131.377637219264,1385.79992942389,0,0,0,0,0,0
346454.6883747,790.8,-0.00129301310516894,0.0790721088647842,0,-65.1263778663658,-8.86748484232642,1623.47086219631,66.3564602628079,-1.14695597588873,1607.46151419977,160.151066729757,123.054884117043,1395.86891403441,-176.54937326907,131.192686251762,1385.84165723414,0,0,0,0,0,0
346454.6989766,793.8,-0.000913800264243037,0.079085635393858,0,-65.2585586653559,-9.12319514318736,1623.47360650214,66.3559243667529,-1.29918294073857,1607.46870412326,160.122645355997,122.904454267497,1395.93980755765,-176.59525676809,131.015549062358,1385.88915456765,0,0,0,0,0,0
346454.7095754,796.8,-0.00122436287347227,0.0792252201586962,0,-65.4507305697115,-9.50763614123402,1623.61278363793,66.3270927507733,-1.58204134012521,1607.49307633044,160.097323912189,122.733803436743,1396.01725125713,-176.60715489075,130.818358354221,1385.90716136054,0,0,0,0,0,0
346454.7201443,799.8,-0.000740491726901382,0.078872787207365,0,-65.49161662102,-9.77273007095913,1623.66904305834,66.3381723151443,-1.85245626281975,1607.50638554961,160.053331427568,122.558957950831,1396.01824729638,-176.605294851753,130.686499016855,1385.93409780354,0,0,0,0,0,0
346454.7306957,802.8,-0.000428012834163383,0.0780921880155802,0,-65.4274386522208,-10.054227654481,1623.682098749,66.2824284498045,-2.08372119150654,1607.4576523075,160.013008394514,122.387893220155,1396.02550702795,-176.657703968127,130.523213090646,1386.00325832845,0,0,0,0,0,0
346454.7413061,805.8,-0.00080630270531401,0.0793317150324583,0,-65.3589120946484,-10.4332457148494,1623.62203380555,66.207705812985,-2.34565395897326,1607.36888694577,160.005204686666,122.203017231223,1396.06497129388,-176.688806575426,130.293508169668,1386.1091441166,0,0,0,0,0,0
346454.75438,808.8,-0.000177152454853058,0.0784406572580338,0,-65.3428502297914,-10.7873793427373,1623.43294150977,66.239639076397,-2.5381167267898,1607.31967896997,160.001423335664,121.959931069496,1396.11096454367,-176.708365980646,130.035398372829,1386.15121956674,-0.12049999833107,0.123499996960163,0.985000014305115,-146.5,99.0400009155273,907.780029296875
346454.7649081,811.8,-0.000571554235648364,0.0799476712942123,0,-65.3134414190404,-10.9095945441866,1623.33027423048,66.2637724911161,-2.69862892295018,1607.30425710751,159.917260208319,121.827539773468,1396.10841845703,-176.734465309886,129.85268063299,1386.18324985302,-0.124899998307228,0.118900001049042,0.985000014305115,-148.339996337891,100.230003356934,914.570007324219
346454.7754501,814.8,-0.000507694145198911,0.0802162386476994,0,-65.3279655857042,-11.0182534780016,1623.17868116632,66.3247579177084,-2.89942268953624,1607.30166176492,159.850849444607,121.693150783733,1396.06978452616,-176.784038882389,129.689656405088,1386.18967892242,-0.122299998998642,0.125,0.984600007534027,-153.889999389648,106.379997253418,953.700012207031
346454.7860276,817.8,-0.000101469464425463,0.080886097997427,0,-65.3223934513853,-11.1696909401569,1623.06781754876,66.2406434905358,-3.22050323601207,1607.352269505,159.810970457493,121.517347584071,1396.06466555425,-176.808264571929,129.51039836096,1386.1925733329,0,0,0,0,0,0
346454.7966552,820.8,-0.000936964876018465,0.0809204060584307,0,-65.3393260059268,-11.3162690250455,1622.99344057247,66.1682385755932,-3.44700005534401,1607.38047409363,159.79547623368,121.358348882795,1396.07214761571,-176.842106113124,129.38457407759,1386.20018679483,0,0,0,0,0,0
346454.8071868,823.8,-0.000955578929279,0.0805186279118061,0,-65.376744806708,-11.5676803865589,1622.92397906887,66.1358086726798,-3.7715982373548,1607.33846483592,159.764810317919,121.200292485194,1396.08197763999,-176.860828046812,129.251572864664,1386.13172222469,0,0,0,0,0,0
346454.8177176,826.8,-0.00201689731329679,0.0803302269428968,0,-65.40684565096,-11.7582614958011,1622.82255921248,66.1102039590695,-3.95169515577472,1607.36452221191,159.753360253989,121.029506860882,1396.10843818408,-176.897836540049,129.078652197531,1386.09557307846,0,0,0,0,0,0
346454.8282155,829.8,-0.000438495218986645,0.0808314237743616,0,-65.4747526212046,-11.9979022075193,1622.88166541971,66.0646239233247,-4.10840847854642,1607.40613277604,159.765469785658,120.861635703707,1396.17110372466,-176.903679518926,128.95452035068,1386.04362525645,0,0,0,0,0,0
346454.8387551,832.8,-0.0012382878921926,0.0810462966561317,0,-65.5987969179397,-12.2257001613153,1622.9689871771,66.0122994056549,-4.32254045487201,1607.42616150064,159.745664293736,120.729854719626,1396.22528200861,-176.939389349906,128.835303600274,1386.02301269981,0,0,0,0,0,0
346454.8494692,835.8,-0.00131463550496846,0.0817531332373619,0,-65.7799440291645,-12.4887995374408,1623.03129048463,65.8870737019315,-4.54511883344137,1607.47028690277,159.70191712381,120.470232707942,1396.27133814594,-176.946174854516,128.743119071553,1386.04355725696,0,0,0,0,0,0
346454.859995,838.8,-0.000902702391613275,0.0818878192454577,0,-65.8993401059334,-12.6031957275676,1623.14068967804,65.792113908112,-4.74295108877467,1607.45624132336,159.66055687392,120.251572126484,1396.31120290818,-176.952404261131,128.676188741859,1386.07814428059,0,0,0,0,0,0
346454.8705056,841.8,-0.00238414853811264,0.0824849311262369,0,-66.0545764738131,-12.7201124129216,1623.22948059938,65.7046588381796,-4.9287445697752,1607.48785913537,159.6712932122,120.122258982428,1396.38751757579,-176.982851485276,128.592178255911,1386.1088088621,0,0,0,0,0,0
346454.8810259,844.8,-0.00170420738868415,0.0815897271037102,0,-66.1050439800073,-12.7756261303586,1623.2900120889,65.6250279776141,-5.09500467942735,1607.54464566755,159.687392852013,119.951183407623,1396.46808963277,-177.00001469154,128.537137278477,1386.1410633641,0,0,0,0,0,0
346454.8947784,847.8,-0.00132607214618474,0.0816360212862492,0,-66.232044752582,-12.9230423953425,1623.3840672715,65.4774017002765,-5.33065139344455,1607.58742343449,159.643482871588,119.661990503003,1396.52586989951,-177.015556084345,128.377897658155,1386.20840771572,-0.101000003516674,0.119400002062321,0.98769998550415,-120.129997253418,100.480003356934,895.260009765625
346454.9056641,850.8,-0.00224117399193347,0.0815010260790587,0,-66.2685769931555,-13.0470735042417,1623.39186054624,65.4421764068962,-5.52187784094764,1607.65186553729,159.644901495202,119.471962522299,1396.5550327636,-177.07162555204,128.267439224335,1386.25671729879,-0.096000000834465,0.117899999022484,0.988399982452393,-104.669998168945,87.8199996948242,796.659973144531
346454.9161495,853.8,-0.000756562280002981,0.0815049115568399,0,-66.3047466345177,-13.2424820415022,1623.3708730413,65.3567420304159,-5.66421961219038,1607.67713449213,159.64381376,119.354331638019,1396.61181109681,-177.105608602773,128.118408357236,1386.29659333364,0,0,0,0,0,0
346454.9266728,856.8,-0.00165602704510093,0.0821971505880356,0,-66.3202807049686,-13.3745066849324,1623.36988465105,65.2836586740045,-5.77195304011822,1607.67393602098,159.610594360948,119.178668448827,1396.68081926786,-177.117787933991,128.020238384768,1386.33881186518,0,0,0,0,0,0
346454.9372056,859.8,-0.00156152260024101,0.0822745881974697,0,-66.3201244981544,-13.496036409175,1623.36958751142,65.2839024084678,-5.90148943070552,1607.68008718172,159.533296962497,118.993280834763,1396.73447395786,-177.129956990258,127.929117357855,1386.3448364872,0,0,0,0,0,0
346454.9477417,862.8,-0.00152887764852494,0.0819603599607945,0,-66.3535100718479,-13.6141328203219,1623.37655735351,65.188363219233,-6.04341227852022,1607.6847509079,159.471194008151,118.823669718289,1396.81409635966,-177.17436767296,127.853670208636,1386.34644868967,0,0,0,0,0,0
346454.9582444,865.8,-0.00268445000983775,0.0820513390004635,0,-66.3806190591064,-13.7316364800569,1623.35476356616,65.107779690066,-6.15883951109234,1607.71883985792,159.418724630611,118.68352113211,1396.88228357784,-177.217369305709,127.770173776809,1386.36038178638,0,0,0,0,0,0
346454.9687816,868.8,-0.00143368891440332,0.0820174537599087,0,-66.430821731157,-13.8336444315048,1623.3519179803,65.0126528148337,-6.32540050130357,1607.69729556112,159.343801284831,118.559412247514,1396.94790534641,-177.253533411083,127.710727628754,1386.38724500708,0,0,0,0,0,0
346454.9793277,871.8,-0.00241547892801464,0.0816661477088928,0,-66.5026470036058,-13.9804428647618,1623.35117923259,64.927344489336,-6.45635152847156,1607.6580286618,159.278993907681,118.439107921908,1397.00547322518,-177.336680951689,127.595079336157,1386.40381674125,0,0,0,0,0,0
346454.989816,874.8,-0.00151343166362494,0.0823347553610802,0,-66.5054807457674,-14.1381355891422,1623.36526665896,64.8801974342247,-6.5489704478453,1607.58913800066,159.236396008168,118.366671039616,1397.03384824544,-177.42092520154,127.479648149251,1386.39320785998,0,0,0,0,0,0
346455.0003475,877.8,-0.00150980963371694,0.0827404487878084,0,-66.4896823122524,-14.2955285846798,1623.37967836847,64.8686138713941,-6.6412294800189,1607.58696598214,159.191611356269,118.297471027456,1397.05212289323,-177.483678683422,127.413038578254,1386.37909784503,0,0,0,0,0,0
346455.0108412,880.8,-0.00211586756631732,0.0826558269560337,0,-66.4643190997456,-14.4398549031943,1623.44458000479,64.8319717755175,-6.73120317556927,1607.57461719499,159.175331495678,118.253773003784,1397.07340808355,-177.552791656893,127.316902612274,1386.38634519635,0,0,0,0,0,0
346455.021387,883.8,-0.00189307320397347,0.0826802033931017,0,-66.5224611322918,-14.5211892892607,1623.4351557482,64.7590727643433,-6.84325064792285,1607.59945241974,159.140535026776,118.209252292593,1397.09312940328,-177.592632580515,127.222568415085,1386.36686595438,0,0,0,0,0,0
346455.0342212,886.8,-0.00143991631921381,0.0831888135522604,0,-66.6489624248289,-14.7189020033376,1623.32154787494,64.6405651949881,-7.0142312520766,1607.59892006228,159.105376912414,118.113714117739,1397.11987319061,-177.624483367643,127.116193209405,1386.30238144234,-0.0509999990463257,0.129299998283386,0.990299999713898,-80.0299987792969,114.23999786377,957.119995117188
346455.0447572,889.8,-0.00149235909339041,0.0831899795681238,0,-66.7659073904131,-14.8607039307298,1623.26082311043,64.5675874636129,-7.13251796369104,1607.56520708362,159.03416743131,118.020475623811,1397.10089779366,-177.649958980386,127.026264024963,1386.26127602922,-0.0549999997019768,0.123999997973442,0.990800023078918,-73.8899993896484,109.73999786377,923.739990234375
346455.0552992,892.8,-0.00106698961462826,0.0825165644288063,0,-66.8945503348874,-14.981150002771,1623.14869237748,64.5238182451648,-7.214507445439,1607.55127389156,159.004315760331,117.926210778203,1397.09770538806,-177.671874465099,126.955024040822,1386.19550827557,-0.0439999997615814,0.128800004720688,0.990700006484985,-72.0500030517578,113.230003356934,947.830017089844
346455.0658338,895.8,-0.00135812524240464,0.0833573903888464,0,-67.0927533741243,-15.0624853295037,1623.08554433783,64.4804607243728,-7.34380790844623,1607.61565758348,158.966463865095,117.813659732871,1397.09068165686,-177.693395786166,126.857758169731,1386.12349532139,0,0,0,0,0,0
346455.0764099,898.8,-0.000716270646080375,0.0826578535139561,0,-67.2689276870976,-15.1703338573958,1623.07743569335,64.4004258309744,-7.45894894584217,1607.61849897813,158.954765914678,117.718634097213,1397.09206044531,-177.740241954101,126.778003297376,1386.11069284829,0,0,0,0,0,0
346455.0870107,901.8,-0.000793057377450168,0.0836821742355824,0,-67.4057979063663,-15.2370048063804,1623.05783543725,64.3252237857249,-7.54684938093358,1607.59894395767,-177.765599472152,126.73708896968,1386.09901628094,158.930068167055,117.652424691179,1397.08322095138,0,0,0,0,0,0
346455.0975547,904.8,-0.00134285271633416,0.0835542440414429,0,-67.5392828724964,-15.3052501048619,1623.02750565888,64.2753902235073,-7.58389622717642,1607.6095817316,158.881539495802,117.56809647322,1397.07301186965,-177.781919658664,126.682163521745,1386.08918607306,0,0,0,0,0,0
346455.1081455,907.8,-0.00122590211685747,0.0828760586678982,0,-67.6798072815527,-15.3694549786548,1623.04764208689,64.2051788593059,-7.64755267965671,1607.62574668101,158.836823444206,117.466736528053,1397.07362286209,-177.807301842838,126.648081663654,1386.09193480504,0,0,0,0,0,0
346455.1188722,910.8,-0.00110906513873488,0.0829535838216543,0,-67.772371650347,-15.4474529691124,1623.06524109653,64.1171736895276,-7.74651875622562,1607.63641888423,158.817801644466,117.356208312535,1397.09839982859,-177.827876178262,126.609699061666,1386.09977546821,0,0,0,0,0,0
346455.1295448,913.8,-0.000776500790379941,0.0836930986493826,0,-67.9019666323194,-15.5115024400567,1623.09069811469,64.0212047928749,-7.90332101110671,1607.6679036598,158.800674467309,117.254115810686,1397.12771789405,-177.841337967974,126.556235364663,1386.12565319447,0,0,0,0,0,0
346455.1401988,916.8,-0.00117335561662912,0.0827794823795557,0,-68.0141268463147,-15.5633647758472,1623.09554347453,63.9015779282738,-7.99215202221789,1607.6927266952,158.778770725698,117.189312781536,1397.16732306423,-177.83469098569,126.504359005746,1386.15259452986,0,0,0,0,0,0
346455.1507585,919.8,-0.00131183455232531,0.0833288956433535,0,-68.0860635858818,-15.6325526799856,1623.05438237781,63.8209231824026,-8.12586799436641,1607.71613725125,158.781122525851,117.114221876857,1397.2020711085,-177.851124618065,126.479817184279,1386.15932999334,0,0,0,0,0,0
346455.1612812,922.8,-0.00202815653756261,0.0831436276435852,0,-68.1395572592467,-15.7361071073312,1623.09075003986,63.7569742052926,-8.25419166301839,1607.72503308415,158.779201504302,117.041535668855,1397.22320016572,-177.862003181541,126.425712751252,1386.18212027962,0,0,0,0,0,0
346455.1742519,925.8,-0.00102644227445126,0.0832865372300148,0,-68.1942282486022,-15.8132933663791,1623.0790628599,63.6895057792674,-8.34536047811112,1607.76221895001,158.770577603382,116.987370595636,1397.26498648962,-177.872604157493,126.341315045896,1386.19176763275,-0.00300000002607703,0.126300007104874,0.991999983787537,-27.0799999237061,97.7200012207031,822.780029296875
346455.185017,928.8,-0.000529093842487782,0.0836662225425243,0,-68.205235640382,-15.8353482368334,1623.0733521357,63.6703922902905,-8.41898140958258,1607.77087797751,158.766921536269,116.946043563649,1397.28072673215,-177.892372693924,126.277894570254,1386.21889505837,-0.00219999998807907,0.126499995589256,0.991999983787537,-24.7600002288818,102.269996643066,851.530029296875
346455.1955892,931.8,-0.00109321682248265,0.0833936169743538,0,-68.2111236983907,-15.8792686429333,1623.07846019822,63.6425815217599,-8.45244833240264,1607.78627821164,158.755078647059,116.923692640653,1397.30124424158,-177.906464737936,126.228457559792,1386.2304820575,0.00329999998211861,0.127100005745888,0.991900026798248,-22.0900001525879,97.5500030517578,818.119995117188
346455.2061232,934.8,-0.000990767264738679,0.0834299776703119,0,-68.2131791544761,-15.928909585917,1623.06553555679,63.5810630786567,-8.48761192596209,1607.76805339861,158.725256126491,116.870322068751,1397.32137226552,-177.907152912105,126.132416024531,1386.28909019457,0,0,0,0,0,0
346455.2167021,937.8,-0.00076917203841731,0.0827611967921257,0,-68.2261703366662,-15.9394719642551,1623.07943890921,63.5654794975965,-8.56995760925647,1607.78194351586,158.709796643524,116.841418811201,1397.34621468871,-177.936450437185,126.066939089165,1386.34361453177,0,0,0,0,0,0
346455.2272137,940.8,0.000129885578644462,0.0841176755726337,0,-68.2220205730466,-15.9609362806872,1623.0683217559,63.5705672699117,-8.60286618987675,1607.8113698833,158.669285396009,116.828339267031,1397.34801590131,-177.943229805584,126.021884737688,1386.34070994048,0,0,0,0,0,0
346455.237785,943.8,-0.000817640626337379,0.0828355144709349,0,-68.2217374562668,-16.004832569846,1623.06866777648,63.5499702743545,-8.64456544067314,1607.76151747002,158.663706153264,116.785452542955,1397.36562487158,-177.951337057201,125.945418598161,1386.35619647371,0,0,0,0,0,0
346455.2483842,946.8,-0.000933586154133081,0.08296257853508,0,-68.2261128870125,-16.0443680680825,1623.07794180951,63.5418912677844,-8.6674342413577,1607.72850567178,158.648224170612,116.756789220949,1397.36694633511,-177.982670310756,125.904167121283,1386.36290835805,0,0,0,0,0,0
346455.2589692,949.8,-0.000901095918379724,0.08303047940135,0,-68.237852329306,-16.0643466758988,1623.06885075607,63.5252258698411,-8.70464943424921,1607.72844941919,158.63138267713,116.747349664978,1397.39211318183,-177.993965716201,125.841528180099,1386.37496929005,0,0,0,0,0,0
346455.2694958,952.8,-0.00100224697962403,0.0838847368955612,0,-68.1822740949098,-16.1234330248749,1623.08860228612,63.5570320113719,-8.73957261498937,1607.726996697,158.607945063306,116.74908348869,1397.3869961477,-177.99723628029,125.735248163488,1386.40237239221,0,0,0,0,0,0
346455.2800757,955.8,-0.000358115503331646,0.0830874428153038,0,-68.1319351148534,-16.2089623526955,1623.08794910018,63.5385503858105,-8.72507470155579,1607.68505732611,158.597132714968,116.74554769094,1397.37846581143,-178.009991116102,125.699841983965,1386.40028777415,0,0,0,0,0,0
346455.2906201,958.8,-0.000649557623546571,0.0836868774145842,0,-68.0935813535162,-16.2870584047469,1623.08735896946,63.5252117736804,-8.77952717132377,1607.64960283372,158.613450527064,116.759172461757,1397.37422325466,-178.008605025384,125.669014586639,1386.39723367742,0,0,0,0,0,0
346455.3011988,961.8,-0.000779573747422546,0.0830880537629128,0,-68.0729552760883,-16.3449434260861,1623.08236993544,63.5590124057503,-8.78807925313385,1607.66165944007,158.601597385791,116.768069994509,1397.36097513201,-178.012722222395,125.635023650968,1386.39676892057,0,0,0,0,0,0
346455.3140298,964.8,-0.00110121408943087,0.083205633237958,0,-68.0374943468245,-16.4072593757125,1623.08764321528,63.5808675875747,-8.80344129673273,1607.65467638308,158.603836301836,116.758598010365,1397.37150069199,-178.015628722635,125.609334720173,1386.42204354337,0.0593000017106533,0.127900004386902,0.990000009536743,24.3999996185303,91.7799987792969,759.739990234375
346455.3245833,967.8,-0.000800563371740282,0.0837629664689302,0,-68.0455288198498,-16.4305947864576,1623.0812204176,63.5790143131389,-8.82297835994132,1607.60905779991,158.603513840043,116.794386372997,1397.34272943818,-178.028072863773,125.610388527902,1386.41295495919,0.0604000017046928,0.1300999969244,0.989700019359589,29.1299991607666,101.220001220703,816.739990234375
346455.3351556,970.8,-0.000626430730335414,0.0838540870696306,0,-67.9991193250984,-16.4646891225836,1623.11733517547,63.6033777536154,-8.84039783988031,1607.58993260712,158.601671141877,116.812220181719,1397.34086544341,-178.002850298071,125.626054041715,1386.39519606955,0.062899999320507,0.128299996256828,0.989700019359589,30.0300006866455,96.0400009155273,787.640014648438
346455.3456844,973.8,-0.00112110772170126,0.083878169208765,0,-68.0131557391971,-16.4734927594659,1623.10593760668,63.6384683651954,-8.84986466671641,1607.61341675937,158.601359647869,116.828180467516,1397.35399894995,-178.033155916108,125.612608347395,1386.42709010944,0.0649000033736229,0.125699996948242,0.98989999294281,30.7900009155273,89.8199996948242,751.469970703125
346455.356254,976.8,-0.000780861882958561,0.0833540450781584,0,-67.972631342771,-16.4725670425151,1623.13318947915,63.6468175838547,-8.85527216981033,1607.59183277436,158.622060745443,116.899774722761,1397.34591029302,-178.026369830752,125.625480133958,1386.4268045716,0,0,0,0,0,0
346455.3668186,979.8,-0.000251674035098404,0.0824093822389841,0,-67.943513006257,-16.4897002254451,1623.14097093,63.6463651791222,-8.8585575589122,1607.5715512022,158.594363112263,116.940100457659,1397.33950829542,-178.052463289523,125.612404976345,1386.46823094126,0,0,0,0,0,0
346455.37738,982.8,-0.000219434456084855,0.0840874783694744,0,-67.9508406458051,-16.4554891915465,1623.14178341992,63.6387767189966,-8.82855735204302,1607.60494170219,158.584391911451,116.975646549034,1397.34842161998,-178.044469308181,125.615009244663,1386.47344224863,0,0,0,0,0,0
346455.3878819,985.8,-0.00107306020800024,0.0828677885234356,0,-67.9787398518482,-16.4229831015884,1623.12217354412,63.6678255762311,-8.82151126873581,1607.62365067915,158.595338145639,117.011491446914,1397.35468151551,-178.053526016452,125.633477603927,1386.47178584442,0,0,0,0,0,0
346455.3983903,988.8,-0.000999200739897788,0.0833348281681538,0,-68.0087680382313,-16.380231265684,1623.10829947811,63.6703736768546,-8.79460769856334,1607.62112777311,-178.052445074827,125.634117686007,1386.49263449837,158.591751317784,117.029008022087,1397.360214186,0,0,0,0,0,0
346455.4090152,991.8,-0.0018127717776224,0.0834978561848402,0,-68.0038366652829,-16.3640282853222,1623.10834386748,63.6830936799381,-8.74805964949738,1607.63409877863,158.577771997016,117.100008568707,1397.33254092301,-178.055049625505,125.656098442562,1386.48542051597,0,0,0,0,0,0
346455.4196427,994.8,-0.000770506972912699,0.0829619731754065,0,-68.0458422606139,-16.2877743951948,1623.07807679049,63.6836868126684,-8.70966305107909,1607.62424625326,158.572111977326,117.171401412352,1397.30717716918,-178.061530003371,125.669953770022,1386.50886822888,0,0,0,0,0,0
346455.4302311,997.8,-0.000660825346130878,0.0832669720053673,0,-68.0455876531664,-16.2728598841285,1623.08124613821,63.7392610672968,-8.64742099674829,1607.60622724712,158.56786382371,117.239736188591,1397.31082001683,-178.063056820111,125.726475607672,1386.4812017107,0,0,0,0,0,0
346455.4407835,1000.8,-0.00089681678218767,0.0826610442250967,0,-68.0726735588728,-16.2149461700692,1623.06603539652,63.746742928912,-8.60436826546905,1607.57327067214,158.562025280839,117.311774146442,1397.28940401496,-178.033033059566,125.764234163821,1386.45180990514,0,0,0,0,0,0
346455.4541969,1003.8,-0.00106324732769281,0.082349319383502,0,-68.1088803544442,-16.1157371892246,1623.04489968684,63.7458094601759,-8.5318947692377,1607.57438230032,158.553678870005,117.419417437255,1397.27712766675,-178.030610246643,125.828114551329,1386.44320147833,0.104400001466274,0.125,0.986699998378754,53.2400016784668,80.0899963378906,680.070007324219
346455.4647534,1006.8,-0.00117712782230228,0.0827949553728104,0,-68.1177668056034,-16.0564546743796,1623.02907712363,63.7627071691834,-8.53057607404757,1607.55700822788,158.552976326341,117.511699682206,1397.26151004424,-178.015629400815,125.914794381428,1386.39196679414,0.0975999981164932,0.121699996292591,0.987800002098083,50.1300010681152,70.8300018310547,620.539978027344
346455.4753419,1009.8,-0.000764899945352226,0.0818498436361551,0,-68.1407875532826,-16.0073032862397,1623.01416835144,63.7375047495026,-8.50255382274115,1607.50556873778,158.596215935415,117.594270319651,1397.26617963455,-178.001620894758,125.993657531354,1386.38776525418,0.107799999415874,0.120700001716614,0.986800014972687,49.5999984741211,68.1800003051758,603.030029296875
346455.4858857,1012.8,-0.00111495074816048,0.0830130264163017,0,-68.150260534176,-15.9739740527781,1622.99483045578,63.7362135862301,-8.4244568385733,1607.56738620445,158.598915817561,117.671898440672,1397.24269882005,-177.988216555546,126.091003428713,1386.31652732778,0,0,0,0,0,0
346455.4964749,1015.8,-0.00156605790834874,0.0835184998810291,0,-68.1792540209165,-15.9501142806593,1622.97239422235,63.7063608498819,-8.40483122534778,1607.56513832877,158.607471927691,117.760945288968,1397.23582655592,-177.983346633882,126.131911816794,1386.26942431324,0,0,0,0,0,0
346455.5069917,1018.8,-0.00123312103096396,0.0830561652779579,0,-68.1673102820185,-15.8925189778219,1622.97466326733,63.6488971014729,-8.31529001019611,1607.5588968338,158.610333917966,117.830028941748,1397.20064583517,-177.965442871239,126.280202706073,1386.18280949107,0,0,0,0,0,0
346455.5176391,1021.8,-0.00119045237079263,0.0825903084129095,0,-68.1847032471515,-15.8019595917078,1622.95641263414,63.5599748718829,-8.23228003182062,1607.52274675915,158.649226270877,117.87444566155,1397.21712075797,-177.971555816442,126.333215634722,1386.18345404952,0,0,0,0,0,0
346455.528188,1024.8,-0.00102178321685642,0.0831134136766195,0,-68.2423477290748,-15.6964911284108,1622.88508582168,63.4985825536126,-8.15066034294006,1607.54126417103,158.648193432104,117.952824509354,1397.21047532015,-177.967043792941,126.414254466633,1386.18991759995,0,0,0,0,0,0
346455.5388085,1027.8,-0.00107597862370312,0.082330908998847,0,-68.3056053674604,-15.5706451692249,1622.85660928076,63.4350635876338,-8.09819747900847,1607.51320151912,158.663259339799,118.013619826248,1397.2006990953,-177.937757483575,126.481578205687,1386.17251953449,0,0,0,0,0,0
346455.5493579,1030.8,-0.00132823502644897,0.0827706646174192,0,-68.3391882609362,-15.428269941886,1622.79183244949,63.3415842195171,-8.04241630138927,1607.51383481346,158.697742321779,118.090245645279,1397.20768048275,-177.957726637702,126.598972262328,1386.13930140018,0,0,0,0,0,0
346455.5599278,1033.8,-0.000867289258167148,0.0826549757272005,0,-68.3773573894197,-15.3454602950803,1622.7380050065,63.2444723010222,-7.94579157052223,1607.46907878216,158.708890107951,118.126718260668,1397.21760271555,-177.952643290066,126.64117119944,1386.13745472635,0,0,0,0,0,0
346455.5704343,1036.8,-0.000363777711754665,0.0815864842385054,0,-68.383151740825,-15.2411368594967,1622.72893727324,63.2353240364571,-7.9387858841276,1607.55192338563,158.731756079175,118.164951993385,1397.2113084022,-177.948729086153,126.712520783036,1386.13442301872,0,0,0,0,0,0
346455.5809862,1039.8,-0.000741838070098311,0.0825062062591314,0,-68.4129390321462,-15.1754439658502,1622.70590037874,63.1530900461291,-7.87699991772745,1607.51541071358,158.743728339667,118.227911007123,1397.2032331975,-177.95033705928,126.770994203078,1386.14549658631,0,0,0,0,0,0
346455.5941567,1042.8,-0.00139970064628869,0.082008807361126,0,-68.4253680181766,-15.1006455204725,1622.68821588019,63.1141302647964,-7.77790015348112,1607.52823554008,158.76461477878,118.277231210767,1397.19729977732,-177.934209405897,126.872845277559,1386.14860586692,0.13289999961853,0.13060000538826,0.982500016689301,105.089996337891,116.01000213623,925.289978027344
346455.6047269,1045.8,-0.00118261948227882,0.0819566104561091,0,-68.4602829728223,-15.0225581440559,1622.6634093402,63.1449764889625,-7.7116666267065,1607.5631435021,158.771620831653,118.335122261706,1397.1965794109,-177.937488355973,126.958460359891,1386.15775236276,0.138899996876717,0.128099992871284,0.98199999332428,106.839996337891,109.849998474121,895.630004882812
346455.6153023,1048.8,-0.000830534903798252,0.0815624579787254,0,-68.4829979063222,-14.9332812598629,1622.64692625735,63.0994721712095,-7.6234998987751,1607.50425336962,158.77272314601,118.389073283005,1397.1718183981,-177.941428146718,127.031010699421,1386.17149395284,0.140900000929832,0.125200003385544,0.982100009918213,105.360000610352,102.959999084473,855.900024414062
346455.6258362,1051.8,-0.00110675964970142,0.0820320978760719,0,-68.4898572215395,-14.7998509694109,1622.63626971357,63.138183283249,-7.51485635089934,1607.53117180272,158.770755093413,118.448012651705,1397.15593321162,-177.939346561116,127.155643600968,1386.17808748241,0,0,0,0,0,0
346455.6364406,1054.8,-0.000734394590836018,0.0810875821858645,0,-68.4737265865568,-14.7054694043108,1622.61702038932,63.1439943263191,-7.49189551983593,1607.46512954892,158.765658507127,118.497526260904,1397.15773341881,-177.92526652699,127.238412665971,1386.20132163411,0,0,0,0,0,0
346455.6469617,1057.8,-0.000638641999103129,0.0822568893432617,0,-68.4972069714846,-14.5985198753442,1622.57676772244,63.1700640353463,-7.43115247335279,1607.47647776428,158.767884887477,118.583470403888,1397.17261053583,-177.906820362632,127.307131978547,1386.21961811135,0,0,0,0,0,0
346455.6574501,1060.8,-0.00152943178545684,0.0818503577262163,0,-68.5428318186565,-14.4696563896244,1622.51791169804,63.2280552516155,-7.36500270845754,1607.477890997,158.758973498923,118.686614248498,1397.15243871254,-177.884369418278,127.439507156636,1386.20757249828,0,0,0,0,0,0
346455.66796,1063.8,-0.00152049784082919,0.0812255408614874,0,-68.5024770640156,-14.3680189010367,1622.50285383425,63.2643479348773,-7.29403672999812,1607.49215390038,158.770152892617,118.793037347352,1397.14380532355,-177.883889437647,127.531067480874,1386.22458683138,0,0,0,0,0,0
346455.6785218,1066.8,-0.00163816986605525,0.0816869571805,0,-68.4938279092864,-14.2769838694551,1622.48669885692,63.2970808036443,-7.24765706711832,1607.49445428549,158.781180415308,118.912574471433,1397.12776542193,-177.827879427345,127.668321189386,1386.20591932879,0,0,0,0,0,0
346455.6890884,1069.8,-0.00154282839503139,0.0812809452414513,0,-68.4740910169457,-14.2197000559438,1622.48055376153,63.3396268185035,-7.1714269714111,1607.49448404172,158.753030856783,119.015722161895,1397.09263142548,-177.81834222369,127.796075779329,1386.1558792519,0,0,0,0,0,0
346455.6996446,1072.8,-0.00167953153140843,0.0815684929490089,0,-68.4165198286674,-14.1205921961704,1622.45949073347,63.3951937194825,-7.065019755048,1607.48761813085,158.730530703384,119.166937800063,1397.03300484569,-177.776628327272,127.956280734974,1386.16917457464,0,0,0,0,0,0
346455.7101724,1075.8,-0.00172262126579881,0.0809741452336311,0,-68.3427860780702,-14.0298126841089,1622.44899911361,63.383152183435,-7.00031277735333,1607.45962893071,158.70695968359,119.288678129582,1396.99278421121,-177.760881611247,128.133329881589,1386.07969601174,0,0,0,0,0,0
346455.7207091,1078.8,-0.00167383684311062,0.0814176671206951,0,-68.3025062677101,-13.8896484077678,1622.43467951769,63.3732196836122,-6.87942823874542,1607.4475888422,158.735545253831,119.378251710078,1396.97386569816,-177.729970746679,128.255304260221,1386.05418878663,0,0,0,0,0,0
346455.733904,1081.8,-0.00170303042978048,0.0813296664506197,0,-68.1921071207639,-13.7271468050691,1622.42597621731,63.3755824882269,-6.69684410051187,1607.44357733275,158.711476971583,119.544132139653,1396.91075903878,-177.691783626205,128.421342187839,1386.00813846164,0.171200007200241,0.129099994897842,0.976700007915497,180.25,134.360000610352,1182.18994140625
346455.7444467,1084.8,-0.00159360561519861,0.0805625826120377,0,-68.1980423911554,-13.5687623196321,1622.39713182805,63.3182608475195,-6.55010452264285,1607.45803780598,158.726376401399,119.692884807902,1396.88805974547,-177.659771796136,128.522999419456,1385.97664541731,0.168599992990494,0.117499999701977,0.97869998216629,179.990005493164,131.369995117188,1160.72998046875
346455.7549944,1087.8,-0.00171131978277117,0.0809936750680208,0,-68.2280815048594,-13.4571396331112,1622.37296032514,63.2732859890441,-6.37219963079558,1607.46343079852,158.72614101185,119.839590838649,1396.85951701415,-177.66605703589,128.63719497158,1385.97545627344,0.178000003099442,0.12610000371933,0.975899994373322,174.270004272461,123.290000915527,1102.03002929688
346455.7654945,1090.8,-0.00202676863409579,0.0802644960582256,0,-68.2844419310943,-13.3232391941059,1622.3482741717,63.1934945348823,-6.18900405155375,1607.49612877155,158.732009454454,119.968604102614,1396.83596551178,-177.663878754869,128.755603110472,1385.91507253733,0.175500005483627,0.113399997353554,0.97790002822876,159.990005493164,107.330001831055,981.140014648438
346455.7761055,1093.8,-0.00176530727185309,0.080370756238699,0,-68.2694704214868,-13.1434750221394,1622.33806644455,63.1087038981939,-5.9400034999661,1607.55851947614,158.747799709487,120.090513880243,1396.855375903,-177.66335624128,128.902014647058,1385.91923205927,0,0,0,0,0,0
346455.7866988,1096.8,-0.00222052820026875,0.0810656029731035,0,-68.3009189345123,-13.0026071506979,1622.36294136686,63.0643203952956,-5.78950515455019,1607.53951626407,158.766153154147,120.180341113556,1396.85812744173,-177.647269674581,129.023925482328,1385.93590991249,0,0,0,0,0,0
346455.7972454,1099.8,-0.00218771630898118,0.0803553391247988,0,-68.397868885784,-12.7726402894367,1622.38839095077,63.0193738769763,-5.66711326196397,1607.50607257589,158.797159477367,120.263650841537,1396.85831932192,-177.614304511581,129.175895542805,1385.9209792888,0,0,0,0,0,0
346455.8077918,1102.8,-0.00202495558187366,0.0818147625774145,0,-68.5330909055746,-12.5682663502697,1622.34839771769,62.9728440642768,-5.59200680791445,1607.47519215614,158.795515885215,120.345144650584,1396.86473754415,-177.621214030198,129.304258502382,1385.93812723203,0,0,0,0,0,0
346455.8183568,1105.8,-0.00219131796620786,0.0801296442747116,0,-68.6403898978578,-12.3980771606883,1622.37292680584,62.9310899552488,-5.49564147698063,1607.44630977489,158.804015106781,120.445315415764,1396.84164388989,-177.601044431194,129.447608184698,1385.93445434123,0,0,0,0,0,0
346455.8289407,1108.8,-0.00200639176182449,0.0801224060356617,0,-68.7277815903,-12.2503854257813,1622.44094902264,62.9284980660322,-5.41038284917585,1607.46343137093,158.798560629204,120.549625408772,1396.83474484454,-177.593225658549,129.620831056088,1385.96667977448,0,0,0,0,0,0
346455.8395066,1111.8,-0.00247408077120781,0.0800824150443077,0,-68.7972913430907,-12.1153041091573,1622.49949857761,62.9286539152876,-5.27672992629737,1607.50577094689,158.796655410105,120.706295346674,1396.86107315872,-177.654987388092,129.810169039973,1385.95462508897,0,0,0,0,0,0
346455.8500626,1114.8,-0.00353160430677235,0.0795633256435394,0,-68.7991600728712,-12.042152561057,1622.57638661441,62.8627177906575,-5.18133945887416,1607.46431130668,158.817202160437,120.845983487159,1396.87446351887,-177.681240607402,129.981418868513,1385.93392603148,0,0,0,0,0,0
346455.8606105,1117.8,-0.00269614579156041,0.0800755456089974,0,-68.8185952235886,-11.9688419499975,1622.61682923327,62.8557473109613,-5.05344231779036,1607.51043770483,158.829624456324,120.99070470711,1396.86658427697,-177.700772185335,130.164152170166,1385.92458837175,0,0,0,0,0,0
346455.8738939,1120.8,-0.00330127310007811,0.079779539629817,0,-68.8180159879109,-11.8047899992305,1622.64606497543,62.8516976372707,-4.89367313793788,1607.53202198394,158.846850177513,121.155469976643,1396.8974244685,-177.759868178907,130.390998605807,1385.91708010139,0.24889999628067,0.122100003063679,0.960799992084503,219.779998779297,108.379997253418,906.77001953125
346455.8844267,1123.8,-0.00229763519018888,0.0793728366494179,0,-68.8595094903602,-11.6363451824614,1622.59213343767,62.8288432650602,-4.79377320569396,1607.52468797403,158.873817242413,121.288097529799,1396.90121400914,-177.809460265285,130.524859142334,1385.92152482019,0.254099994897842,0.119599997997284,0.959699988365173,190.419998168945,87.75,749.440002441406
346455.8949406,1126.8,-0.00241785170510411,0.0792158212512732,0,-68.8887375466978,-11.5420959443009,1622.57848294406,62.8109653678072,-4.71802530226804,1607.53581900973,158.870902738301,121.36711347753,1396.89318886036,-177.820160483511,130.616180550257,1385.92430871988,0.256399989128113,0.119000002741814,0.959200024604797,162.690002441406,71.9100036621094,627.880004882812
346455.9054513,1129.8,-0.00254895491525531,0.0789747837930918,0,-68.9577011315062,-11.3987573050206,1622.51440765111,62.8032947085801,-4.57361780214289,1607.54701727944,158.882940570682,121.463066288769,1396.86679863009,-177.833577278619,130.683975445651,1385.93499777579,0.260500013828278,0.120099999010563,0.958000004291534,155.729995727539,68.7699966430664,594.289978027344
346455.9161507,1132.8,-0.00355709809809923,0.0790259320288897,0,-69.0353470334338,-11.0875547992086,1622.44576549889,62.7370708116819,-4.42051659830219,1607.52665376822,158.888829500218,121.613396448989,1396.7889913278,-177.82296422956,130.84046453719,1385.95063430465,0,0,0,0,0,0
346455.9266526,1135.8,-0.00283957063220441,0.0791370052844286,0,-69.1201129381616,-10.816482247482,1622.30568792615,62.6803169881304,-4.22778792652536,1607.52266476228,158.910913329409,121.74572691553,1396.75564086721,-177.832212115814,131.008497792032,1385.97859696442,0,0,0,0,0,0
346455.9371331,1138.8,-0.00311092496849597,0.0786185920238495,0,-69.2020734984422,-10.5596859366908,1622.18265789977,62.6362768137369,-4.03359938140172,1607.50405694269,158.925885887553,121.878490198816,1396.7090222656,-177.817695040331,131.203159924387,1385.92847798883,0,0,0,0,0,0
346455.9476242,1141.8,-0.00294688483700156,0.0790579341351986,0,-69.2169709908614,-10.350507474642,1622.16042642238,62.6000387128357,-3.8923553326884,1607.50884860573,158.917634638863,122.001065280636,1396.64616595406,-177.805945421108,131.412360093754,1385.92625384987,0,0,0,0,0,0
346455.9581243,1144.8,-0.00249757640995085,0.0788677487522364,0,-69.2120264029234,-10.2380847203946,1622.15946182805,62.499302137102,-3.7347176582315,1607.50309290781,158.906373565942,122.134944060465,1396.56452456301,-177.783814030782,131.590743974471,1385.8921073355,0,0,0,0,0,0
346455.9686678,1147.8,-0.00279410695657134,0.0783067833632231,0,-69.2378676677763,-10.1455080530392,1622.18379913604,62.379232530718,-3.59640816939481,1607.44578890565,158.877608195256,122.241513957682,1396.50483477167,-177.786416203582,131.748720514833,1385.84796787095,0,0,0,0,0,0
346455.9792266,1150.8,-0.00297590252012014,0.0781725760549307,0,-69.2623374258311,-9.99669696361451,1622.21280342682,62.2061421205606,-3.37737479620456,1607.40752851255,158.829203798663,122.439613419367,1396.45601237656,-177.829082445035,132.014342687349,1385.83172015684,0,0,0,0,0,0
346455.9897813,1153.8,-0.00398318422958255,0.0793670568615198,0,-69.3534151570086,-9.89152359571379,1622.19137863559,62.1436196349919,-3.24718000946914,1607.40704930504,158.790010025487,122.648211905124,1396.44056018146,-177.883122803076,132.195782346087,1385.75544498424,0,0,0,0,0,0
346456.0004017,1156.8,-0.00348428590223193,0.0774239994585514,0,-69.4457384425467,-9.76215516367956,1622.1768602205,62.058606073961,-3.02462378060518,1607.38310578986,158.749887756706,122.814891727754,1396.44743589262,-177.894929882341,132.323762809588,1385.69808040238,0,0,0,0,0,0
346456.0139882,1159.8,-0.0025921983178705,0.0784011617302895,0,-69.6634009120153,-9.53172706735048,1622.07422399506,61.9922139112188,-2.85555735402058,1607.35529756837,158.667238743998,122.970599545744,1396.441408062,-177.921946686958,132.500476815372,1385.63019064163,0.28150001168251,0.116099998354912,0.952499985694885,230.990005493164,93.620002746582,818.280029296875
346456.0249357,1162.8,-0.00293894996866584,0.0778725728392601,0,-69.7005012417127,-9.26961197577586,1622.1024378505,61.9341860326825,-2.70172676949154,1607.32771998556,158.611495191501,123.092954650773,1396.40787099296,-177.988770568623,132.665123431517,1385.58917755181,0.294600009918213,0.126399993896484,0.947200000286102,263.670013427734,103.889999389648,920.789978027344
346456.0355088,1165.8,-0.00230318191461265,0.0768209494650364,0,-69.9108608691611,-9.00292676081458,1621.9655376048,61.8544869201996,-2.5412136519976,1607.28685341151,158.55349959743,123.224106876023,1396.37904299083,-178.083523424278,132.849016426465,1385.57058868727,0.289000004529953,0.11599999666214,0.950299978256226,279.029998779297,110.370002746582,960.440002441406
346456.0460869,1168.8,-0.00262244697660208,0.0779333956539631,0,-70.0173239735247,-8.65604754265969,1621.94399016391,61.6874948464925,-2.25243927267465,1607.24324394656,158.519880952447,123.396018097284,1396.39909340316,-178.157245452679,133.092621831616,1385.57463765995,0,0,0,0,0,0
346456.0566489,1171.8,-0.00204507238231599,0.0772226046770811,0,-70.0652327986525,-8.49117375932643,1622.0403676362,61.5880809228511,-2.06211379851492,1607.21978191189,158.416863831142,123.538179298344,1396.37831692196,-178.201889417435,133.236063587659,1385.53562388694,0,0,0,0,0,0
346456.0671801,1174.8,-0.00210017198696733,0.0783031530678272,0,-70.1442069431294,-8.306108618002,1622.16380296893,61.4865399080712,-1.89612393088704,1607.31098533677,158.290801443096,123.690158997836,1396.35241930939,-178.310237868347,133.416437125181,1385.54147742949,0,0,0,0,0,0
346456.0777108,1177.8,-0.00288772652857006,0.0776600189507008,0,-70.2040250947758,-8.2081096522341,1622.22193191643,61.4343672984935,-1.72545678185438,1607.39692493725,158.190093149048,123.873515487138,1396.34423811761,-178.410305331004,133.628058905247,1385.55087172139,0,0,0,0,0,0
346456.0881821,1180.8,-0.00287051522172987,0.0770803842693567,0,-70.2952357777696,-8.03050850656435,1622.29593116176,61.3331665488104,-1.54288629270159,1607.44848906063,158.120443131361,124.043066301327,1396.35508036667,-178.496558579684,133.832109424262,1385.57235039599,0,0,0,0,0,0
346456.0986985,1183.8,-0.00294539658352733,0.0772905763238668,0,-70.3564009543107,-7.89319133510517,1622.4140276725,61.2557251026623,-1.42220044660688,1607.45729726907,158.017968894097,124.269488054259,1396.36445660154,-178.59037915517,134.015336420012,1385.54511043319,0,0,0,0,0,0
346456.1092537,1186.8,-0.0033628607634455,0.0762068521231413,0,-70.5156879997424,-7.56004390855995,1622.46481189542,61.1102037315006,-1.26426382406135,1607.49663046993,157.922171743323,124.480318532004,1396.40166196955,-178.712490768889,134.241244214521,1385.51358605139,0,0,0,0,0,0
346456.1197581,1189.8,-0.00303106056526303,0.0771986976265907,0,-70.7287934335351,-7.26657212757865,1622.44244325422,61.0746380079154,-1.1835658724325,1607.55947340759,157.85296069034,124.591017639606,1396.41722978273,-178.766447353918,134.337267580396,1385.5035047031,0,0,0,0,0,0
346456.1302048,1192.8,-0.00265463697724044,0.07695517167449,0,-70.931978720758,-6.98853358675589,1622.40780416528,60.9786973652395,-0.962456231040467,1607.55422932692,157.792916595389,124.690471136326,1396.45930153852,-178.830597996261,134.445215290234,1385.50272430495,0,0,0,0,0,0
346456.140711,1195.8,-0.0024696181062609,0.0769034162163734,0,-71.1148247908012,-6.76990906159064,1622.33690434592,60.8978698001921,-0.758151684300145,1607.54833704991,157.720814130028,124.792343689175,1396.49026986844,-178.947281288274,134.542822355777,1385.50696144349,0,0,0,0,0,0
346456.1539524,1198.8,-0.00213025929406285,0.0775096420198679,0,-71.1617689657209,-6.60838276540176,1622.36100108103,60.77053232094,-0.501288466590196,1607.54080113205,157.621601826656,124.944070739698,1396.51291421847,-179.118215500065,134.750318267728,1385.51501674637,0.326999992132187,0.120700001716614,0.937300026416779,214.720001220703,76.7200012207031,646.659973144531
346456.1647093,1201.8,-0.00257977261207998,0.0766000714153051,0,-71.2062454375256,-6.53015761716465,1622.31098359818,60.5870648747066,-0.235635164093042,1607.49220367058,157.517957571939,125.058771781494,1396.4969916748,-179.181141167205,134.890294392736,1385.48530952678,0.33050000667572,0.122400000691414,0.935800015926361,217.419998168945,77.879997253418,650.179992675781
346456.1752775,1204.8,-0.00237174285575747,0.0770707543939352,0,-71.2219338442046,-6.46209926475668,1622.29335863255,60.3755898908175,-0.0307115377257225,1607.4163898314,157.459508006227,125.154650139378,1396.46314826845,-179.252542237368,135.046374831301,1385.41094432696,0.328399986028671,0.119800001382828,0.936900019645691,215.610000610352,75.8199996948242,641.409973144531
346456.1857831,1207.8,-0.002458376577124,0.0767588265240192,0,-71.2832933051326,-6.33897247807955,1622.26544612548,60.1705928078519,0.14272232456254,1607.44287402344,157.36090892092,125.303784775693,1396.4300511039,-179.357071592028,135.330721095052,1385.37158722494,0,0,0,0,0,0
346456.1963231,1210.8,-0.0021874641533941,0.0766443856060505,0,-71.2819045038002,-6.18369325592491,1622.23837963636,60.0051097813813,0.276295472684001,1607.4270209899,157.28584843347,125.42952373565,1396.42672763249,-179.412446287655,135.585816340305,1385.34325215739,0,0,0,0,0,0
346456.206822,1213.8,-0.00193020864389837,0.076339653134346,0,-71.447541939599,-5.9877034569296,1622.18612723489,59.8712672834613,0.475892326926459,1607.47327500283,157.191274043906,125.595047538913,1396.42915381517,-179.508320365656,135.82949171125,1385.30670925663,0,0,0,0,0,0
346456.2172927,1216.8,-0.00214663543738425,0.0768715128302574,0,-71.5058696916674,-5.78975072193843,1622.19615178148,59.8018497604675,0.65904569433933,1607.53953954984,157.007849604224,125.836344908869,1396.43032608691,-179.596839775534,136.008721493999,1385.25426040672,0,0,0,0,0,0
346456.227847,1219.8,-0.0014641914749518,0.0754257556051016,0,-71.6598529693457,-5.51078284881153,1622.17571746639,59.762183492304,0.844638185634883,1607.5746177056,156.819275409009,126.080688834699,1396.40970001696,-179.750525940593,136.09547102658,1385.24708822895,0,0,0,0,0,0
346456.2383629,1222.8,-0.00197066180408001,0.076714015007019,0,-71.7225578897582,-5.3313718871793,1622.21510164547,59.7269560422894,1.05091422590839,1607.54352469688,156.655665117408,126.294686624462,1396.38287958048,-179.875385630574,136.197779210961,1385.20566441701,0,0,0,0,0,0
346456.2488623,1225.8,-0.00188774231355637,0.0759921729564667,0,-71.8316905120807,-5.08109636804186,1622.19665922851,59.7613267367937,1.29468987220472,1607.56485064939,156.524334282338,126.466262888609,1396.36250735857,-180.028731938834,136.295022590976,1385.15790662008,0,0,0,0,0,0
346456.259405,1228.8,-0.00158309354446828,0.076617056876421,0,-71.8450974332473,-4.87802901724153,1622.27550802576,59.7879584378305,1.53840574964017,1607.58451664086,156.39644304226,126.608022175911,1396.34093194816,-180.240113689499,136.43931595647,1385.09892233182,0,0,0,0,0,0
346456.2699657,1231.8,-0.00133265741169453,0.0757643640041351,0,-71.8657665131204,-4.79566635365527,1622.30356714949,59.7257245875269,1.77258230912257,1607.52319840952,156.29291150695,126.663045025116,1396.36602003421,-180.391823741835,136.553896900386,1385.06258650993,0,0,0,0,0,0
346456.2805173,1234.8,-0.0015903691528365,0.0761589840054512,0,-71.8746552684655,-4.72075794833894,1622.34909355424,59.7261689563565,1.96670078748284,1607.53542752226,156.159329013336,126.745906371859,1396.40552785625,-180.475477660539,136.642075677553,1385.04666117897,0,0,0,0,0,0
346456.2943808,1237.8,-0.00212148786522448,0.0755752794444561,0,-71.8787729107659,-4.64218138289577,1622.44372991877,59.7121812052104,2.241711439089,1607.50592688658,155.931623365937,126.893962462479,1396.41497444396,-180.616720271314,136.809582672899,1385.02710042056,0.356700003147125,0.114600002765656,0.927100002765656,267.179992675781,81.2699966430664,731.059997558594
346456.3049857,1240.8,-0.000857563514728099,0.0753123745322228,0,-71.9224846644756,-4.57659589072448,1622.48009496399,59.6521339694871,2.43194368903115,1607.48560478455,155.801774965213,127.002772326091,1396.43247642582,-180.725012447121,136.915029614299,1384.96755094676,0.363900005817413,0.116999998688698,0.924099981784821,261.25,78.4800033569336,703.049987792969
346456.3155726,1243.8,-0.000873471784871072,0.0754576105624437,0,-71.9509378305317,-4.48752287287971,1622.54913265637,59.5217700279726,2.67612883930999,1607.4255610157,155.638007198199,127.105354749913,1396.42586038909,-180.797041299676,137.059465815529,1384.95342693954,0.363900005817413,0.11599999666214,0.924199998378754,263.760009765625,79.9700012207031,700.940002441406
346456.3261055,1246.8,-0.000484927091747522,0.0748152289539576,0,-72.0398795683394,-4.35951054586959,1622.58412706266,59.2980627518923,2.89745459450622,1607.40089483343,155.464184915436,127.241188368679,1396.4067897697,-181.043348519515,137.287639395861,1384.8920728097,0,0,0,0,0,0
346456.3366691,1249.8,-0.000507330580148846,0.0750082232058048,0,-72.1713976614274,-4.2067193849566,1622.65537739464,59.1464843132078,3.05983882118097,1607.45618678436,155.300750163774,127.429207743274,1396.41391753369,-181.22171867242,137.418069117378,1384.8479863961,0,0,0,0,0,0
346456.3471416,1252.8,-0.000518219778314233,0.0745012987405062,0,-72.2958897578002,-3.98689842323846,1622.61777887126,58.9454167761558,3.16385587045621,1607.41901428398,155.207041023371,127.596428593462,1396.38840727688,-181.334515912526,137.522589854881,1384.74194537296,0,0,0,0,0,0
346456.3577496,1255.8,-0.000150569088873453,0.0745817370712757,0,-72.5485993772537,-3.78045932894158,1622.56853658063,58.7807966952092,3.27032311308711,1607.42232062196,155.093574974803,127.752636376726,1396.32003770505,-181.505126039922,137.59607994251,1384.77368268528,0,0,0,0,0,0
346456.3685911,1258.8,0.000458486581919715,0.0738277345895767,0,-72.9102444213328,-3.58457087746936,1622.3977250916,58.5896108003374,3.38469723461303,1607.42798436823,154.984520773303,127.892828793803,1396.23688367494,-181.646953337922,137.700035005221,1384.79352231119,0,0,0,0,0,0
346456.3791564,1261.8,2.33332793868612e-05,0.07447351180017,0,-73.2317329172895,-3.36836580081335,1622.29856847648,58.3685969503471,3.47414505913107,1607.42148677606,154.7557211942,128.069049992263,1396.12288393244,-181.7785856621,137.862269211402,1384.76894675031,0,0,0,0,0,0
346456.3896834,1264.8,-0.000872531672939658,0.075234242156148,0,-73.4162527183915,-3.36505669463545,1622.23848293157,58.1580530335116,3.48982920497957,1607.36591272129,154.614720784911,128.171894541344,1396.0802300756,-181.862272255448,137.939048076769,1384.7639151638,0,0,0,0,0,0
346456.4002127,1267.8,-0.000255096325417981,0.0735440369695425,0,-73.6288076014429,-3.33192684369745,1622.17925212205,57.9861503795486,3.45562414125506,1607.37232634577,154.470625678005,128.279078093279,1396.04210935863,-182.00997070514,138.024066093692,1384.77652491986,0,0,0,0,0,0
346456.4107285,1270.8,0.000269360636593774,0.0749097339808941,0,-73.8006356003776,-3.34404210581073,1622.09577573609,57.8113849143874,3.48054471961087,1607.2942150715,154.382398520436,128.375454459471,1396.00806016025,-182.130800541764,138.09646832926,1384.73326525141,0,0,0,0,0,0
346456.4212469,1273.8,0.000481997558381408,0.0747172966599464,0,-73.9737233979755,-3.30936533335918,1622.05689819555,57.6476720348245,3.49534223457706,1607.2339411488,154.300856648117,128.462478880608,1396.00995347709,-182.31109189953,138.211877761825,1384.72893669587,0,0,0,0,0,0
346456.4338373,1276.8,0.000672191148623824,0.0737943429499865,0,-74.2277918606522,-3.28652198194038,1622.0257365684,57.285802766207,3.47528786929049,1607.14339363476,154.203416099281,128.552263832059,1396.03136863761,-182.571937937635,138.36015227212,1384.71977792095,0.388700008392334,0.106799997389317,0.91509997844696,276.579986572266,70.9800033569336,673.330017089844
346456.4444011,1279.8,0.00123854330740869,0.0756184816360474,0,-74.4493209754099,-3.26288533324341,1621.93905549546,57.1020769765768,3.4039085264717,1607.13117381334,154.120064409292,128.589543481714,1396.05873538638,-182.689034375991,138.467106248591,1384.69425133427,0.400200009346008,0.114799998700619,0.909200012683868,277.850006103516,70.6399993896484,669.640014648438
346456.4549996,1282.8,0.000886704889126122,0.0746240898966789,0,-74.6181077511025,-3.24903296980543,1621.92773777864,56.9618738190565,3.3736830516734,1607.12273709188,153.973745921042,128.662840162067,1396.09333127722,-182.783335189818,138.55267079092,1384.65461690382,0.396699994802475,0.109600000083447,0.911400020122528,271.640014648438,69.6999969482422,648.799987792969
346456.4654984,1285.8,0.000619901169557124,0.0744112528860569,0,-74.7651242264816,-3.25409512003506,1621.86055186059,56.7954001760422,3.35650443751151,1607.09839529187,153.865916446392,128.698794949247,1396.14869817973,-182.896065985403,138.663306646966,1384.57826792313,0.403299987316132,0.116599999368191,0.907599985599518,278.200012207031,72.6900024414062,661.190002441406
346456.4760005,1288.8,0.000490805716253817,0.0749372079968453,0,-74.963445385993,-3.26809391952809,1621.76034430141,56.609521948286,3.37140832696001,1607.0567680575,153.743899310005,128.736918695858,1396.1822747728,-183.002853267085,138.75611800658,1384.54023480114,0,0,0,0,0,0
346456.4865634,1291.8,0.000663015060126781,0.0743575900793076,0,-75.0517613159425,-3.2845841177059,1621.75749657603,56.4298458428413,3.35949818991467,1606.98210482222,153.661795376825,128.765925080981,1396.24763961381,-183.082698000335,138.810005790977,1384.55131709215,0,0,0,0,0,0
346456.4971058,1294.8,0.000847271177917719,0.0740849174559116,0,-75.1129245917296,-3.3253455837248,1621.72932392401,56.297706448389,3.3657348528551,1606.96204258913,153.551558806002,128.771518806707,1396.29872015832,-183.164785428179,138.839923980906,1384.50924837186,0,0,0,0,0,0
346456.5076074,1297.8,0.00101070920936763,0.0738051481544972,0,-75.1534623878731,-3.28925401547448,1621.74019416996,56.0874756003579,3.33551187579423,1606.90195675544,153.396459632415,128.767523492484,1396.33330564102,-183.273030200214,138.87068353292,1384.48774850329,0,0,0,0,0,0
346456.5182753,1300.8,0.0013570151058957,0.0756473768502474,0,-75.2122494872217,-3.29141661512204,1621.72401608431,55.9398752652042,3.36314890452152,1606.87429823609,153.274200639248,128.760015993516,1396.34679319665,-183.423251617615,138.906078998691,1384.4867291122,0,0,0,0,0,0
346456.528963,1303.8,0.00115802371874452,0.073694022744894,0,-75.3478173560634,-3.3040908692473,1621.67110600536,55.7002958738165,3.36256921987272,1606.82533300742,153.129898748189,128.743013896175,1396.33996302992,-183.593239785802,138.976766928715,1384.46590211149,0,0,0,0,0,0
346456.5396962,1306.8,0.00141113041900098,0.074247619509697,0,-75.5249111186693,-3.20108790212615,1621.7257547947,55.4897245843575,3.39012251000335,1606.80673132864,152.919829463419,128.743545682676,1396.36688514138,-183.805078912898,139.084237155461,1384.50769181582,0,0,0,0,0,0
346456.5503466,1309.8,0.00109186174813658,0.0736735299229622,0,-75.6540264736846,-3.1636545146384,1621.77924397084,55.3560093323932,3.41494448737955,1606.76889467483,152.79726874813,128.775124772236,1396.35729328876,-183.934831632616,139.177663437708,1384.51482433115,0,0,0,0,0,0
346456.5609081,1312.8,0.000805946823675185,0.0746194146573544,0,-75.7695423935962,-3.06737578291143,1621.79006336941,55.2375545982642,3.46642209528484,1606.74021975871,152.65516406712,128.81846781959,1396.35346281865,-184.070196025047,139.27355150543,1384.45957846294,0,0,0,0,0,0
346456.5738528,1315.8,0.000990859465673566,0.0738497361540794,0,-76.0406625705743,-2.98794947005387,1621.7595835266,55.0537975698349,3.45732547735056,1606.78676814322,152.448107707598,128.87525658075,1396.39638848445,-184.191416754442,139.377355407341,1384.43583070733,0.42739999294281,0.123999997973442,0.895500004291534,269.290008544922,69.2699966430664,596.669982910156
346456.5843946,1318.8,0.00134500046260655,0.0729270022362471,0,-76.3143021343264,-2.8725588489252,1621.74820032842,54.8744177579033,3.46222362877585,1606.83545469178,152.283138836883,128.902372899995,1396.39752704504,-184.256376051546,139.443505060601,1384.41569870764,0.43189999461174,0.131699994206429,0.892300009727478,273.920013427734,70.0500030517578,602.739990234375
346456.5949549,1321.8,0.00108261173591018,0.0740553144365549,0,-76.584532764808,-2.77058494915469,1621.65859845457,54.7017902889783,3.49516873992052,1606.81763296706,152.153713375892,128.938685966492,1396.41886192593,-184.332556685423,139.47714314035,1384.38497717479,0.430000007152557,0.121399998664856,0.894599974155426,278.200012207031,70.4599990844727,608.679992675781
346456.6054494,1324.8,0.00150280457455665,0.0743016213178635,0,-76.8126821586692,-2.73265746161113,1621.7108400266,54.4599230572776,3.51426744003913,1606.83440478107,151.997718300931,128.990520664256,1396.41632451558,-184.461080162059,139.579598791839,1384.36449705579,0.43639999628067,0.12950000166893,0.890399992465973,276.350006103516,68.9000015258789,599.559997558594
346456.6160028,1327.8,0.00190012191887945,0.0739589765667915,0,-77.2333378828802,-2.59425938457014,1621.63338047671,54.214750090671,3.48937400690868,1606.91778469238,151.835991663957,129.021905930229,1396.45622924108,-184.688011738377,139.699049506656,1384.28733541094,0,0,0,0,0,0
346456.6266549,1330.8,0.00131184363272041,0.0752735532820225,0,-77.4900308026746,-2.5053037888091,1621.59973648956,54.1137209025084,3.50057811403979,1606.91361717974,151.674498283193,129.070703722918,1396.47318772791,-184.834595377166,139.774215543681,1384.26323066632,0,0,0,0,0,0
346456.6371817,1333.8,0.00174204376526177,0.0743563029915094,0,-77.6825824609877,-2.44523721761755,1621.63004590875,53.973950633416,3.50702329370047,1606.97542166324,151.490696225693,129.110149446614,1396.49290292225,-184.966407038933,139.828492419295,1384.22531822439,0,0,0,0,0,0
346456.647691,1336.8,0.00168658583424985,0.0745105970650911,0,-77.9006063923048,-2.44432551475463,1621.64359752203,53.8262440268495,3.49585898261001,1606.96788092167,151.315350092416,129.152072797508,1396.51358036827,-185.117976564686,139.890966083081,1384.21022475323,0,0,0,0,0,0
346456.6582967,1339.8,0.00134227063972503,0.0758244007825851,0,-78.0856667288944,-2.45654440992336,1621.62113845079,53.6614851186122,3.48220102820736,1606.97597799884,151.149092563292,129.192459730322,1396.53320999423,-185.261626952782,139.955428689845,1384.20223474136,0,0,0,0,0,0
346456.6688956,1342.8,0.00174624309875071,0.0743714984506369,0,-78.2224342403413,-2.43577725194075,1621.62400980012,53.4940130076397,3.52112053756152,1607.02118865251,150.964296465723,129.218694246824,1396.54378275618,-185.39960177555,140.014886582041,1384.17997353689,0,0,0,0,0,0
346456.6794827,1345.8,0.00263345241546631,0.0740152638405562,0,-78.4222278360326,-2.46158659076938,1621.67033070584,53.2696130915755,3.53930561282545,1607.09019593132,150.782669531485,129.248549279703,1396.54829089331,-185.527374369614,140.097368838521,1384.16359111281,0,0,0,0,0,0
346456.6900225,1348.8,0.00254447478801012,0.0753901548683643,0,-78.6193377602961,-2.42976679841593,1621.70314336243,53.1113961584375,3.50222059870383,1607.13030596472,150.696884940335,129.264581761187,1396.59604583565,-185.650301940776,140.178713404229,1384.14109966408,0,0,0,0,0,0
346456.7005649,1351.8,0.00185294938273728,0.0749262128025293,0,-78.820914677082,-2.36114842553071,1621.69194108222,52.8678069125954,3.53185128439652,1607.13292310685,150.583944957402,129.304259214469,1396.59175654705,-185.778685413789,140.232455787107,1384.12169231096,0,0,0,0,0,0
346456.7137014,1354.8,0.0017403905512765,0.0745615255087614,0,-78.999617813718,-2.36625781664595,1621.6633644703,52.6107614897265,3.5751841403737,1607.1195873965,150.477765384135,129.344675976469,1396.60816662832,-185.93533893193,140.28518047889,1384.1320281371,0.461400002241135,0.137999996542931,0.876399993896484,254.970001220703,60.2999992370605,516.150024414062
346456.724263,1357.8,0.00261599523946643,0.0733901601284742,0,-79.2507074925242,-2.2983981438599,1621.57491098889,52.4499417309936,3.62806110636126,1607.12199698789,150.410309216438,129.368796049701,1396.60647788611,-186.051856201038,140.33770350609,1384.13540941125,0.455000013113022,0.139400005340576,0.879499971866608,273.369995117188,64.3499984741211,560.760009765625
346456.7348054,1360.8,0.00214834604412317,0.0751423671841621,0,-79.3640504832163,-2.23114822235133,1621.53353900835,52.2934779862744,3.74098682725494,1607.08747514791,150.343507409494,129.405862585506,1396.59427951297,-186.151312049284,140.367388318719,1384.13378735947,0.452899992465973,0.1283999979496,0.882300019264221,269.630004882812,60.189998626709,558.289978027344
346456.7454159,1363.2,0.00132824305910617,0.0750521313399077,0,-79.4716268258114,-2.21414037942971,1621.50379389128,52.0562064340448,3.82021896387797,1607.06991250731,150.286619680155,129.417350523796,1396.59707963027,-186.264050201957,140.451225017562,1384.11452701332,0.449999988079071,0.12389999628067,0.884400010108948,288.019989013672,63.5,599.77001953125
346456.7559808,1360.2,0.00199715653434396,0.0746402762830257,0,-79.611479586733,-2.19728497633512,1621.48788146999,51.6446955540379,3.96256343161715,1606.97156447068,150.192859990892,129.466225524003,1396.58714182669,-186.371205466895,140.539415120605,1384.11897368712,0,0,0,0,0,0
346456.7664861,1357.2,0.00185325590427965,0.0740949720144272,0,-79.7266498837303,-2.18044678552472,1621.4207013253,51.3988484330069,4.08329081890952,1606.90438811292,150.116448491346,129.518838062164,1396.60986235278,-186.45900423412,140.609968247375,1384.10072113911,0,0,0,0,0,0
346456.7770179,1354.2,0.00190159177873284,0.0745233338326216,0,-79.869133755702,-2.03199693398598,1621.38221571764,51.1905646943825,4.15999770779397,1606.86664522826,150.017624440413,129.597118870173,1396.66865332958,-186.563845221301,140.671583828393,1384.06628656963,0,0,0,0,0,0
346456.7874736,1351.2,0.00101720937527716,0.0737707320600748,0,-79.95171850052,-1.91303591985373,1621.37376182551,51.0504305105687,4.23246127787891,1606.84803313587,149.935582243664,129.676043452342,1396.71265225743,-186.647306491278,140.734471797055,1384.05208656026,0,0,0,0,0,0
346456.7979844,1348.2,0.00155192706733942,0.074789110943675,0,-80.1799050244589,-1.72456223918076,1621.3069999165,50.8717022651259,4.25982934721559,1606.80246533918,149.824159130015,129.733374706342,1396.75668643026,-186.728829216759,140.791176317136,1384.01589210395,0,0,0,0,0,0
346456.8084811,1345.2,0.00193352461792529,0.074762748926878,0,-80.3150303290444,-1.5679277184969,1621.28540065527,50.7489529863561,4.31963062603907,1606.80924045935,149.738695813606,129.809919155062,1396.79967110873,-186.834900507847,140.870481784538,1383.98714223419,0,0,0,0,0,0
346456.8190516,1342.2,0.00185091630555689,0.0748698212206364,0,-80.6603263157038,-1.29297885732976,1621.15380015632,50.4939471430192,4.35465781100323,1606.84931693578,149.581897802875,129.901477450316,1396.84230019798,-187.054913873738,140.972303359872,1383.98095371963,0,0,0,0,0,0
346456.8296139,1339.2,0.00138029234949499,0.0755769912153482,0,-80.8333223815212,-1.14415911288806,1621.08817023088,50.2970278675478,4.42022863578024,1606.90651540795,149.430565182306,129.987310922597,1396.89232930575,-187.157959437322,141.041640938154,1383.97318174244,0,0,0,0,0,0
346456.8401364,1336.2,0.00228687538765371,0.0743537325412035,0,-80.9638411773828,-1.03323324806171,1621.12716511861,50.1804940203319,4.50772739221575,1606.94581471413,149.275529336916,130.086318794282,1396.91197972899,-187.294368824028,141.117997093654,1383.96383487507,0,0,0,0,0,0
346456.8537203,1333.2,0.00254566920921206,0.0741133637726307,0,-81.0772285743015,-0.917280190221492,1621.19508419765,50.0348440168356,4.68925372398777,1607.04285716306,149.041513688389,130.201318262766,1396.92358254791,-187.496508579789,141.195854037401,1383.94743178825,0.463299989700317,0.0922999978065491,0.881399989128113,371.309997558594,66.4700012207031,720.909973144531
346456.8642396,1330.2,0.00158646586351097,0.0755222052335739,0,-81.1886898053378,-0.845901998588814,1621.23816387759,49.9046675590927,4.78373501777313,1607.11495118668,148.845097543708,130.296673691031,1396.91631222168,-187.626668597166,141.25255173051,1383.94036818472,0.462399989366531,0.091499999165535,0.882000029087067,366.989990234375,65.8099975585938,703.140014648438
346456.8748437,1327.2,0.00194855907466263,0.0750197809189558,0,-81.2583810800602,-0.793967913044024,1621.2718537942,49.8324785812216,4.90881901654349,1607.17923006093,148.729135063654,130.377625226085,1396.92484961245,-187.731061291826,141.320064158576,1383.9206862368,0.465700000524521,0.0952000021934509,0.879800021648407,411.720001220703,77.1900024414062,788.559997558594
346456.8854155,1324.2,0.00246813404373825,0.0748960919678211,0,-81.3845045566223,-0.710425996745674,1621.32909440444,49.6889179205736,5.05197231974544,1607.2102506086,148.597341725579,130.463721650838,1396.89948172063,-187.800490206237,141.353753300793,1383.92715104517,0.462500005960464,0.0940999984741211,0.881600022315979,403.160003662109,75.3399963378906,772.330017089844
346456.8960602,1321.2,0.00194369431119412,0.0748566560447216,0,-81.4735806028782,-0.602590825153961,1621.48738353379,49.5913399548489,5.23940777120083,1607.33744341704,148.502011068295,130.550647102133,1396.90875007841,-187.913199504218,141.408078744639,1383.92113916423,0,0,0,0,0,0
346456.9065719,1318.2,0.0014352019643411,0.0751659873872995,0,-81.5770245383504,-0.446890819408967,1621.58893849488,49.4360187284283,5.37257368499037,1607.33839452063,148.401877521128,130.634834392071,1396.88994345689,-188.008490004857,141.425272332016,1383.89597060718,0,0,0,0,0,0
346456.9171385,1315.2,0.00203876569867134,0.0746243022382259,0,-81.6000655963859,-0.304182828611249,1621.70005498626,49.3238753961162,5.47868983704645,1607.43141949787,148.267277806354,130.68130310641,1396.87703056797,-188.101961005614,141.42240935276,1383.8736953875,0,0,0,0,0,0
346456.9276757,1312.2,0.00203440035693347,0.0750012885779142,0,-81.7538149085124,-0.141636460157482,1621.6816292431,49.1840780214291,5.66154480231109,1607.41375163133,148.191366193372,130.759811565114,1396.88403150221,-188.156179257155,141.428518852808,1383.86841060456,0,0,0,0,0,0
346456.9382215,1309.2,0.00209849257953465,0.0748266041278839,0,-81.8641980017711,-0.0214582960419258,1621.66593377817,49.0643349828478,5.82080550808419,1607.41268866329,148.102245401916,130.863894113991,1396.88107672127,-188.229292777503,141.448371640654,1383.86297226104,0,0,0,0,0,0
346456.9487405,1306.2,0.00210542394779623,0.0750927817076445,0,-81.9998530812856,0.13388806269793,1621.62040881549,49.0144593151701,5.95158110150601,1607.41642968696,148.006231716481,130.987426070752,1396.89520283922,-188.353446685941,141.497437280433,1383.78593895655,0,0,0,0,0,0
346456.9594245,1303.2,0.00211376277729869,0.0744907040148974,0,-82.1176121426194,0.310240694244617,1621.62260533817,48.9699800386927,6.15382306741776,1607.42356005677,147.912019995062,131.168937255189,1396.9025304194,-188.58787555851,141.581113004225,1383.72576536371,0,0,0,0,0,0
346456.9699767,1300.2,0.00267997174523771,0.0748828206211329,0,-82.2653348233465,0.453387511449381,1621.55214460917,48.9400973693263,6.28024978799304,1607.43225852584,147.881191645209,131.268783849015,1396.91291950679,-188.73296210263,141.636759408129,1383.66711767712,0,0,0,0,0,0
346456.9805067,1297.2,0.00234995130449533,0.0746661800891161,0,-82.3864722949067,0.547839045896725,1621.53029892478,48.8970246656114,6.39673031502054,1607.45885852356,147.844434949411,131.334427652816,1396.91424959813,-188.79302648486,141.68803723997,1383.62789747229,0,0,0,0,0,0
346456.9924941,1294.2,0.00126859033480287,0.0742699284106493,0,-82.5138659135148,0.651707262232553,1621.52501161101,48.8696548507586,6.51109194056017,1607.48527027416,147.816089975679,131.383158202444,1396.91315583262,-188.84472061908,141.749386578205,1383.57440348909,0,0,0,0,0,0
346457.0030222,1291.2,0.00284850667230785,0.0745608568191528,0,-82.601875134393,0.743590588913366,1621.53498730438,48.82489313157,6.61293907787067,1607.51581583802,147.726103047614,131.430039648206,1396.91210182714,-188.933420044672,141.789927885959,1383.54826805361,0,0,0,0,0,0
346457.0291702,1288.2,0.00238312059082091,0.0746476653963327,0,-82.6002810169677,0.749444262890648,1621.58411441968,48.7981557396878,6.63054561681319,1607.51812116383,147.671466766936,131.463251238433,1396.9136928717,-188.976308997645,141.819008253495,1383.55966789886,0.474700003862381,0.0989999994635582,0.874599993228912,436.839996337891,82.3199996948242,823.5
346457.039696,1285.2,0.0032497956417501,0.0764465633779764,0,-82.6750760717777,1.02224759218415,1621.72838944264,48.3015666925764,7.10635820311558,1607.65053359397,147.338690847133,131.730005303876,1396.89552951344,-189.208753504999,142.065692887727,1383.56122915716,0,0,0,0,0,0
346457.053635,1282.2,0.00252263038419187,0.0751530196517706,0,-82.8370890727224,1.25994351618289,1621.72378934516,48.1053425694927,7.25652311913154,1607.69587912991,147.179548629682,131.901264533216,1396.85758093156,-189.375177019287,142.275760491668,1383.60157402952,0.466800004243851,0.0857999995350838,0.880200028419495,335.100006103516,54.25,632.650024414062
346457.0643294,1279.2,0.00213111657649279,0.0749298673123121,0,-82.9180602124533,1.41613617108673,1621.72794336186,48.0505635145862,7.4271144398994,1607.719624019,147.070439449722,132.030938240158,1396.87938792299,-189.509609478754,142.405468534602,1383.58747357191,0.464899986982346,0.0834999978542328,0.881399989128113,309.630004882812,47.7400016784668,582.150024414062
346457.0749874,1276.2,0.00271831848658621,0.0751422870904207,0,-83.0453454387032,1.57766095539093,1621.78099963356,47.9528422650397,7.57344122331604,1607.66206011933,146.910659645752,132.209024072571,1396.86069599491,-189.630629038235,142.540467622711,1383.58321010196,0.466800004243851,0.0830999985337257,0.880500018596649,300.640014648438,45.7200012207031,563.650024414062
346457.085531,1273.2,0.00306239654310048,0.0752036761492491,0,-83.246626138963,1.80732862159881,1621.75397717304,47.9126001529627,7.67789356568738,1607.67660766465,146.807649183774,132.36184695774,1396.86754390218,-189.706363573439,142.670537940954,1383.60031299391,0.460399985313416,0.0828000009059906,0.883800029754639,298.609985351562,45.6100006103516,567.150024414062
346457.0961119,1270.2,0.00278216530568898,0.0748243764042854,0,-83.4019640606688,2.00024501740607,1621.75896722886,47.8608487029684,7.81988708478214,1607.71676830307,146.668682740951,132.499082904715,1396.86974381564,-189.850559383542,142.829496570646,1383.5553699887,0,0,0,0,0,0
346457.1066468,1267.2,0.00267219846136868,0.0742365628480911,0,-83.484724903125,2.12024328889471,1621.775636058,47.7985926874404,7.91518268189742,1607.72094775036,146.582603836129,132.585482770333,1396.89498024546,-189.966310529408,142.954182268481,1383.52253665435,0,0,0,0,0,0
346457.1172215,1264.2,0.00257110805250704,0.0749609567224979,0,-83.6421952311767,2.19825223107885,1621.76032599579,47.7256593250216,7.97952163462308,1607.72197991191,146.479703863344,132.674980922109,1396.92802159186,-190.047486936435,143.041926604337,1383.4984207898,0,0,0,0,0,0
346457.127771,1261.2,0.00176934117916971,0.0748159758746624,0,-83.6939852668238,2.25147494487785,1621.78528616947,47.6775701213345,8.04311252438892,1607.74868327251,146.416169443741,132.743506390951,1396.94339696159,-190.094576382193,143.093267946554,1383.49150200515,0,0,0,0,0,0
346457.1384459,1258.2,0.00325904856435955,0.0738171864300966,0,-83.8383944733656,2.34777203916956,1621.76271889565,47.5945167470533,8.0892574726006,1607.75031969075,146.360431947443,132.828835236868,1396.95169592057,-190.173261894111,143.165907725785,1383.49286737899,0,0,0,0,0,0
346457.1490605,1255.2,0.00270553771406412,0.0735491927713156,0,-83.8975323195728,2.47303584937147,1621.78175669481,47.4719368466758,8.19327434181673,1607.79158836847,146.273834343491,132.902142322765,1396.96091557796,-190.270141801239,143.225389593758,1383.49130595575,0,0,0,0,0,0
346457.1597071,1252.2,0.00312741147354245,0.0746717419475317,0,-84.0071857248916,2.54080525547595,1621.82445023192,47.3924741919625,8.3145502325385,1607.80254321444,146.192085780749,132.965836552469,1396.96834970828,-190.348485446575,143.283049410446,1383.50882871403,0,0,0,0,0,0
346457.1702462,1249.2,0.00332657434046268,0.0744272846728563,0,-84.0392499735059,2.59964572059487,1621.82826724432,47.2834263856554,8.46755686987458,1607.78344871844,146.072071998129,133.048437418451,1396.98380861516,-190.40664543053,143.314966012797,1383.4935123133,0,0,0,0,0,0
346457.1807844,1246.2,0.00396878039464355,0.0733335413038731,0,-84.1287580608401,2.6049276998548,1621.87701660453,47.1449973391795,8.67278316199807,1607.81971827281,145.958722009516,133.091988213562,1396.96572607474,-190.475737269763,143.341766130404,1383.46701216349,0,0,0,0,0,0
346457.192525,1243.2,0.0035983866546303,0.0742384720593691,0,-84.2359319305238,2.65695163268112,1621.92111663492,47.0263612525554,8.86141776824983,1607.87054201146,145.805349147125,133.145578467014,1396.97036645017,-190.615113894974,143.40208156204,1383.41717501367,0.455199986696243,0.0835999995470047,0.886399984359741,418.920013427734,62.7099990844727,845.799987792969
346457.2034416,1240.2,0.00311298994347453,0.0737716857343912,0,-84.317221512167,2.67448750964069,1621.9028395457,46.8571057479589,8.99376590610885,1607.82524410051,145.719080865287,133.176327438493,1396.95109053638,-190.769528895874,143.426022945817,1383.3527198088,0.439200013875961,0.0750000029802322,0.89520001411438,363.309997558594,54.0499992370605,736.109985351562
346457.2140037,1237.2,0.00328128971159458,0.0735720921307802,0,-84.4293271932682,2.76945100947383,1621.88149618391,46.7149304416803,9.10124504220992,1607.79825784264,145.632368092938,133.215501171457,1396.94733632443,-190.889665160274,143.486509839669,1383.30023042327,0.445600003004074,0.089199997484684,0.890799999237061,326.049987792969,58.3400001525879,652.960021972656
346457.224549,1234.2,0.00341416802257299,0.0746150244027376,0,-84.5139861632883,2.85770492908023,1621.89574162833,46.5377962459421,9.24899150846484,1607.74807976771,145.517010912734,133.252144765353,1396.91786025801,-191.009318923597,143.53600747066,1383.28309462461,0.465999990701675,0.111900001764297,0.877699971199036,320.350006103516,63.9599990844727,633.090026855469
346457.2351274,1231.2,0.0031618436332792,0.0738736506551504,0,-84.7273520528129,3.03423460669441,1621.85925044418,46.3601056352888,9.32081671612871,1607.67595049897,145.432242639784,133.285287169246,1396.88403537624,-191.10492409296,143.588077596172,1383.26147056426,0.369700014591217,0.0998999997973442,0.923699975013733,140.039993286133,21.75,327.720001220703
346457.2458236,1228.2,0.00365448812954128,0.0734939448535442,0,-84.901662739237,3.1600710962076,1621.82744725597,46.2124291609268,9.36318809105772,1607.62305872039,145.319842727883,133.318960028181,1396.86355136215,-191.192985992878,143.631859745259,1383.23031185516,0.291599988937378,0.0754999965429306,0.953499972820282,203.410003662109,47.8400001525879,698.010009765625
346457.256576,1225.2,0.00370326149277389,0.0730523359030485,0,-85.1760633089022,3.37379288714722,1621.75315567641,46.0654256151002,9.40189020385223,1607.61333286407,145.179300792611,133.386746903427,1396.81392419017,-191.26760419519,143.762656460393,1383.20516557894,0,0,0,0,0,0
346457.2670897,1222.2,0.0040549524128437,0.0735618364065886,0,-85.3581062622311,3.50086434187319,1621.72370377012,45.9870183130997,9.40362831363625,1607.61732537512,145.121084852924,133.420916262822,1396.80891338844,-191.341610457301,143.839649222852,1383.20050059605,0,0,0,0,0,0
346457.2776914,1219.2,0.00377057190053165,0.0731324966996908,0,-85.5072533691547,3.65150543379955,1621.64839222369,45.8698749342829,9.44796790198476,1607.61223477338,145.018929251232,133.50255671073,1396.79472329425,-191.400806705725,143.94877467932,1383.18523045646,0,0,0,0,0,0
346457.2882355,1216.2,0.00489198742434382,0.0724441710859537,0,-85.6101926456584,3.72508172084005,1621.59381811003,45.7805726896869,9.47137107885798,1607.58449187894,144.966305133628,133.579659029734,1396.78090780412,-191.470623435294,144.003117566293,1383.18361326004,0,0,0,0,0,0
346457.2988159,1213.2,0.00384984072297812,0.0732321482151747,0,-85.6960900482706,3.7550448897513,1621.58917127024,45.6740992510684,9.50414618858825,1607.56321661291,144.841049503647,133.661785221016,1396.73009596055,-191.546540139706,144.100051444677,1383.12378383375,0,0,0,0,0,0
346457.3093549,1210.2,0.0029425488319248,0.0727451782673597,0,-85.7403268036302,3.79768804949578,1621.56521294342,45.588026925776,9.56078123204915,1607.52305760847,144.717120693215,133.814310326371,1396.69391699571,-191.619129182265,144.213516165366,1383.11045397896,0,0,0,0,0,0
346457.3198882,1207.2,0.00385644589550793,0.0736304152756929,0,-85.7807106811172,3.81713750156975,1621.55141748076,45.537403141342,9.60876170793857,1607.46381532083,144.594682825314,133.939221957013,1396.64228949136,-191.709735897146,144.322781038007,1383.09579765612,0,0,0,0,0,0
346457.330424,1204.2,0.00443431874737144,0.0732518438249826,0,-85.8149554711209,3.83358572602641,1621.53014727347,45.5058647820104,9.63851902992954,1607.44409384201,144.474399270628,134.044996650703,1396.60790429365,-191.825040350783,144.423104750674,1383.07518643939,0,0,0,0,0,0
346457.3409674,1201.2,0.00437037739902735,0.0731089975684881,0,-85.7932093142281,3.85602506856506,1621.49591404356,45.4703053268798,9.68357052229185,1607.40150157545,144.386178375792,134.148681498884,1396.60247496159,-191.887167232256,144.511770620005,1383.0764605165,0,0,0,0,0,0
346457.3536974,1198.2,0.00414411071687937,0.073888335749507,0,-85.8847131352575,3.86782592473224,1621.46620547652,45.3848151130978,9.75545828117936,1607.34039569056,144.285547094673,134.312539871745,1396.61430320425,-191.95527402996,144.672124485953,1383.08996523953,0.1875,0.0658000037074089,0.980099976062775,94.2900009155273,29.2700004577637,544.349975585938
346457.3645612,1195.2,0.00455965287983418,0.0731863550841808,0,-85.9142759448912,3.88989068436676,1621.42979611503,45.3318817437949,9.80183928900643,1607.30694374514,144.192965528032,134.410466860337,1396.60906923893,-192.085632279845,144.8262482147,1383.11816262771,0.177100002765656,0.0687000006437302,0.981800019741058,97.0100021362305,31,565.349975585938
346457.3751925,1192.2,0.00434332806617022,0.0733204934746027,0,-85.9448105184768,3.94072248040583,1621.35502530196,45.2535969334223,9.85314435326295,1607.29586215852,144.139474254077,134.504478730745,1396.60838793035,-192.187766297279,144.997593132826,1383.08426089368,0.184499993920326,0.0667999982833862,0.980499982833862,100.319999694824,33.1699981689453,592.460021972656
346457.3857332,1189.2,0.00507074221968651,0.0725146293640137,0,-85.9960603677035,4.01010847234513,1621.3181478074,45.1970610028521,9.92578312431064,1607.2738387368,144.081815855478,134.619795389933,1396.60027476697,-192.25860771205,145.140228250412,1383.10561183974,0.174199998378754,0.0683000013232231,0.982299983501434,99.4800033569336,32.9500007629395,593.140014648438
346457.3963998,1186.2,0.00431903917342424,0.0730083998292685,0,-85.9914396247637,4.11676499078728,1621.25686005251,45.07937332703,10.0644249439798,1607.26760234788,144.030180608603,134.729668253747,1396.58997023092,-192.321672152282,145.290360841799,1383.08806664378,0,0,0,0,0,0
346457.4069161,1183.2,0.00361491157673299,0.0731409288942814,0,-86.065856637357,4.21597243591598,1621.2522007237,44.9766551004458,10.2021535755351,1607.22906142005,144.005426001627,134.800617645099,1396.62888466428,-192.423186661605,145.500037458859,1383.08462043701,0,0,0,0,0,0
346457.4174912,1180.2,0.00396951148286462,0.072912834957242,0,-86.1933010426254,4.42615741642365,1621.20866338056,44.9252151179338,10.3222594157652,1607.28705328997,143.966576882326,134.865336022621,1396.65385013634,-192.501453624634,145.683707349656,1383.05640541615,0,0,0,0,0,0
346457.428004,1177.2,0.00418832059949636,0.0727774821221829,0,-86.2481163570989,4.63755086909348,1621.29657204043,44.8358389975363,10.5231352319251,1607.31472821466,143.906330722621,134.969108093246,1396.65687959708,-192.561844006083,145.805814896806,1383.03419909577,0,0,0,0,0,0
346457.43861,1174.2,0.0041780099272728,0.0729638770222664,0,-86.3480062741793,4.85201296578991,1621.2974453332,44.7525350698881,10.7270903054619,1607.35091870696,143.859041778031,135.053773306201,1396.66114243671,-192.610655260711,145.914561086489,1383.04467568665,0,0,0,0,0,0
346457.4491301,1171.2,0.00313700712285936,0.0741560686379671,0,-86.5195388163227,5.21458414996208,1621.30375627421,44.6276979725363,10.9653986686207,1607.43297215406,143.817720259737,135.137434593576,1396.66995086862,-192.660696922776,146.009747093199,1383.03649445837,0,0,0,0,0,0
346457.4596369,1168.2,0.00374275958165526,0.0720554389059544,0,-86.666057770397,5.42926203396532,1621.37705861299,44.5006733489207,11.1593744485863,1607.44826429084,143.765257546762,135.231208334262,1396.66175048483,-192.709658491679,146.085285598675,1383.03958730398,0,0,0,0,0,0
346457.4701739,1165.2,0.00426815776154399,0.0728026539087296,0,-86.7930786745049,5.56826352929074,1621.51083447545,44.4363851188502,11.251083152383,1607.52437055574,143.724202125577,135.290603486399,1396.65176549481,-192.803990084794,146.145366628559,1383.06752740343,0,0,0,0,0,0
346457.4806944,1162.2,0.00429184781387448,0.0728145394474268,0,-86.7907997817232,5.6920658018534,1621.6144790348,44.3207058901024,11.3585052108292,1607.59147006745,143.662186919385,135.370542277537,1396.63342781081,-192.882794617526,146.224601331002,1383.08122782157,0,0,0,0,0,0
346457.4939774,1159.2,0.00478775519877672,0.0716150481253862,0,-86.8048685293922,5.78149777372317,1621.67494789879,44.2367670198266,11.5689577017459,1607.65927048803,143.592900049479,135.574209948683,1396.63005979467,-192.95431437294,146.326142702052,1383.10347089737,0.176599994301796,0.0753000006079674,0.981400012969971,115.629997253418,48.4700012207031,749.150024414062
346457.5045486,1156.2,0.00501754553988576,0.073622128367424,0,-86.7696187713993,5.84243015047052,1621.71702864003,44.205688256692,11.7048308834813,1607.71997078881,143.502637526408,135.703687542286,1396.61206482628,-193.020152430226,146.384329255768,1383.10478648302,0.167199999094009,0.0737999975681305,0.983200013637543,115.069999694824,49.4599990844727,752.760009765625
346457.5151833,1153.2,0.00421408424153924,0.0725020173937082,0,-86.7823968844217,5.95486433984844,1621.77464037555,44.2520429878637,11.8040084195958,1607.81161982723,143.432135813932,135.867629767099,1396.61461103678,-193.115681649581,146.433604781951,1383.08376184867,0.174899995326996,0.0773999989032745,0.981500029563904,115.139999389648,50.439998626709,757.010009765625
346457.5257535,1150.2,0.00460237031802535,0.0730041101574898,0,-86.7897781273635,6.09348616698115,1621.80538100208,44.2359396562496,11.9170070373941,1607.82662278703,143.338258607323,136.007430461184,1396.58748269604,-193.185162888078,146.495100248115,1383.1001108536,0.166600003838539,0.0753000006079674,0.98309999704361,116.019996643066,51.5999984741211,765.880004882812
346457.5363376,1147.2,0.00446803634986281,0.0728488679975271,0,-86.8946891045983,6.3750646712535,1621.86798420794,44.2209392540207,12.1346521602723,1607.79934730195,143.186798961241,136.173170074003,1396.52329963388,-193.254871724561,146.576401673725,1383.13109857827,0,0,0,0,0,0
346457.5468802,1144.2,0.00454894034191966,0.0729074519127607,0,-86.9536375839996,6.55342350377352,1621.89189703944,44.2008339059344,12.2925047391571,1607.82028558996,143.111457171335,136.262776253422,1396.46387944461,-193.303386095331,146.636780076478,1383.12681506771,0,0,0,0,0,0
346457.5574382,1141.2,0.00484867580235004,0.0735160917043686,0,-87.0679346731241,6.73021926804211,1621.83506292887,44.1305300797003,12.4746370063076,1607.80105217329,143.066709020145,136.325276386156,1396.43387304848,-193.328907555134,146.694555024658,1383.12045597247,0,0,0,0,0,0
346457.5680029,1138.2,0.00484354980289936,0.0729977659881115,0,-87.1499875551132,6.85068389743357,1621.82897386695,44.0783608563656,12.599429139286,1607.79909534685,143.003931875357,136.419876054629,1396.4149648979,-193.392691916255,146.748355965522,1383.11638516557,0,0,0,0,0,0
346457.5786528,1135.2,0.00407619588077068,0.0735729824751616,0,-87.2160838172127,7.00341228606402,1621.76691743416,44.0186139591132,12.7450326293825,1607.82131766408,142.944079559411,136.55222012142,1396.38894987214,-193.515536392017,146.814357089387,1383.17609554021,0,0,0,0,0,0
346457.5892578,1132.2,0.00513904122635722,0.0725674577057362,0,-87.2804400768633,7.15539877663091,1621.69356455445,43.9217488363892,12.897732482881,1607.81244973656,142.8762872165,136.732153128501,1396.40583109425,-193.605353692837,146.897389705846,1383.21819202564,0,0,0,0,0,0
346457.5998161,1129.2,0.0066465544514358,0.0726370237767696,0,-87.3084312663683,7.18624500190242,1621.68469883858,43.9289616014761,12.9857519668259,1607.83664556866,142.788336737934,136.877566583147,1396.42224043034,-193.664776789685,147.003317660405,1383.21312848663,0,0,0,0,0,0
346457.6135863,1126.2,0.00495210150256753,0.072467415034771,0,-87.2912101188747,7.25066723963995,1621.64893915302,43.8429622934038,13.1417864998576,1607.78821952871,142.71038923559,137.094258552755,1396.45526404044,-193.784833311935,147.135695295137,1383.19631256011,0.167199999094009,0.0794999971985817,0.982699990272522,102.209999084473,49,706.330017089844
346457.6241226,1123.2,0.00494878040626645,0.0716736748814583,0,-87.3199049841814,7.27680560551224,1621.62516508358,43.8867495871536,13.2125981847582,1607.83910775664,142.651151866792,137.286237078969,1396.49207173368,-193.828316627473,147.244537821301,1383.19127592868,0.155900001525879,0.0790000036358833,0.984600007534027,106.529998779297,52.8199996948242,743.97998046875
346457.6346433,1120.2,0.0051549356430769,0.0719449765980244,0,-87.3108975933408,7.32069065957055,1621.61226918075,43.8499524503336,13.2954752059175,1607.76626671337,142.577851928362,137.44816550844,1396.50412278811,-193.887820827186,147.310400067205,1383.18224536887,0.167199999094009,0.0812000036239624,0.982599973678589,107,52.5400009155273,744.710021972656
346457.6451385,1117.2,0.0040497612208128,0.0732114002108574,0,-87.360117878231,7.35152204438139,1621.57185364541,43.8440357424569,13.3920311412067,1607.76847695546,142.53310320209,137.560296602373,1396.50514763434,-193.942128560272,147.398173064134,1383.15238519201,0.150499999523163,0.0776999965310097,0.985499978065491,110.379997253418,55.8899993896484,796.799987792969
346457.6556701,1114.2,0.00521498778834939,0.0718755073845387,0,-87.3589056586226,7.37774608053331,1621.55726244346,43.849878605221,13.4656613660974,1607.69458741003,142.47384385585,137.695195865607,1396.49838388544,-193.976707757876,147.471918313252,1383.1217176037,0.126399993896484,0.0843999981880188,0.988399982452393,130.160003662109,91.5,1211.39001464844
346457.66621,1111.2,0.0062944139353931,0.072705215215683,0,-87.3359474705194,7.41911096071562,1621.52615623234,43.8485741548578,13.5770128325542,1607.68182176766,142.418924860347,137.856558936719,1396.45935427485,-194.053925065655,147.51646123901,1383.11036044596,0,0,0,0,0,0
346457.6768427,1108.2,0.00514263147488236,0.0715435691177845,0,-87.353226428966,7.44451330387295,1621.51391893982,43.8120365138011,13.6601461426423,1607.62635511414,142.396597331131,137.965108733725,1396.4431371385,-194.133769027185,147.564573629126,1383.11623674795,0,0,0,0,0,0
346457.6873567,1105.2,0.00496697844937444,0.0718176126480103,0,-87.3157382306602,7.46251185571862,1621.50362303458,43.8231138141023,13.7456552623918,1607.59102173773,142.391360661272,138.110543601438,1396.42467215965,-194.187979050667,147.61134578118,1383.10019914696,0,0,0,0,0,0
346457.6979413,1102.2,0.00500624813139439,0.071649095416069,0,-87.315863822826,7.49381421616411,1621.47018077637,43.881520907551,13.8137194733926,1607.57446761165,142.404047846137,138.218358353568,1396.43494527145,-194.230626191841,147.674398756585,1383.12194797677,0,0,0,0,0,0
346457.708546,1099.2,0.00506618246436119,0.0715439826250076,0,-87.2742450348549,7.51003812216293,1621.46764733699,43.923845864347,13.9313433016011,1607.53353784092,142.38768743255,138.312559842441,1396.41160167451,-194.313449958645,147.705402462626,1383.20151728579,0,0,0,0,0,0
346457.7190775,1096.2,0.00475299311801791,0.0719553310424089,0,-87.2484175399297,7.55243876376572,1621.45440644564,43.9703713016203,14.1185054933704,1607.46769096337,142.369737738073,138.500738961506,1396.39728871112,-194.307877966624,147.775469760196,1383.1705399425,0,0,0,0,0,0
346457.7295846,1093.2,0.00523181119933724,0.0716452062129974,0,-87.2429856567468,7.59175857240747,1621.4361438093,43.9899143156323,14.2509820748016,1607.41709828505,142.359714644914,138.653857767354,1396.3946938154,-194.314255843741,147.816553684069,1383.18065052651,0,0,0,0,0,0
346457.7401113,1090.2,0.00570063199847937,0.0707934390753508,0,-87.201169749068,7.64377010016777,1621.47672155385,44.0129954038305,14.3281959926587,1607.37224264132,142.341870071815,138.775322873453,1396.37811093607,-194.357839838156,147.859297530715,1383.27390581793,0,0,0,0,0,0
346457.7533462,1087.2,0.00483043817803264,0.0712634608149529,0,-87.1941508004362,7.71250881367857,1621.44917911855,44.0078029699832,14.5410160033202,1607.29030146383,142.305601758542,138.997964929145,1396.31714013835,-194.367163729517,147.960263768959,1383.28030176966,0.044599998742342,0.114000000059605,0.992500007152557,14.1099996566772,81.3399963378906,762.859985351562
346457.7638678,1084.2,0.00378974969498813,0.0724370893090963,0,-87.1798924661232,7.78378907307525,1621.44037143625,44.0161600718517,14.6663758357828,1607.25729119679,142.300256062266,139.14209716662,1396.30693527006,-194.370538708202,148.029426528019,1383.25690922861,0.0417999997735023,0.113600000739098,0.99260002374649,13.2700004577637,80.9599990844727,759.179992675781
346457.7744076,1081.2,0.00525889173150063,0.0707908388227224,0,-87.121543126885,7.85924609897336,1621.49125804794,44.0584055817572,14.7496277460098,1607.26382276847,142.295601505375,139.264021132317,1396.27890183438,-194.373294347383,148.082933641816,1383.29051156482,0.0432999990880489,0.11710000038147,0.992200016975403,13.3100004196167,85.8499984741211,781.190002441406
346457.7849221,1078.2,0.00558996992185712,0.0704248681664467,0,-87.0732693040528,7.95242618209689,1621.50877649024,44.0247864047825,14.9232388053642,1607.18490487399,142.270973435404,139.396814026033,1396.25378253684,-194.431032337233,148.162524848335,1383.30972249138,0.0414999984204769,0.116700001060963,0.992299973964691,12.3199996948242,82.5100021362305,752.590026855469
346457.7954592,1075.2,0.00511021167039871,0.0703354965895414,0,-87.0579139125121,8.09186151089562,1621.50783066194,44.0014478227943,15.0303408813739,1607.13773161291,142.196561976266,139.515520428947,1396.21734010333,-194.446212669549,148.251856017295,1383.32773213209,0.0443000011146069,0.11710000038147,0.99210000038147,11.1899995803833,79.5299987792969,730.090026855469
346457.8060192,1072.2,0.00534529285505414,0.0706008471548557,0,-87.0395305569081,8.26119518064617,1621.50207527185,44.0570012676836,15.1631360130782,1607.13998293328,142.159568970933,139.627468925504,1396.20013695038,-194.474966353608,148.374521287032,1383.33612839637,0,0,0,0,0,0
346457.8165799,1069.2,0.0055143223144114,0.0695475194603205,0,-87.0001621690918,8.3731622374839,1621.48795178366,44.1507695754366,15.3007976753364,1607.1283237892,142.132903342605,139.747162559482,1396.15994023046,-194.489147196069,148.467462975697,1383.35604566722,0,0,0,0,0,0
346457.8271074,1066.2,0.00525214802473783,0.0687252715229988,0,-87.0293855163845,8.46601018542159,1621.43954672926,44.2453024531707,15.3918227772269,1607.11279328047,142.081983635659,139.917041934622,1396.10323347853,-194.495045280715,148.558799195146,1383.35130840065,0,0,0,0,0,0
346457.8376411,1063.2,0.00501027097925544,0.0696449525654316,0,-87.0653552718003,8.62825758432626,1621.38167746788,44.3306115131977,15.4536232643749,1607.05884770905,142.081911911874,140.073274518838,1396.07734448666,-194.500994611863,148.643196135256,1383.351163474,0,0,0,0,0,0
346457.8482432,1060.2,0.00565282721072435,0.0693331532180309,0,-87.0527559766948,8.80838264480123,1621.23800075925,44.3837201471639,15.5076314827522,1607.01795590429,142.040965767877,140.233826635039,1396.01904294908,-194.500573941754,148.746597188138,1383.35305102224,0,0,0,0,0,0
346457.8587832,1057.2,0.00564117496833205,0.0694335907697678,0,-87.0729288076722,8.93293559527298,1621.16776962271,44.4176898495181,15.5717522660678,1606.98969448444,142.035060589265,140.399141689601,1395.98421687919,-194.498306673351,148.844163566607,1383.34932969941,0,0,0,0,0,0
346457.8693673,1054.2,0.00488072587177157,0.0701153263449669,0,-87.0185843060821,9.07391374626906,1621.13279533123,44.4651600618779,15.6410297230985,1606.96337638226,142.012003415275,140.646198812425,1395.90997243645,-194.506120651857,148.978187362374,1383.30876373875,0,0,0,0,0,0
346457.8799115,1051.2,0.00522629311308265,0.0688808396458626,0,-87.0491098257048,9.15510343909011,1621.08115313363,44.4969125800476,15.7354142837537,1606.93612346126,142.004934805831,140.756901877879,1395.92202665401,-194.543422912608,149.070120674402,1383.30668819997,0,0,0,0,0,0
346457.8904683,1048.2,0.00490770488977432,0.0689825251698494,0,-87.0164290752253,9.21552949004868,1621.05658100652,44.5359132859281,15.8014402924726,1606.90336246989,141.999317064227,140.898662040028,1395.90060688366,-194.574657158187,149.177504892249,1383.22713055028,0,0,0,0,0,0
346457.9010184,1045.2,0.00422458676621318,0.0706990458071232,0,-87.0527032951074,9.29908611603083,1620.98426331432,44.5179961659664,15.9244839893649,1606.86012052692,142.016646759021,141.027473245777,1395.89918136313,-194.57402323404,149.287587523033,1383.15569326756,0,0,0,0,0,0
346457.9115867,1042.2,0.00498796720057726,0.068719519674778,0,-87.0388001693942,9.38818575453094,1620.93466726591,44.5192379118281,16.0116394509682,1606.86473417143,142.045742834266,141.121789856446,1395.89254228251,-194.587474222117,149.35967885642,1383.17443482282,0,0,0,0,0,0
346457.9221958,1039.2,0.00543602835386992,0.0688800256699324,0,-87.0520229036183,9.43272219904453,1620.88354472992,44.4877062320828,16.1170522040719,1606.83948416772,142.069448731502,141.230604238353,1395.91985123919,-194.598173330323,149.448877577268,1383.18657445884,0,0,0,0,0,0
346457.9330671,1036.2,0.0048082466237247,0.0688378907740116,0,-87.0025984350362,9.52407869351533,1620.85019368933,44.4055028711808,16.2878412444446,1606.78822054685,142.102846318002,141.394117804999,1395.94848238309,-194.613432248027,149.53276751659,1383.20128391195,0.0274999998509884,0.121299996972084,0.992200016975403,-3.28999996185303,100.080001831055,911.950012207031
346457.9437873,1033.2,0.00456717377528548,0.0685140736401081,0,-87.0350054429166,9.57614665973159,1620.83563626989,44.2827290097952,16.4747475626943,1606.70714035683,142.10259686568,141.468774177451,1395.9483349316,-194.618314301019,149.605385109975,1383.24231743494,0.0204000007361174,0.116099998354912,0.992999970912933,-3.65000009536743,97.4000015258789,889.109985351562
346457.9545181,1030.2,0.00495981331914663,0.0685302190482616,0,-86.9975122741017,9.65071268857266,1620.84946848759,44.2317834005261,16.572981617993,1606.69852742145,142.073378344762,141.556266002016,1395.92946672255,-194.640739162576,149.713328342867,1383.27435099449,0.0271000005304813,0.120700001716614,0.992299973964691,-4.07999992370605,94.8099975585938,864.950012207031
346457.9651856,1027.2,0.00520134391263127,0.0690485056489706,0,-87.0170453202089,9.75075750877985,1620.82802184931,44.107509696174,16.7553314987615,1606.63507932673,142.052305251589,141.636604486383,1395.8976082771,-194.675034459393,149.846033160525,1383.3074776261,0.0195000004023314,0.117499999701977,0.992900013923645,-4.90999984741211,97.1399993896484,876.02001953125
346457.975788,1024.2,0.00495369592681527,0.0681685157120228,0,-87.0425220586505,9.95959411835026,1620.91730571335,43.975709724509,16.9126323114487,1606.62144168575,142.006097653718,141.806834266817,1395.90449025438,-194.745888071227,150.039501563094,1383.32490499299,0,0,0,0,0,0
346457.9863442,1021.2,0.00464459601789713,0.067839352786541,0,-87.1182036903831,10.145553107137,1620.94856273418,43.9201094177349,17.042499648899,1606.65476921474,141.962287703243,141.960560120761,1395.90918534619,-194.796351294336,150.165833892795,1383.33647987386,0,0,0,0,0,0
346457.9969386,1018.2,0.00442194053903222,0.0683690443634987,0,-87.1638246932749,10.344047100358,1620.97686647911,43.8443572418434,17.1800024552488,1606.68095378006,141.953083232421,142.14336118409,1395.91938521954,-194.824307430917,150.294420375309,1383.31322485823,0,0,0,0,0,0
346458.0074668,1015.2,0.0037785405293107,0.0685343131422997,0,-87.2646070721014,10.5515040574362,1620.97987052001,43.8012000994179,17.3255750703566,1606.70539342747,141.924015730973,142.301864788506,1395.93724563144,-194.863273795764,150.424524106957,1383.29838049308,0,0,0,0,0,0
346458.0180349,1012.2,0.0046024383045733,0.0671217240393162,0,-87.3769516588855,10.7235369257481,1620.94088608267,43.8030477507768,17.4596701124888,1606.75374275224,141.864578206028,142.420806470224,1395.93040082188,-194.894682384889,150.55806446541,1383.27359801268,0,0,0,0,0,0
346458.0294261,1009.2,0.00354276015423238,0.0676545411348343,0,-87.4445174447071,10.8444853548031,1620.94364117126,43.755159503876,17.6574810325435,1606.76802409109,141.763530285955,142.557316684798,1395.93733699572,-195.015703906285,150.751238167341,1383.27332899315,0,0,0,0,0,0
346458.0399863,1006.2,0.00477330014109612,0.0674650691449642,0,-87.5178542919918,10.9630050323478,1620.93019237327,43.7313160678917,17.751736341676,1606.80803940588,141.679263420419,142.700911726374,1395.94275790117,-195.061775221012,150.882871603948,1383.24173959912,0,0,0,0,0,0
346458.0505029,1003.2,0.0047935601323843,0.0676758013665676,0,-87.5803333751218,11.0924809600864,1620.85784235312,43.7126502216186,17.8999515064815,1606.8239189164,141.588878107092,142.843501531862,1395.93076503755,-195.107384280707,150.993304232777,1383.17038743249,0,0,0,0,0,0
346458.0610814,1000.2,0.0038768274243921,0.0672545865178108,0,-87.6588207231315,11.2013146577413,1620.86744236808,43.6662375007615,18.0949488750858,1606.80721036222,141.541215050038,142.961150717741,1395.93238944223,-195.145626634647,151.121088404004,1383.07969035081,0,0,0,0,0,0
346458.0717327,997.2,0.00376350968144834,0.0661267176270485,0,-87.6834212452889,11.3181854946097,1620.89540521652,43.60875716269,18.3183967100462,1606.78563201466,141.521472684538,143.070958548686,1395.93706496134,-195.182759613967,151.226462861355,1383.00375433161,0,0,0,0,0,0
346458.0823729,994.2,0.00489356089383364,0.0666182212531567,0,-87.6632142709457,11.4393904452195,1620.95409553817,43.5645978217882,18.5008623871899,1606.76345911445,141.467337985581,143.158700432058,1395.94380881782,-195.200492804017,151.296952281524,1382.95189811096,0,0,0,0,0,0
346458.0929452,991.2,0.00395312672480941,0.0662719629704952,0,-87.741769890968,11.613938545154,1621.03440123072,43.5069688781669,18.7604671578285,1606.72013980597,141.38978744334,143.268842612218,1395.95834440007,-195.26601264305,151.365221689325,1382.86234812523,0.206699997186661,0.120800003409386,0.970899999141693,204.190002441406,112.849998474121,1080.81994628906
346458.1035164,988.2,0.00486984569579363,0.0668867997825146,0,-87.8605912035728,11.8029998304953,1621.03931624019,43.4682533339552,18.9089708034089,1606.70240149548,141.343292066444,143.347677505817,1395.94556720949,-195.304521135496,151.471161785937,1382.77714524232,0.205300003290176,0.114200003445148,0.972000002861023,204.350006103516,114.370002746582,1075.05004882812
346458.1141547,985.2,0.00444176094606519,0.0666637852787972,0,-87.9339317176802,12.004282852067,1621.03962219895,43.4407422239957,18.9688655449051,1606.68903482388,141.300445998412,143.408981078168,1395.95694928139,-195.354787811143,151.526522603752,1382.70570466537,0.204300001263618,0.1233000010252,0.971099972724915,212.729995727539,124.069999694824,1134.11999511719
346458.1247178,982.2,0.00386057049036026,0.0658661521971226,0,-87.9992513622927,12.1673461540404,1621.06988393691,43.3287048387144,19.0844546301311,1606.65562152535,141.251753283362,143.476200323287,1395.95034696733,-195.396140442458,151.572574228876,1382.64467553645,0.199100002646446,0.118600003421307,0.972800016403198,225.789993286133,136.360000610352,1214.89001464844
346458.1353828,979.2,0.00462717935442924,0.0666415005922318,0,-88.173280981924,12.412381086625,1620.97357051201,43.3021012842859,19.1170105412074,1606.68129516174,141.195467171971,143.564571931845,1395.93098885146,-195.448023812141,151.626546716726,1382.53841221617,0.201800003647804,0.126399993896484,0.971199989318848,212.089996337891,128.389999389648,1145.75
346458.1463292,976.2,0.00414035236462951,0.0653611741960049,0,-88.3424471068704,12.6027286456935,1620.94220197137,43.1720321627276,19.2535585705244,1606.75963952965,141.078063795142,143.639674180263,1395.91852996844,-195.543931236506,151.697423274117,1382.41974068392,0,0,0,0,0,0
346458.1568698,973.2,0.0047321286983788,0.0660980999469757,0,-88.4510282539338,12.7070723283867,1620.87341622502,43.0663673870854,19.3147025158759,1606.84297935261,141.026718534629,143.718848634953,1395.91312805299,-195.639438763637,151.711271628858,1382.38653154501,0,0,0,0,0,0
346458.1673857,970.2,0.00525396503508091,0.0657180868089199,0,-88.5594210384827,12.7612541032647,1620.81987331822,42.9301763943256,19.3990320620871,1606.90887545284,140.941770441735,143.768342532914,1395.88505674284,-195.679640259884,151.763895276779,1382.28797751734,0,0,0,0,0,0
346458.1779108,967.2,0.00432411767542362,0.0655886627733707,0,-88.6981374316177,12.8226821045152,1620.77763410767,42.8108285786413,19.5186806312031,1606.95246944001,140.872333020421,143.820953828225,1395.87351811273,-195.755486708824,151.787256586348,1382.25035779752,0,0,0,0,0,0
346458.1883995,964.2,0.00512548489496112,0.065773057192564,0,-88.765022408699,12.8867301372399,1620.7573890852,42.688194920529,19.5713332610349,1606.95427626033,140.825551109603,143.85866249899,1395.86233300374,-195.815510368497,151.807559142247,1382.23562226253,0,0,0,0,0,0
346458.1988819,961.2,0.00474040722474456,0.0658673666417599,0,-88.7961822564689,12.951286628491,1620.73088090618,42.5958116739764,19.6510848761915,1606.95317744411,140.736646457858,143.891678251432,1395.82772742329,-195.867679841229,151.814773195201,1382.21242407125,0,0,0,0,0,0
346458.2093888,958.2,0.00484479358419776,0.0652947410941124,0,-88.8414469556219,12.9753351215527,1620.70823001267,42.5151754473153,19.7169857690178,1606.95606166767,140.653496224342,143.930066159559,1395.8006609932,-195.933125324827,151.837629952351,1382.17741583689,0,0,0,0,0,0
346458.219873,955.2,0.00518353655934334,0.065198028832674,0,-88.8701609512789,12.9778669607282,1620.7152949648,42.4558272127411,19.7565748396693,1606.93601484143,140.622447457002,143.93316981963,1395.78827325332,-195.957965199218,151.844911305825,1382.15859011195,0,0,0,0,0,0
346458.2332213,952.2,0.00483600655570626,0.065385977178812,0,-88.9132200232752,12.9956367203347,1620.68505124486,42.3857974641223,19.8085726926924,1606.92446331932,140.5312676777,143.943725566402,1395.75301554912,-195.995842402871,151.868383128808,1382.11160857985,0.17059999704361,0.115800000727177,0.978500008583069,158.690002441406,112.669998168945,1041.35998535156
346458.2438252,949.2,0.00512530282139778,0.0654898084700108,0,-88.9040890940059,12.9985259874259,1620.65609894708,42.348886431082,19.8365354510634,1606.89751861842,140.491810752754,143.940152640829,1395.74620777093,-196.03825819306,151.871610513959,1382.08654110311,0.158099994063377,0.112000003457069,0.981100022792816,169.889999389648,124.089996337891,1138.02001953125
346458.2543955,946.2,0.00503327837213874,0.0648890346288681,0,-88.9075619221455,12.9903202069685,1620.65458746075,42.3455987841701,19.8413471154083,1606.83341051882,140.455189293088,143.937330014663,1395.72469686557,-196.062982761692,151.853679574772,1382.06405322584,0.165099993348122,0.115599997341633,0.979499995708466,165.919998168945,120.559997558594,1132.69995117188
346458.2649386,943.2,0.00518814707174897,0.0649855084717274,0,-88.9135635234631,12.9782038551013,1620.63663745169,42.3489934860696,19.8379580174527,1606.83019867933,140.411856865219,143.939636611786,1395.70627049275,-196.08640063969,151.837886914063,1382.05145265902,0.155900001525879,0.109899997711182,0.981599986553192,156.059997558594,113.599998474121,1067
346458.2754711,940.2,0.00509456312283874,0.0652378596365452,0,-88.922876309469,12.9437581129389,1620.64056532328,42.3950441969384,19.8559067531464,1606.82609050515,140.378489715429,143.953225028964,1395.69396056514,-196.110209056787,151.834117775314,1382.06111179203,0.162100002169609,0.114799998700619,0.980099976062775,151.479995727539,113.470001220703,1038.93005371094
346458.2859862,937.2,0.00548462476581335,0.0648645408451557,0,-88.925534713727,12.8984404157393,1620.60383880559,42.3987568748357,19.8150810697047,1606.77462566915,140.331299305654,143.956796947698,1395.68904836789,-196.129187940332,151.794334769067,1382.04712627,0,0,0,0,0,0
346458.2964675,934.2,0.00515733473002911,0.0654432684183121,0,-88.9153476183145,12.8765402013214,1620.61873331738,42.4617874970052,19.7869917063026,1606.77812100486,140.315911290004,143.94332623773,1395.7016687272,-196.169461970753,151.749075076892,1382.0707039191,0,0,0,0,0,0
346458.3069796,931.2,0.00459204940125346,0.0656878858804703,0,-88.922795370501,12.8553060807922,1620.63764849603,42.4542097685927,19.8009864154395,1606.75566002884,140.29445302467,143.926463354699,1395.69606431997,-196.19208080989,151.686533355234,1382.08035449706,0,0,0,0,0,0
346458.3174681,928.2,0.00539786322042346,0.0647919349372387,0,-88.9031479684501,12.8326314573024,1620.6433607207,42.5369714106726,19.7376722218232,1606.76994769986,140.271307145711,143.914535930406,1395.67647574447,-196.229609409221,151.633878493394,1382.08797753923,0,0,0,0,0,0
346458.3280006,925.2,0.0056183529086411,0.06492088586092,0,-88.8979129467381,12.8042154071371,1620.66507234751,42.5803225342525,19.7324429507381,1606.79247773471,140.230474614266,143.88196659281,1395.67633131105,-196.257531263746,151.577770272459,1382.10582986431,0,0,0,0,0,0
346458.3385533,922.2,0.00645236298441887,0.06408461779356,0,-88.853438717939,12.7749226138874,1620.70805718412,42.6286713388661,19.6837577128518,1606.79157428068,140.227812146768,143.840284358453,1395.66569017038,-196.300853951832,151.502168757116,1382.13439568583,0,0,0,0,0,0
346458.3491079,919.2,0.00594017934054136,0.06492850035429,0,-88.8240076615453,12.7430820851853,1620.74065873574,42.6734759562746,19.6460999418935,1606.79246014192,140.21996779103,143.780398017575,1395.65185784689,-196.327500326974,151.437542547444,1382.1617291977,0,0,0,0,0,0
346458.3596528,916.2,0.00630126427859068,0.0643660709261894,0,-88.7043921015128,12.6548599542296,1620.92348312602,42.7136349190225,19.5431129593292,1606.82611532092,140.203846565083,143.715566816673,1395.65086044661,-196.351909719474,151.273753393155,1382.18765099407,0,0,0,0,0,0
346458.3731801,913.2,0.0062219575047493,0.0650921523571014,0,-88.6399986661179,12.5844091014502,1620.98687390568,42.7894493378008,19.4560099235833,1606.83585112857,140.208810203893,143.613693803897,1395.61843456904,-196.421602402507,151.090531603177,1382.17187820198,0.132499992847443,0.119099996984005,0.984000027179718,96.2300033569336,97.8099975585938,890.780029296875
346458.3837876,910.2,0.00650767143815756,0.0645639359951019,0,-88.5875395483557,12.47370253534,1621.08332303438,42.7986902143694,19.4471706618735,1606.83665621615,140.200254944883,143.536980030579,1395.62991962406,-196.429332764236,150.94792805088,1382.12364612339,0.12219999730587,0.115900002419949,0.985700011253357,88.1900024414062,92.4599990844727,834.859985351562
346458.3943386,907.2,0.00668470794335008,0.0652344100177288,0,-88.5724422145831,12.3660020500261,1621.13834804745,42.8664663518502,19.3865344378653,1606.83729411895,140.18917182561,143.3968878339,1395.60524066126,-196.452471518414,150.794362823747,1382.13408277545,0.129399999976158,0.116200000047684,0.984799981117249,71.2600021362305,73.2099990844727,672.359985351562
346458.4048959,904.2,0.00644200248643756,0.0659435339272022,0,-88.478538419848,12.2291708586588,1621.19051517803,42.8850022035346,19.3338665320877,1606.82915915944,140.18954496526,143.255621630865,1395.58960791471,-196.451175235266,150.644055920992,1382.11315701723,0.111199997365475,0.112800002098083,0.987399995326996,51.2400016784668,63.8699989318848,614.510009765625
346458.4155151,901.2,0.00685094157233834,0.0658109061419964,0,-88.3848218761206,12.0307110196605,1621.28960730326,42.9524534496769,19.2444376962412,1606.85707851751,140.199362094227,143.095341218415,1395.588672644,-196.434111364591,150.458250077014,1382.13304189738,0.0568999983370304,0.117600001394749,0.991400003433228,24.9500007629395,82.6600036621094,745.489990234375
346458.426045,898.2,0.00721303559839725,0.0667682573199272,0,-88.3654877612959,11.8697075692791,1621.31037809963,42.9914454840059,19.1739166549749,1606.87471504897,140.27442939,142.868309700067,1395.6296938303,-196.438179288466,150.164242570963,1382.13507209522,0,0,0,0,0,0
346458.4366325,895.2,0.00645368220284581,0.0667859822511673,0,-88.347854417978,11.7038058264096,1621.34304152261,43.0445262399106,19.0704310992822,1606.87199083401,140.316969515003,142.689931468423,1395.66088081868,-196.407186550632,149.972849871686,1382.18101842433,0,0,0,0,0,0
346458.4471484,892.2,0.00701008597388864,0.0671374186873436,0,-88.3362708483395,11.5429789898313,1621.36211777737,43.0409407638518,18.9632413212715,1606.8788858885,140.353763651625,142.505839255648,1395.6993887567,-196.36447037637,149.789359972543,1382.27090754676,0,0,0,0,0,0
346458.4577058,889.2,0.00686046620830894,0.0673572294414043,0,-88.3524491536812,11.3913176226388,1621.37336416318,43.0854105891361,18.8709268002032,1606.92781790268,140.385769903987,142.283230893799,1395.70290904074,-196.327318993885,149.648821533289,1382.32291925974,0,0,0,0,0,0
346458.468298,886.2,0.00740779982879758,0.0677551835775375,0,-88.377074653113,11.2370494113803,1621.37230422393,43.0839088842832,18.7127720076223,1606.95648408237,140.439494189471,142.080249415417,1395.69674658341,-196.23381556565,149.475776525108,1382.34950051283,0,0,0,0,0,0
346458.4788911,883.2,0.00702039105817676,0.0681629166007042,0,-88.3163687882772,11.0383312397148,1621.41693069504,43.1286796017999,18.5103196032947,1607.02118356332,140.468520306557,141.860980880854,1395.72039089362,-196.253331192403,149.291111088629,1382.40722596157,0,0,0,0,0,0
346458.4903895,880.2,0.00781211536377668,0.0672687835991383,0,-88.2990726624355,10.9671471960961,1621.40393915151,43.1476359308139,18.4120426837677,1607.03564780985,140.485304215935,141.774576491143,1395.72852502782,-196.245264050535,149.234205847894,1382.41608493629,0,0,0,0,0,0
346458.502303,877.2,0.00744822807610035,0.0687956534326077,0,-88.2443070821154,10.6913142702119,1621.50587990826,43.2139469135681,17.929232143007,1607.09184442769,140.550947408063,141.20078557584,1395.83014786888,-196.248165871592,148.788908698407,1382.52583223512,0,0,0,0,0,0
346458.512871,874.2,0.00672822073101997,0.0689060933887959,0,-88.0847236539614,10.409553624879,1621.59400255693,43.231007287324,17.6770594356139,1607.07415703071,140.586169910765,141.035592947124,1395.921368363,-196.183867226384,148.479295809239,1382.57274984726,0,0,0,0,0,0
346458.5234506,871.2,0.0069470377638936,0.0708431325852871,0,-87.9914164423509,10.1097247827411,1621.63685603213,43.2882891808072,17.5080447846223,1607.14750032738,140.606238004231,140.863525669935,1395.97854545428,-196.139567044144,148.207805534602,1382.62811113911,0,0,0,0,0,0
346458.5340897,868.2,0.006825833581388,0.0695164598524571,0,-87.9933547736793,9.63311113565959,1621.71948264578,43.3573517542404,17.1946656345976,1607.27893971199,140.507302767851,140.595986030302,1395.97470083562,-196.108958664764,147.843715468405,1382.77531425944,0.0149999996647239,0.119800001382828,0.992699980735779,-12.5100002288818,109.569999694824,989.450012207031
346458.5446739,865.2,0.00617150729522109,0.070503456890583,0,-88.1430769427019,9.40486251337644,1621.76188421731,43.4178148963135,16.9208496639808,1607.40282822573,140.491374427777,140.210462057065,1395.98812579841,-196.075663048162,147.624107302708,1382.90321987933,0.00879999995231628,0.116899996995926,0.993099987506866,-16.4500007629395,109.150001525879,995.539978027344
346458.5552433,862.2,0.00714767724275589,0.069412898644805,0,-88.1491405660153,9.07849416635771,1621.87182802603,43.5311918025887,16.4815995229297,1607.46836242157,140.52933577139,139.882294133916,1396.12507540367,-196.087787188825,147.414262211489,1382.99786337502,0.00910000037401915,0.11879999935627,0.992900013923645,-20.2000007629395,107.870002746582,1000.77001953125
346458.5657463,859.2,0.00576075911521912,0.0700813237577677,0,-88.0086460625511,8.72733498425656,1621.93167213575,43.6326107877774,15.896098022276,1607.53505449909,140.607536677685,139.442710761336,1396.29043106883,-196.084992932938,147.218348705667,1383.05484866178,0,0,0,0,0,0
346458.5762878,856.2,0.00722143240272999,0.070325130969286,0,-87.7232625792006,8.39363929315236,1622.00372956344,43.7006077053315,15.6202394214318,1607.49483804201,140.672365759705,139.107824743954,1396.3622280114,-196.054337588345,147.076840632935,1383.09912512636,0,0,0,0,0,0
346458.5867832,853.2,0.0064933649264276,0.0706873223185539,0,-87.5635766535829,8.10348542143935,1621.95972206254,43.6878412392505,15.4484975221929,1607.5093006858,140.688553719965,138.905369995541,1396.35414865603,-195.966513075554,146.852764977668,1383.08863451487,0,0,0,0,0,0
346458.5973247,850.2,0.00719797285273671,0.0707149397581816,0,-87.3961139363745,7.71685677490963,1621.89188540582,43.6814591776153,15.2458836242446,1607.50679840544,140.712578273536,138.560288194511,1396.34678541549,-195.85216688929,146.526800650754,1383.10831786174,0,0,0,0,0,0
346458.6078246,847.2,0.00631428975611925,0.0710993338376284,0,-87.3863538411273,7.46580499269861,1621.84178952053,43.6925982074647,14.9944533015357,1607.46680893418,140.75836886155,138.233036520768,1396.40594566306,-195.779075848858,146.155750718464,1383.16893240435,0,0,0,0,0,0
346458.6183807,844.2,0.00698116701096296,0.0717857744544745,0,-87.288531836163,7.17417744394809,1621.90190964009,43.8420196126547,14.5216001875994,1607.62679501106,140.851324053408,137.914134755897,1396.52301700715,-195.709136110436,145.807659187986,1383.25806768409,0,0,0,0,0,0
346458.6289607,841.2,0.00682820053771138,0.0715628642588854,0,-87.2857259335979,6.857638045228,1622.04223059419,43.8690765113303,14.0599224207514,1607.70518786636,140.850228867287,137.640006447132,1396.51070073323,-195.688150879706,145.550470549309,1383.31946980561,0,0,0,0,0,0
346458.6394942,838.2,0.00706698372960091,0.0720001630485058,0,-87.120977933014,6.23931394423535,1622.17045432565,43.8694738278124,13.6469357999008,1607.79331292265,141.003757124402,137.090198781206,1396.56246282617,-195.641199727249,145.262821922028,1383.35341473481,0,0,0,0,0,0
346458.6500238,835.2,0.00660374201834202,0.072324026748538,0,-87.2420872060754,5.80778915003013,1622.03802932861,43.8987111584503,13.2744553294224,1607.77424114899,141.061890481976,136.743549528015,1396.62297311853,-195.562634265547,144.917199258507,1383.37814666905,0,0,0,0,0,0
346458.6605585,832.2,0.00735586602240801,0.0713094234466553,0,-87.38786772887,5.58368975965718,1622.07416919861,43.9772983638965,12.8749821897714,1607.64156631848,141.068873878559,136.392620047857,1396.65853531354,-195.52289349099,144.490803863783,1383.45844947443,0,0,0,0,0,0
346458.6710444,829.2,0.00676578003913164,0.073069291561842,0,-87.6821941207901,5.32303513906295,1622.12820736669,44.1022079127422,12.4496075152529,1607.66612929491,141.062892449613,136.075511599574,1396.61588118464,-195.456921678567,144.119859278364,1383.47926908123,0,0,0,0,0,0
346458.6815449,826.2,0.0065134484320879,0.0731599781662226,0,-87.7059846523717,4.79336527423034,1622.22681414022,44.1200707366952,12.0034576468606,1607.75699500295,141.130231627474,135.746234516052,1396.61668918435,-195.386303865121,143.850117308312,1383.45292183646,0,0,0,0,0,0
346458.6921308,823.2,0.00700257159769535,0.0735695198178291,0,-87.5289630759285,4.20358642319147,1622.24728483772,44.1100632820187,11.663289138235,1607.76524454857,141.179534263334,135.416010068197,1396.66757094854,-195.370395774292,143.592567913909,1383.44979005819,0,0,0,0,0,0
346458.7030328,820.2,0.0061814421787858,0.0739044904708862,0,-87.3822333148408,3.73455749815344,1622.10387392857,44.0074872165997,11.2447433087322,1607.64354745579,141.239608150601,134.88659736772,1396.66894279762,-195.199536281216,143.171719588582,1383.45221998461,-0.0428000018000603,0.11429999768734,0.992500007152557,-81.1900024414062,118.919998168945,1146.56994628906
346458.7135729,817.2,0.00698882527649403,0.0740477949380875,0,-87.254524567357,3.59399809557687,1621.97639714923,44.0417575626555,10.9715688980553,1607.66436257416,141.302375173005,134.560830060291,1396.78642154377,-195.19369697896,142.798813504415,1383.55389851955,-0.0432000011205673,0.112300001084805,0.992699980735779,-80.6399993896484,111.669998168945,1110.77001953125
346458.7241882,814.2,0.00666262768208981,0.0745938833802939,0,-87.2116714458043,3.33838023407143,1621.82016553286,44.0966918672179,10.5553470619298,1607.59923195317,141.343395886657,134.406349482179,1396.82299367679,-195.159160631729,142.466798457274,1383.63931041461,-0.0458000004291534,0.10639999806881,0.993300020694733,-78.629997253418,104.059997558594,1067.48999023438
346458.7348094,811.2,0.00697191990911961,0.0744311049580574,0,-87.0867016634174,2.77891725709174,1621.73769906373,44.0915492322067,10.0039120158354,1607.53983141567,141.369422251059,134.138126962976,1396.86814712867,-195.185466191755,142.207062939006,1383.69712914009,-0.0450000017881393,0.108900003135204,0.992999970912933,-79.3300018310547,103,1054.48999023438
346458.745436,808.2,0.00609562965109944,0.0755298309028149,0,-86.9484319626052,2.34895708069826,1621.77988626499,44.1687559115691,9.55908652429287,1607.61974352065,141.420233751079,133.77965868216,1396.86156879597,-195.160988456106,141.93432646785,1383.68425602769,-0.0498000010848045,0.108999997377396,0.992799997329712,-85.2600021362305,110.01000213623,1099.28002929688
346458.7566989,805.2,0.00610365765169263,0.0751055240631104,0,-86.9811000188584,1.87002835485226,1621.84494122698,44.2415094401689,9.15314871584735,1607.70298693477,141.596104691292,133.287483302201,1397.01687859457,-195.106272865329,141.462234078568,1383.69726088543,0,0,0,0,0,0
346458.7672493,802.2,0.0064561846666038,0.0754654914140701,0,-86.9783396448323,1.54638644897499,1621.8712660314,44.251155254285,8.83136359698509,1607.7820363521,141.702686905835,132.965543701438,1397.14602032117,-195.102624165911,141.209468818141,1383.71397803473,0,0,0,0,0,0
346458.7778737,799.2,0.00636555068194866,0.0758438281714916,0,-86.9717661633378,1.26975997146627,1621.88805228165,44.2496314588937,8.37627461954773,1607.77484472949,141.764489604578,132.606160960644,1397.22551134854,-194.993222796247,140.923168354655,1383.81759104324,0,0,0,0,0,0
346458.7884225,796.2,0.00553544331341982,0.076475777104497,0,-86.8934226816508,0.881153153783847,1622.0335625406,44.3016359955716,7.95044197955304,1607.73016942184,141.819074933029,132.294562834793,1397.29991818135,-194.862453689434,140.662015701709,1383.85679185655,0,0,0,0,0,0
346458.7990194,793.2,0.00681396760046482,0.0769352953881025,0,-86.9992251465899,0.422617549796014,1622.10911529115,44.3653255885904,7.64337957757683,1607.71390663856,141.88052236415,132.016226050938,1397.37427135518,-194.726851233435,140.395585017062,1383.94359808085,0,0,0,0,0,0
346458.809551,790.2,0.00649650534614921,0.0766632039099932,0,-87.0949824717162,-0.00220938924969095,1622.17686201235,44.4194056672785,7.30195051125603,1607.6325449426,141.917687256092,131.644593577964,1397.44893815571,-194.636451300399,140.027561282378,1384.01307340478,0,0,0,0,0,0
346458.8200346,787.2,0.00581969646736979,0.0766863770782948,0,-87.1310267074406,-0.321258709434412,1622.20190135536,44.4077731801272,6.99128818686834,1607.62916105594,141.936497302016,131.411722538689,1397.4635207461,-194.568882446855,139.722456931619,1384.01167490087,0,0,0,0,0,0
346458.8308456,784.2,0.00647122086957097,0.0771074876189232,0,-87.0867421571505,-0.564430820063553,1622.19902832617,44.4623233446661,6.57804436279071,1607.71758897415,141.978106436148,131.1700351558,1397.47081222865,-194.583798643615,139.480093361774,1384.0162193188,0,0,0,0,0,0
346458.841425,781.2,0.00593084003776312,0.0770727790892124,0,-86.9191647976905,-0.848083414877099,1622.14812971152,44.5948749511751,6.13655814056296,1607.86319850211,142.054664436388,130.909327826741,1397.50421568819,-194.555150763708,139.21969368757,1384.04033600642,0,0,0,0,0,0
346458.8520253,778.2,0.00722596235573292,0.0763112422078848,0,-86.6711568767434,-1.19877522163448,1622.09443976857,44.6563345071762,5.81034788930538,1607.91167402051,142.176054924309,130.573196755595,1397.59036807609,-194.473081175833,138.980760694519,1384.10829457767,0,0,0,0,0,0
346458.8625786,775.2,0.00621408503502607,0.0770143609493971,0,-86.5210901825821,-1.7713419934268,1622.02234163471,44.6885400414305,5.49294734566527,1607.93331879251,142.346055015313,130.147821513332,1397.72537253856,-194.398136123824,138.663389268064,1384.16827487746,-0.0860999971628189,0.114200003445148,0.989700019359589,-132.179992675781,120.180000305176,1146.01000976562
346458.8731632,772.2,0.00494430121034384,0.0766731821000576,0,-86.5826833307946,-1.97844731763784,1621.94062749929,44.6908450545601,5.24443330135268,1607.94265997213,142.525836878113,129.859830966836,1397.76622595056,-194.330404476951,138.415137021681,1384.21122466821,-0.0864000022411346,0.117899999022484,0.989300012588501,-130.449996948242,115.150001525879,1098.9599609375
346458.8842296,769.2,0.00560014415532351,0.0773724563419819,0,-86.6516156755815,-2.17293480804021,1621.90382263739,44.6799056704647,5.02099921793018,1607.99874090286,142.626103651929,129.660121779894,1397.76347209743,-194.198945868757,138.116270229443,1384.20930426431,-0.0925000011920929,0.11259999871254,0.989300012588501,-124.319999694824,103.599998474121,998.409973144531
346458.8947996,766.2,0.00579715659841895,0.0776410777121782,0,-86.6701862732805,-2.36405489529374,1621.96560549805,44.7686731070688,4.72323120575106,1608.02075555628,142.731657572501,129.373343183504,1397.76749549619,-194.118614291761,137.855020381002,1384.1345479725,-0.0939000025391579,0.115000002086163,0.988900005817413,-126.050003051758,101.080001831055,978.140014648438
346458.9053705,763.2,0.0052645462565124,0.0783450253307819,0,-86.59917943377,-2.64439126962452,1622.06196980591,44.834591847359,4.35627727876247,1608.08912807568,142.875064115005,129.12016725792,1397.80874598605,-194.038240946765,137.615099422417,1384.0737999318,-0.099200002849102,0.111599996685982,0.98879998922348,-126.800003051758,99.5599975585938,963.02001953125
346458.9160926,760.2,0.00518813217058778,0.077789556607604,0,-86.3683019924474,-3.14498089965946,1622.1341868636,44.845159468215,3.91718915244372,1608.00565088062,142.983589612348,128.720335186911,1397.84313203552,-193.839585526114,137.234855859609,1384.02789539438,0,0,0,0,0,0
346458.9266872,757.2,0.00530095724388957,0.078162432089448,0,-86.3198229685519,-3.48231847023893,1622.0020819362,44.8593704135932,3.75559973003907,1607.9717299833,143.029183795753,128.402447830278,1397.83994623297,-193.778358812437,136.978789284731,1384.03437424764,0,0,0,0,0,0
346458.9372329,754.2,0.00529871974140406,0.0785139374434948,0,-86.2845146285143,-3.72645089699227,1621.99353667058,44.8832517088743,3.613829296979,1607.89041893895,143.038978339685,128.204389538607,1397.81508052464,-193.666331647924,136.744988336351,1384.02990061876,0,0,0,0,0,0
346458.9477943,751.2,0.00446125585585833,0.0780812449753285,0,-86.284567921328,-3.83021433235128,1621.98644720315,44.8574396284355,3.45569456515578,1607.87740090307,143.046819705315,128.068955490733,1397.79519076057,-193.603413079193,136.55947972434,1384.03956975587,0,0,0,0,0,0
346458.958256,748.2,0.00517545081675053,0.0792501423507929,0,-86.3510840731643,-3.92305948871798,1621.97309913627,44.8799543162728,3.24227397530033,1607.85024349644,143.13660645452,127.919563487365,1397.83766299198,-193.551337293311,136.359814611333,1384.01465177634,0,0,0,0,0,0
346458.9687807,745.2,0.0053519201464951,0.0794170055538416,0,-86.4469789693045,-4.1193529735547,1621.97547707697,44.9328770110653,3.01000256273269,1607.86566619119,143.204336562168,127.741947419289,1397.84178833801,-193.47129469673,136.178589411151,1384.01817991144,0,0,0,0,0,0
346458.9792981,742.2,0.00533199170604348,0.0795043282210827,0,-86.4584940768028,-4.4137179761234,1621.98231927529,45.1972239308317,2.5863284097795,1608.01285931723,143.284730831216,127.523483712777,1397.83215373995,-193.357100171102,135.904187588047,1383.98902545557,0,0,0,0,0,0
346458.9931395,739.2,0.00395106617361307,0.0797089602798224,0,-86.2379539522023,-4.80654050546854,1621.96864476969,45.4217244535969,2.13976803638751,1608.01475691098,143.375151756822,127.267414361746,1397.81395013091,-193.200970766274,135.737695414214,1383.94145622577,-0.208499997854233,0.119800001382828,0.970600008964539,-188.580001831055,74.2099990844727,705.030029296875
346459.0036842,736.2,0.00526597816497087,0.0795166607946158,0,-86.127320708522,-5.1712548071791,1621.94199086712,45.5232312129136,1.84685656915282,1608.03507057208,143.548104463833,126.990294301875,1397.78751044937,-193.055059482064,135.469695988082,1383.99051023606,-0.221200004220009,0.113899998366833,0.968500018119812,-199.570007324219,81.6500015258789,750.489990234375
346459.0142493,733.2,0.00454000197350979,0.0799076858907938,0,-85.8993910282043,-5.44227373041797,1621.93815681436,45.5963593311675,1.69324790792278,1607.99103858173,143.7359546126,126.737055891302,1397.78824270729,-192.859491824011,135.280470347509,1383.94192992187,-0.212099999189377,0.123800002038479,0.969399988651276,-211.220001220703,88.4899978637695,794.380004882812
346459.0247939,730.2,0.00576415890827775,0.0787455387413502,0,-85.7851570273886,-5.60544615537145,1621.97456545558,45.6440160850957,1.5847170220893,1607.9586737474,143.929131847972,126.472661890052,1397.81557088028,-192.758380458866,135.07060649395,1383.98241685186,-0.224299997091293,0.11599999666214,0.967599987983704,-208.020004272461,86.0100021362305,773.349975585938
346459.0353692,727.2,0.00414046552032232,0.0795884862542152,0,-85.6648851969584,-5.6935476660996,1621.95270143854,45.7661749430479,1.47389672702368,1607.95710936912,144.089918749752,126.267681238202,1397.86060571266,-192.692604232945,134.896945558689,1384.031961067,-0.216100007295609,0.122100003063679,0.968699991703033,-206.199996948242,84.7200012207031,761.739990234375
346459.0459771,724.2,0.00382103817537427,0.0807555470615625,0,-85.5545799893642,-5.78461837944201,1621.93687742981,45.8867362000598,1.3414160184778,1607.87901937298,144.2249033613,126.099715099465,1397.85620141845,-192.609687281318,134.77113978382,1384.08921398703,0,0,0,0,0,0
346459.056545,721.2,0.00460480991750956,0.0797332473099232,0,-85.4525781092229,-5.87926993692245,1621.88670398415,46.0397956270515,1.18451463338898,1607.87908830679,144.354553616608,125.927164179637,1397.88876829286,-192.491880716999,134.683301744915,1384.0922386552,0,0,0,0,0,0
346459.0670763,718.2,0.00448943767696619,0.0797364305704832,0,-85.3244640781914,-6.01183526851203,1621.91401224888,46.1771886294091,0.964810509813572,1607.95246371599,144.419762117731,125.762350915066,1397.86555156746,-192.301574604237,134.534635540313,1384.07519720205,0,0,0,0,0,0
346459.077632,715.2,0.00466432655230165,0.0798839874565601,0,-85.1319716816028,-6.15183299174367,1621.91175775274,46.3540929159448,0.782605267709315,1608.02756306996,144.532293504847,125.604456254822,1397.83640614223,-192.133931452904,134.397418358793,1384.10317001561,0,0,0,0,0,0
346459.0881571,712.2,0.00386511790566146,0.0807677585631609,0,-84.8521030291924,-6.36393520355119,1621.98669161435,46.5759972065415,0.583733461369606,1608.09962681397,144.635792751622,125.471787071593,1397.84184461628,-191.976162067842,134.294305582101,1384.1205273161,0,0,0,0,0,0
346459.0986935,709.2,0.00449396995827556,0.0804010223597288,0,-84.6124903876654,-6.65328960960824,1622.02615985897,46.7763492470102,0.376412631281342,1608.18026146673,144.719606279298,125.373295151606,1397.864974973,-191.780843490812,134.114370579794,1384.12874133559,0,0,0,0,0,0
346459.1093289,706.2,0.00444381451234221,0.0805126041173935,0,-84.3374659422919,-6.93208285262835,1622.14380532794,47.0621040528429,0.168290480631354,1608.25056109757,144.843853595526,125.260512337942,1397.89211402772,-191.567215975936,133.885565504419,1384.14960011468,0,0,0,0,0,0
346459.119828,703.2,0.00474171154201031,0.0807108752429485,0,-84.1595261015742,-7.07015760857025,1622.15669875072,47.1805636072417,0.125901412720191,1608.27044149871,144.942594278199,125.123068504332,1397.89333948954,-191.440193860796,133.663736365784,1384.18617728093,0,0,0,0,0,0
346459.1328781,700.2,0.00452067330479622,0.0804834276437759,0,-83.9790563463889,-7.14921319644898,1622.15279575234,47.4700708115338,0.0387886634216111,1608.24705521181,145.080980582926,124.928782280911,1397.87235718403,-191.242854125357,133.415962901916,1384.23234678297,-0.228400006890297,0.114000000059605,0.966899991035461,-159.399993896484,55.0800018310547,536.030029296875
346459.1434176,697.2,0.00381543021649122,0.0808842428028584,0,-83.8596648965229,-7.18736685575012,1622.21747982664,47.654203522231,-0.097229638538923,1608.25451573929,145.233298939227,124.735585265005,1397.84559257373,-191.1041155655,133.299894769273,1384.273478283,-0.236800000071526,0.111100003123283,0.965200006961823,-151.679992675781,50.3699989318848,498.149993896484
346459.153979,694.2,0.00466541759669781,0.0812080059200525,0,-83.7253061185533,-7.25968194753525,1622.27146798654,47.788591646553,-0.157607450627091,1608.27956409259,145.403113915195,124.556648178066,1397.82130654891,-190.981892885121,133.19698382118,1384.35999437894,-0.231700003147125,0.115299999713898,0.965900003910065,-150.919998168945,49.7900009155273,489.140014648438
346459.1645801,691.2,0.00388191570527852,0.0812651090323925,0,-83.5021920289606,-7.32157031981417,1622.39478838819,47.8990272625643,-0.245012374493972,1608.31056308518,145.59401129588,124.402894085946,1397.79492345212,-190.8000753254,133.073558244832,1384.37634068437,-0.240099996328354,0.111199997365475,0.964299976825714,-147.899993896484,47.5999984741211,474.040008544922
346459.1751465,688.2,0.00385763472877443,0.0813236091285944,0,-83.3374691486655,-7.39579035338911,1622.49624181712,48.0044915994322,-0.340898415782103,1608.33978032533,145.796212758175,124.237690586272,1397.76441044356,-190.647461044492,132.992099193135,1384.37423379187,-0.235699996352196,0.110399998724461,0.965499997138977,-141.25,43.1100006103516,446.440002441406
346459.1857078,685.2,0.00418641697615385,0.0811134990304709,0,-83.1565809157626,-7.4569460258787,1622.51402673018,48.1587714952651,-0.444895623035408,1608.3327693912,145.99198973164,124.032499438285,1397.69544379264,-190.524891315978,132.906520891407,1384.33247403966,0,0,0,0,0,0
346459.1963,682.2,0.00376056833192706,0.0809841215610504,0,-83.0020665986571,-7.55364353890124,1622.5691898872,48.3116206281344,-0.562729378345537,1608.31365552416,146.160121634855,123.915476491307,1397.67111940095,-190.393011638598,132.794903598911,1384.30257459964,0,0,0,0,0,0
346459.2068641,679.2,0.0038688974454999,0.0804686233401299,0,-82.879736344985,-7.66016800223767,1622.64172147131,48.4499458774973,-0.648665155673364,1608.31191588209,146.315294971756,123.822854403268,1397.62939643006,-190.281524132449,132.650341723784,1384.30187280286,0,0,0,0,0,0
346459.217475,676.2,0.00364754814654589,0.0811156876385212,0,-82.7565076143856,-7.78506879008953,1622.696336409,48.5609207756058,-0.763947404690607,1608.30311067474,146.465506333459,123.752256292139,1397.6088931435,-190.192272457316,132.497138476499,1384.30048407692,0,0,0,0,0,0
346459.2280913,673.2,0.00306932907551527,0.0813721776008606,0,-82.6076441855051,-7.87640976902398,1622.7371229926,48.7156707988199,-0.899544084239711,1608.31345568738,146.593469911345,123.735304863967,1397.57485115508,-190.030276480157,132.345001307773,1384.33152434263,0,0,0,0,0,0
346459.238642,670.2,0.00366565003059804,0.0802973493933678,0,-82.4677850223029,-8.0183935703484,1622.74599538898,48.8574802125849,-1.03117855293859,1608.30992707263,146.729657394887,123.685428730258,1397.57152521522,-189.871059240648,132.16151190375,1384.38387543941,0,0,0,0,0,0
346459.2492042,667.2,0.00295258243568242,0.0816658161580563,0,-82.3548866654837,-8.15810487912031,1622.73278189587,48.9907034609704,-1.16225768882219,1608.32768656837,146.865833350712,123.612553256516,1397.58396938345,-189.731775340298,131.969876126246,1384.44625501657,0,0,0,0,0,0
346459.2597512,664.2,0.0027946624904871,0.0816346559673548,0,-82.2295015092019,-8.29160679588152,1622.74682816593,49.1140412047591,-1.26974380469531,1608.38451438732,146.940395296052,123.518300804775,1397.60408286982,-189.608708257247,131.863916634543,1384.48990868534,0,0,0,0,0,0
346459.2729136,661.2,0.0023623974993825,0.0809005577117205,0,-82.032677871657,-8.41376739383133,1622.73066042143,49.2909629396695,-1.4040170299112,1608.47857250059,147.091717675315,123.411539940484,1397.61722071331,-189.448682237872,131.756159568314,1384.48228933662,-0.251399993896484,0.109899997711182,0.961600005626678,-139.679992675781,37.2700004577637,403.160003662109
346459.283528,658.2,0.00241496786475182,0.0818276967853308,0,-81.9208597653919,-8.51008326005026,1622.74674029189,49.4499645196124,-1.48551146708095,1608.53196526864,147.2276799939,123.298644052808,1397.63346472045,-189.319223993151,131.68197428994,1384.46472368539,-0.261900007724762,0.106899999082088,0.959200024604797,-141.639999389648,37.939998626709,405.690002441406
346459.2940944,655.2,0.00216066301800311,0.0813778437674046,0,-81.7382888882601,-8.59275314067539,1622.71121158158,49.6122876387561,-1.60674059217633,1608.52649323669,147.333835362658,123.148660622151,1397.63014116094,-189.199193821334,131.618798902978,1384.43661174593,-0.254799991846085,0.111900001764297,0.960500001907349,-143.729995727539,38.439998626709,409.179992675781
346459.3046194,652.2,0.00241003930568695,0.0818456992506981,0,-81.5739972263288,-8.69864224065776,1622.67416794805,49.8554396235302,-1.65486267288735,1608.50156652622,147.444833010571,123.003127800326,1397.62982619286,-189.060096494468,131.566080917032,1384.43080165791,-0.26570001244545,0.105800002813339,0.958199977874756,-137.229995727539,35.2599983215332,384.630004882812
346459.3152292,649.2,0.0017826275434345,0.0814124517142773,0,-81.4192040943517,-8.77788058817591,1622.65306237153,50.0810774315206,-1.75788244894094,1608.48823127455,147.591539152255,122.845778344861,1397.66111089346,-188.937180766075,131.492377548156,1384.4275769931,-0.26010000705719,0.107199996709824,0.95959997177124,-141.050003051758,35.6800003051758,395.290008544922
346459.3257583,646.2,0.00147691462188959,0.0805315621197224,0,-81.2542866014917,-8.87489250891839,1622.60327256676,50.2843373964399,-1.85046693486638,1608.48782815871,147.798608835587,122.656004187956,1397.72534454362,-188.777257295066,131.413575418333,1384.42933940207,0,0,0,0,0,0
346459.3363959,643.2,0.00195272709243,0.0809828232973814,0,-81.1735107858904,-8.950374843896,1622.5410334509,50.3685714390133,-1.95117528510749,1608.43920309377,147.905917575613,122.556079330669,1397.73581131773,-188.606527663898,131.315839050918,1384.41387057499,0,0,0,0,0,0
346459.3470418,640.2,0.00178057898301631,0.0810491856187582,0,-81.0519327708984,-9.01927934407512,1622.50988104499,50.4599752755987,-2.02266725428972,1608.40535735879,148.047193963777,122.466779654571,1397.76475474523,-188.48556181639,131.166491609352,1384.5062371343,0,0,0,0,0,0
346459.3576967,637.2,0.000693179259542376,0.0815103858709335,0,-80.919282925195,-9.18756259030954,1622.45306611255,50.5541259282264,-2.12576663982636,1608.34256823815,148.195569583032,122.408273805951,1397.74992393417,-188.390258349694,131.039323255926,1384.50377393814,0,0,0,0,0,0
346459.3683696,634.2,0.0014772592112422,0.0808464664965868,0,-80.7514193514744,-9.3422213106823,1622.44142837596,50.659426157044,-2.25163838963521,1608.26867001091,148.331180694944,122.340276198296,1397.70409878267,-188.343439608419,130.939274609628,1384.50669667108,0,0,0,0,0,0
346459.3789368,631.2,0.00123990152496845,0.0807797707617283,0,-80.5320592957035,-9.53756499147943,1622.4749634109,50.7532957602976,-2.36633301636321,1608.17264167992,148.46837154361,122.278052806596,1397.6274056301,-188.251426904919,130.78717227889,1384.54987728375,0,0,0,0,0,0
346459.3894905,628.2,0.00213881279341877,0.0815457388758659,0,-80.3975662099248,-9.74696544390534,1622.42414568719,50.949773651025,-2.47402149628538,1608.09914576443,148.627848226827,122.196290799295,1397.55772473249,-188.109878315846,130.620461597119,1384.57083638165,0,0,0,0,0,0
346459.4000261,625.2,0.00172453839331865,0.080685556307435,0,-80.2676801932979,-9.87309199007786,1622.42008594118,51.1003502307876,-2.62063629985203,1608.02953596043,148.721510054376,122.134028552303,1397.48894991465,-188.024466278788,130.519415473248,1384.56341445994,0,0,0,0,0,0
346459.410586,622.2,0.00128290464635938,0.0806446395814419,0,-80.1289687388765,-9.95575789918129,1622.44478653442,51.2348815441748,-2.77844278706312,1607.98031288944,148.821125494995,122.101789065654,1397.43259764825,-187.964086630594,130.42473019852,1384.53326120989,0,0,0,0,0,0
346459.4211401,619.2,0.00145425775554031,0.0802151937037706,0,-80.0647138586989,-10.0026426051839,1622.42946164468,51.3275240156627,-2.92077392658721,1607.97583514849,148.902947985787,122.061589279348,1397.42241433582,-187.897464466123,130.34924311012,1384.50907659849,0,0,0,0,0,0
346459.4316725,616.2,0.00119348824955523,0.0801923800259829,0,-79.9921046241851,-10.1201038003103,1622.42832916074,51.3883277744035,-3.03152236383176,1607.97497154352,149.001807794253,122.033567710899,1397.36997574811,-187.765091767576,130.281500463318,1384.47845233873,0,0,0,0,0,0
346459.4421926,613.2,0.00166730803903192,0.0802185781300068,0,-79.946425831659,-10.2234642313712,1622.36763218518,51.4607021505975,-3.14179395994612,1607.98977530095,149.087327701046,121.985848224802,1397.33160603949,-187.624242017099,130.194636689189,1384.4577975822,0,0,0,0,0,0
346459.4527237,610.2,0.000976016570348293,0.0801967199891806,0,-79.814750355401,-10.3954333087127,1622.2924395763,51.6078832863381,-3.3374483323819,1607.95941651988,149.20726970405,121.955081437323,1397.29615972918,-187.454488484057,130.107171977153,1384.3591336543,-0.289299994707108,0.115900002419949,0.950200021266937,-296.369995117188,84.120002746582,836.239990234375
346459.4633895,607.2,0.00185235717799515,0.0803366232663393,0,-79.7249167220779,-10.520925796864,1622.21584464183,51.6896127276485,-3.491953115752,1607.87730186414,149.288549191494,121.924114326599,1397.26018703382,-187.329097056298,130.051147067945,1384.28785301159,-0.29449999332428,0.112800002098083,0.949000000953674,-300.230010986328,88,840.900024414062
346459.4739538,604.2,0.00113413634244353,0.0794970043003559,0,-79.6253470259036,-10.6727662992098,1622.14734724492,51.8157018616232,-3.62831381309548,1607.84590244325,149.35247977521,121.857688340243,1397.2354000714,-187.198916091838,129.983521764828,1384.25338999306,-0.296000003814697,0.130300000309944,0.946300029754639,-324.070007324219,98.8399963378906,906.150024414062
346459.4844984,601.2,0.00146916171070188,0.0795876853168011,0,-79.5128619713821,-10.7783028989891,1622.03653651044,51.9667123367471,-3.76545246175411,1607.81225157976,149.431541250059,121.745382920065,1397.1744617417,-187.091269109749,129.928683940786,1384.22275117713,-0.297199994325638,0.120600000023842,0.947200000286102,-320,97.9199981689453,888.400024414062
346459.4950677,598.2,0.00042544468306005,0.0796865992248058,0,-79.3887984851584,-10.9237988775602,1622.01115429488,52.1319009533169,-3.92224965330084,1607.81421530392,149.54656718809,121.626900855623,1397.11091680317,-186.927788760749,129.829831046879,1384.15019918501,-0.3057000041008,0.141499996185303,0.941600024700165,-313.690002441406,97.4800033569336,853.299987792969
346459.5055915,595.2,0.0014315873850137,0.0796753581613302,0,-79.2019662730078,-11.1334017610787,1621.97743647595,52.2561955291572,-4.01345881551753,1607.78918265694,149.66827079147,121.512750378439,1397.09213416367,-186.867447379906,129.770473551719,1384.12705793909,-0.302100002765656,0.137600004673004,0.943300008773804,-289.040008544922,88.9599990844727,772.369995117188
346459.5161467,592.2,0.00262774177826941,0.0799634665250778,0,-79.0361381169665,-11.3961138301576,1621.99651816752,52.4702914352406,-4.25452485769081,1607.78665841032,149.841839381828,121.352241116437,1397.10501922841,-186.763274850403,129.657918488856,1384.11962244235,0,0,0,0,0,0
346459.5266331,589.2,0.00137687148526311,0.0801061060279608,0,-78.9083988126318,-11.5354044740279,1622.0076083735,52.5318190501097,-4.36430080872112,1607.7896022773,149.930443128985,121.251902562436,1397.12094321635,-186.687217090729,129.564042817642,1384.15252037356,0,0,0,0,0,0
346459.5372272,586.2,0.000971337547525764,0.0798650778830051,0,-78.8201499820629,-11.6491458488273,1622.01695263271,52.608915080235,-4.55325498782863,1607.78376246883,150.042617513682,121.159449924573,1397.11912107306,-186.630055749572,129.427260245049,1384.17084460485,0,0,0,0,0,0
346459.5477258,583.2,0.000819866603706032,0.0809216111898422,0,-78.7324014842486,-11.7144409604779,1622.01553082664,52.6291629842255,-4.68247184446668,1607.76661457442,150.140399142506,121.028473070715,1397.15053715297,-186.576084271202,129.296890897997,1384.18875210527,0,0,0,0,0,0
346459.5583868,580.2,0.0012060358421877,0.0805983603000641,0,-78.6363408723857,-11.8352224442815,1622.03121835782,52.6783979339443,-4.8010348695484,1607.75250756543,150.243405071915,120.893799427646,1397.17813967519,-186.503761315216,129.162584546302,1384.20950713942,0,0,0,0,0,0
346459.5689601,577.2,0.00138744979631156,0.0796124510467053,0,-78.5110515792762,-11.9609618722659,1622.06478841339,52.7659542848331,-4.90698031930478,1607.70599477106,150.309033281811,120.791123934497,1397.1787025068,-186.426347207387,129.04144351447,1384.24949186547,0,0,0,0,0,0
346459.5796186,574.2,0.000919658283237368,0.0794365428388119,0,-78.3872586291414,-12.1300481126506,1622.03611156573,52.8511219832267,-5.0242110225459,1607.62166095539,150.425951311543,120.640667821084,1397.20076447879,-186.282549666577,128.905049411717,1384.3458466771,0,0,0,0,0,0
346459.5928743,571.2,0.000595349178183824,0.0792123604565859,0,-78.2385754947724,-12.3118074988856,1622.05044038641,53.0277986822394,-5.12320800481199,1607.57727153459,150.536078290893,120.494064474572,1397.23053987948,-186.157865812532,128.85736586353,1384.3503390374,-0.33160001039505,0.167400002479553,0.928399980068207,-263.679992675781,84.0999984741211,649.169982910156
346459.6034292,568.2,0.00102176971267909,0.0792673233896494,0,-78.1583704790316,-12.4058676524898,1622.03727815038,53.1083460807739,-5.23530601962224,1607.52937130628,150.634854798799,120.422829114468,1397.220159651,-186.058769856926,128.792118952815,1384.40008582295,-0.323900014162064,0.142299994826317,0.93529999256134,-260.299987792969,82.9700012207031,632.539978027344
346459.6140208,565.2,0.0002735112211667,0.0797706976532936,0,-78.0573922129701,-12.560239791249,1621.99828009556,53.2230448017795,-5.4079405206029,1607.47769289005,150.720487786153,120.325952062154,1397.24443131504,-185.941953545491,128.753017191117,1384.45604032176,-0.336499989032745,0.170000001788139,0.926199972629547,-268.839996337891,86.5899963378906,647.059997558594
346459.6245232,562.2,0.000751723709981889,0.0791260752826929,0,-77.8658435994286,-12.7825063685458,1622.04848800241,53.3129218789836,-5.55266295325911,1607.38282022401,150.807176056508,120.21118554408,1397.25414642392,-185.837356669891,128.683766077487,1384.48302401855,-0.330700010061264,0.145799994468689,0.932399988174438,-272.420013427734,87.7200012207031,649.859985351562
346459.6351669,559.2,0.00120819895528257,0.0795127213001251,0,-77.8034760760989,-13.0322917400325,1621.97664316247,53.4183776330785,-5.78330157360698,1607.3431087541,150.900570371961,120.136481049372,1397.2697658784,-185.767287846701,128.655700232796,1384.4624484294,-0.341699987649918,0.171900004148483,0.924000024795532,-269.119995117188,86.1600036621094,636.460021972656
346459.6457551,556.8,0.000752836174797267,0.07962343133986,0,-77.7166205505542,-13.269861641893,1621.85684044628,53.5715536219994,-6.13128260778531,1607.39984841238,150.978166218928,119.995281130759,1397.27052505523,-185.655537157941,128.579759510691,1384.49162266602,0,0,0,0,0,0
346459.6562576,559.8,0.000750960374716669,0.079222983121872,0,-77.6333030141757,-13.4566430684498,1621.73667122406,53.6572627814358,-6.3897752176831,1607.37296711341,151.050781812581,119.882929640418,1397.25701854312,-185.585373864277,128.51370582277,1384.48166266382,0,0,0,0,0,0
346459.6667668,562.8,0.00137852702755481,0.0788227062672377,0,-77.5733073346987,-13.5925394557772,1621.61968538117,53.7525278443083,-6.55171395446747,1607.36199125877,151.106911392754,119.785261177205,1397.24100640683,-185.458720615462,128.408658794036,1384.50729430562,0,0,0,0,0,0
346459.6772261,565.8,0.000894117692951113,0.079154895991087,0,-77.5206359240736,-13.7322947643025,1621.55250887587,53.8425537860347,-6.72084023077183,1607.33785956392,151.160588435196,119.680908396906,1397.23627958349,-185.389236031887,128.331431427617,1384.47947809581,0,0,0,0,0,0
346459.6877732,568.8,0.00124317617155612,0.0797598831355572,0,-77.5062532307583,-13.8781178024815,1621.51517059633,53.9017556956177,-6.8162474946679,1607.27260982533,151.232175809335,119.551126343303,1397.22572791726,-185.301312180328,128.231024660959,1384.47159765319,0,0,0,0,0,0
346459.6983715,571.8,0.000674460083246231,0.0797836840152741,0,-77.4298325106801,-13.9885613257564,1621.542736911,53.9763835372603,-6.95576959759539,1607.19486118401,151.307916384893,119.418863993675,1397.19553827192,-185.214090534834,128.128537252319,1384.48353308659,0,0,0,0,0,0
346459.708894,574.8,0.000788756180554628,0.0796350430697203,0,-77.3362581478413,-14.126886884169,1621.56748138091,54.0244117195049,-7.08339246987781,1607.1052471457,151.372004879432,119.270475295415,1397.19121930806,-185.135924077269,128.016738549726,1384.5456529151,0,0,0,0,0,0
346459.719373,577.8,0.000975644681602716,0.079544173926115,0,-77.0832486347771,-14.3462597203403,1621.61811691282,54.100598164137,-7.32661750994115,1606.95747227926,151.413324564237,119.131140663219,1397.18554807738,-185.026202168615,127.875235414255,1384.57476854427,0,0,0,0,0,0
346459.7300753,580.8,0.00102546333801001,0.0801048431545496,0,-77.0547461762468,-14.5068394184677,1621.51656760937,54.1942270578507,-7.48268677605309,1606.87079578688,151.469995243623,119.034265845592,1397.18563198552,-184.93681208002,127.751949996759,1384.59716836923,0,0,0,0,0,0
346459.7406978,583.8,-0.000432506349170581,0.0812365267425776,0,-76.8620962875661,-14.7226999549182,1621.53407557299,54.3147571518191,-7.62632281653659,1606.86023983019,151.529178698484,118.91729938486,1397.15646207858,-184.855199453258,127.635263078279,1384.60307606167,0,0,0,0,0,0
346459.7512565,586.8,0.00141532870475203,0.081112364679575,0,-76.772531554052,-14.9028620647538,1621.53520520342,54.3795439763101,-7.78024270451858,1606.84469467301,151.62564325556,118.768165927599,1397.13901891611,-184.779671139449,127.546413013331,1384.63262587312,0,0,0,0,0,0
346459.7617839,589.8,0.000677212374284863,0.0805933199822903,0,-76.7068766729167,-15.1084188989153,1621.43922399952,54.447570466394,-7.90486375441758,1606.84825750151,151.723673140066,118.608723871127,1397.14280282038,-184.719618401664,127.489170123641,1384.65169792657,0,0,0,0,0,0
346459.7723625,592.8,0.000690503278747201,0.0803200103342533,0,-76.7123911095851,-15.2459742648611,1621.30586918388,54.5331263189912,-8.10472905749485,1606.8208008694,151.842981860773,118.425672669575,1397.17954192064,-184.630594232524,127.442011850692,1384.65573035126,0,0,0,-175.669998168945,40.689998626709,402.070007324219
346459.7829527,595.8,0.000936314871069044,0.0806810971349478,0,-76.6615171024469,-15.3089752993969,1621.3002627342,54.5780314874906,-8.32076401318231,1606.84829737703,151.93656686915,118.316856625602,1397.20844087573,-184.5726777871,127.404534613355,1384.66982114871,-0.348199993371964,0.119199998676777,0.929799973964691,-232.039993286133,61.5099983215332,533.070007324219
346459.7935295,598.8,0.000610624963883311,0.0803714025765657,0,-76.6404776205807,-15.3574195204181,1621.25981085387,54.5732770857378,-8.41986369471932,1606.80551129796,151.997476852271,118.231816857949,1397.22333268269,-184.507750968456,127.379111040474,1384.6828545154,-0.351599991321564,0.158600002527237,0.922599971294403,-313.230010986328,94.7600021362305,717.609985351562
346459.8039681,601.8,0.00114107958506793,0.0802931547164917,0,-76.6241183350967,-15.4298586835408,1621.22415502822,54.5871590612313,-8.55632383146297,1606.7533451337,152.067965652856,118.174632234656,1397.23123092248,-184.433470345018,127.368524981057,1384.67579058668,-0.350499987602234,0.13510000705719,0.926800012588501,-271.140014648438,81.9899978637695,618.429992675781
346459.814516,604.8,0.000128067302284762,0.0805780090391636,0,-76.6246697559052,-15.5226244934523,1621.18595258122,54.6247110302023,-8.71028020601608,1606.74540541488,152.10090357224,118.12680862953,1397.20877419568,-184.372067099965,127.357100672474,1384.70033675579,-0.347499996423721,0.170200005173683,0.922100007534027,-260.450012207031,79.120002746582,591.510009765625
346459.8250958,607.8,0.000864327186718583,0.0807533379644156,0,-76.6052370178148,-15.5898908673177,1621.15193940538,54.7472562063697,-8.88284687258414,1606.72561012274,152.160569628048,118.069138893556,1397.2044428754,-184.320129465346,127.312367906422,1384.73654916323,-0.349599987268448,0.139200001955032,0.926500022411346,-274.670013427734,84.9300003051758,625.239990234375
346459.8356874,610.8,0.000542829977348447,0.0799379594624043,0,-76.4757238068872,-15.7207811893032,1621.09539540493,54.8105105790259,-9.05964115776951,1606.69599938008,152.242414206237,117.979393770306,1397.20882602695,-184.23405136759,127.289364362708,1384.75449046725,0,0,0,0,0,0
346459.8462202,613.8,0.000360669539077207,0.0802651256322861,0,-76.4810078583713,-15.8603082859963,1621.081124352,54.8091026308552,-9.15845610076219,1606.65640726225,152.356567580882,117.87856271998,1397.21440921294,-184.162299986627,127.275193799892,1384.7704874487,0,0,0,0,0,0
346459.8567294,616.8,0.000145099606015719,0.0808041378855705,0,-76.3333815461034,-15.9244076676502,1621.11042812828,54.8924681765927,-9.26237927507072,1606.63893954979,152.444009621009,117.798698601393,1397.21824790452,-184.081061828102,127.237261328639,1384.79964317091,0,0,0,0,0,0
346459.8672679,619.8,0.000290239520836622,0.0807874094694853,0,-76.2556732004355,-16.0590195100811,1621.07778382115,54.9783893985123,-9.35621077982073,1606.63188828462,152.537754728358,117.719321218283,1397.20974920677,-183.963033210622,127.178252164444,1384.820342711,0,0,0,0,0,0
346459.8778804,622.8,9.70154869719408e-05,0.0815068505704403,0,-76.1509479655963,-16.2213489999167,1621.0447358556,55.0529654287799,-9.4348153254465,1606.63357987521,152.588732209002,117.610880656467,1397.18558074881,-183.83722280027,127.127822170028,1384.83690897109,0,0,0,0,0,0
346459.8884599,625.8,0.000413585483329371,0.0811013918370009,0,-76.0304022893964,-16.3093718559704,1621.11022687573,55.1778293553493,-9.53237101382179,1606.66389810333,152.666362577253,117.512384802127,1397.20325484031,-183.743291803916,127.091712855355,1384.89326940858,0,0,0,0,0,0
346459.8990299,628.8,0.000530251010786742,0.080774100869894,0,-75.8793485040084,-16.4397196423038,1621.16761449186,55.2796318019949,-9.61045963789012,1606.69672525311,152.733045812718,117.402752181701,1397.18310409697,-183.695653361191,127.078275446676,1384.91479342847,0,0,0,0,0,0
346459.909565,631.8,-7.17554794391617e-05,0.0813460242003202,0,-75.7241622403254,-16.5837503006004,1621.15842389182,55.4319562415691,-9.75823165205809,1606.7303543371,152.810763363232,117.281938398873,1397.16964968695,-183.611642209911,127.018798757936,1384.92125316065,0,0,0,0,0,0
346459.9201699,634.8,0.00122435169760138,0.081690026819706,0,-75.6501617062564,-16.63430680028,1621.19508126957,55.487934366252,-9.82453539213092,1606.74865747621,152.871187224033,117.217654819199,1397.14426424971,-183.557600365132,126.969729784955,1384.94764956799,0,0,0,0,0,0
346459.9326851,637.8,0.00130409689154476,0.0810732714831829,0,-75.94924776841,-16.9249122889873,1621.12001115392,55.5798157069694,-9.95335163610279,1606.77369378397,152.993906829683,117.126577073894,1397.15814027144,-183.4812425751,126.899886481129,1384.98469437874,-0.356299996376038,0.163100004196167,0.920000016689301,-326.320007324219,105.849998474121,732.070007324219
346459.943533,640.8,3.89241395168938e-05,0.0808272160589695,0,-75.8498619562349,-16.9984299560815,1621.15293528771,55.6406905832931,-9.98731398096651,1606.80526434328,153.066740498334,117.095974795613,1397.1414911012,-183.413018030668,126.866944949327,1384.99691906477,-0.359899997711182,0.141200006008148,0.92220002412796,-287.850006103516,91.6999969482422,645.570007324219
346459.9540961,643.8,0.00087645766325295,0.0814212266355753,0,-75.764457375376,-17.0209994656571,1621.16629922865,55.7583676673195,-10.0813120529399,1606.84036878859,153.149175502511,117.058817318684,1397.13183698878,-183.332821151688,126.808774432352,1385.04663774511,0,0,0,-199.589996337891,56.6399993896484,447.480010986328
346459.9645933,646.8,0.000496682536322623,0.0817389752715826,0,-75.7276285413053,-17.0662709631839,1621.18671002746,55.8261622307472,-10.1525084570446,1606.85224490805,153.216909808788,117.011970994288,1397.12758019461,-183.274676360705,126.744456800419,1385.085378695,-0.345800012350082,0.129700005054474,0.929300010204315,-191.360000610352,52.9900016784668,426.640014648438
346459.9751131,649.8,0.00177030090708286,0.0814943335950375,0,-75.6933638287687,-17.0951096964144,1621.18537840657,55.9178340192515,-10.2212585170132,1606.90150835662,153.32080412904,116.975588538365,1397.12896772596,-183.203425007911,126.703559821224,1385.06316730287,0,0,0,-160.649993896484,39.6800003051758,353.829986572266
346459.9856207,652.8,0.00053653190843761,0.0817954823374748,0,-75.6183891884462,-17.1116690155882,1621.15354209942,55.9590898996111,-10.2645959097564,1606.89380288307,153.402095160537,116.976989118495,1397.12273856048,-183.147563640737,126.647547826164,1385.09699184169,-0.345400005578995,0.131600007414818,0.929199993610382,-191.949996948242,54.9300003051758,432.589996337891
346459.9961456,655.8,0.00112880731467158,0.0821203015744686,0,-75.5964024556568,-17.1368461970984,1621.18252599605,56.0379119545912,-10.2942282342744,1606.89679852372,153.442150469081,116.95276948094,1397.13229640299,-183.082878339662,126.636758941779,1385.06679020192,0,0,0,0,0,0
346460.0067042,658.8,0.000752934720367193,0.0818975292146206,0,-75.5643393206576,-17.1526555679197,1621.15117046584,56.0786999954655,-10.3303221810848,1606.86548753343,153.532296685293,116.944943453773,1397.1431140898,-183.050203138537,126.602705179617,1385.11383479911,0,0,0,0,0,0
346460.0173268,661.8,0.000811788137070835,0.0816166311502457,0,-75.4888881845006,-17.205331405799,1621.11362748693,56.2458827005519,-10.3612549267647,1606.81364309579,153.639901662386,116.961168791008,1397.14702883332,-182.823698104244,126.555676089062,1385.11923320051,0,0,0,0,0,0
346460.0279068,664.8,0.000581283937208354,0.081854610145092,0,-75.4223288481345,-17.2182929672654,1621.09625339097,56.3733592460382,-10.3798331757866,1606.77903704421,153.71127841349,116.951670010486,1397.16406838756,-182.773382960969,126.481657759081,1385.14861103611,0,0,0,0,0,0
346460.0384356,667.8,0.000686694111209363,0.0816900435835123,0,-75.4223691866815,-17.2294726508132,1621.1152096898,56.4096460471638,-10.3907386371007,1606.75582742357,153.707676143364,116.952563033895,1397.12385167176,-182.738200277331,126.460852769982,1385.16359992057,0,0,0,0,0,0
346460.0490701,670.8,0.000464847369585186,0.0818327408283949,0,-75.4190861285134,-17.2501019323881,1621.09710102143,56.4955711903768,-10.3799969961124,1606.73591546731,153.766345459825,116.967926142818,1397.14656997173,-182.695011329718,126.429888622377,1385.17344556081,0,0,0,0,0,0
346460.0595978,673.8,0.000810652214568108,0.0815220888704062,0,-74.8110293486856,-17.1185791142331,1621.14252387834,56.6284597906515,-10.3338190852354,1606.64872767081,153.933476544826,116.951513052656,1397.19272368334,-182.525246972739,126.374116182082,1385.18409463121,0,0,0,0,0,0
346460.0725877,676.8,0.00118362728971988,0.0819146245718002,0,-74.7390008504672,-17.144161760163,1621.13977142563,56.7612179691974,-10.296297988916,1606.69105243961,154.034001309886,116.959617969785,1397.1998947563,-182.405939711622,126.307652378811,1385.2037219972,-0.315100014209747,0.187900006771088,0.930299997329712,-284.940002441406,118.639999389648,731.869995117188
346460.0834923,679.8,0.000831149925943464,0.0817025493830442,0,-74.6577300165445,-17.1736889052229,1621.15036839193,56.8762791593022,-10.2871701763774,1606.68727028237,154.126159001605,116.967159110746,1397.21016190862,-182.367245798299,126.219765170049,1385.2606556819,-0.315699994564056,0.161799997091293,0.934899985790253,-273.690002441406,113.720001220703,702.760009765625
346460.0940572,682.8,-0.000508061784785241,0.0813696630299091,0,-74.5729204406637,-17.2174441868502,1621.16918867672,56.9956924911486,-10.3077689309393,1606.70265445613,154.199703253119,116.968209977037,1397.20859984508,-182.281828207095,126.176950522691,1385.3086673699,-0.312799990177155,0.183300003409386,0.931999981403351,-317.779998779297,135.399993896484,835.080017089844
346460.1046209,685.8,0.000430889136623591,0.0818546809256077,0,-74.4695682925779,-17.2510848501328,1621.19656872372,57.1155011751609,-10.2776380017283,1606.68311560265,154.303342929052,116.970388770668,1397.19436455302,-182.206295659354,126.149340540196,1385.3228450544,-0.303200006484985,0.161500006914139,0.939199984073639,-318.359985351562,133.539993286133,858.330017089844
346460.1151755,688.8,0.000505891221109778,0.0815327469259501,0,-74.391298514367,-17.2653356557996,1621.22874193647,57.2063620477989,-10.2608361680465,1606.663144233,154.386739110145,116.983148502712,1397.17212632273,-182.133935499357,126.097707350468,1385.33951662171,-0.308899998664856,0.176899999380112,0.934499979019165,-309.940002441406,127.48999786377,847.929992675781
346460.1257174,691.8,0.000689892447553575,0.081646541506052,0,-74.2797070275993,-17.2901559812562,1621.28816981169,57.3262463703402,-10.2743948499049,1606.62995239611,154.455132026126,116.963144425397,1397.14600369706,-182.072602994067,126.070681903031,1385.34053780051,-0.299100011587143,0.160400003194809,0.940599977970123,-343.420013427734,143.5,947.820007324219
346460.1362242,694.8,0.00106549705378711,0.0826080705970526,0,-74.1080395087665,-17.2966403810758,1621.3533243233,57.5410070603417,-10.2512581166949,1606.53563274526,154.500930776571,116.964840416655,1397.11351720669,-181.985191543277,126.024979062068,1385.34355859447,0,0,0,0,0,0
346460.1467657,697.8,0.000659082434140146,0.0822480417788029,0,-73.9440126092559,-17.3503845956054,1621.39613419231,57.6884876114954,-10.2264745984539,1606.52839102702,154.560058577495,116.975966737366,1397.0853495792,-181.915822806527,125.981136763243,1385.33178205382,0,0,0,0,0,0
346460.1573065,700.8,0.000403949874453247,0.0820318967103958,0,-73.8296961798621,-17.3513307962026,1621.42150146438,57.8459418158929,-10.2421647140248,1606.50017416748,154.662146487721,116.995139901923,1397.04065068096,-181.844725018677,125.923546822771,1385.34460319878,0,0,0,0,0,0
346460.1678227,703.8,0.00154316914267838,0.0813813921064138,0,-73.7163497811233,-17.3701836043452,1621.44563564726,57.992632144263,-10.2179164678089,1606.48984889577,154.758471698641,117.019491345173,1396.98842954636,-181.797852357691,125.879467016286,1385.33618421001,0,0,0,0,0,0
346460.1783498,706.8,0.000894981727469712,0.0815240949392319,0,-73.5702662336013,-17.3701295595397,1621.44809291074,58.1212633061698,-10.2427292101702,1606.45922094954,154.889979947495,117.057783127287,1396.97526545117,-181.741241537145,125.83185582729,1385.3301390553,0,0,0,0,0,0
346460.1889646,709.8,0.000325409724609926,0.081640761718154,0,-73.4193266050523,-17.4175932849728,1621.43973887037,58.2520993124821,-10.2460779710814,1606.44404650266,155.041171823645,117.114463947456,1396.95100297756,-181.65765822528,125.795066220242,1385.34074359347,0,0,0,0,0,0
346460.1995241,712.8,0.000247914373176172,0.0820517618209124,0,-73.2501552206628,-17.4070397597123,1621.39513052245,58.4540112180177,-10.2584111824428,1606.42066250476,155.17067410115,117.147512696455,1396.93528852547,-181.571451683089,125.758213012341,1385.3771665646,0,0,0,0,0,0
346460.2100312,715.8,0.000264178233919665,0.0818148463964462,0,-73.0578347942066,-17.4534264019738,1621.33119723508,58.6692191731806,-10.2138586682298,1606.36315765231,155.25159432967,117.171258889093,1396.92809980957,-181.494266853196,125.741752952624,1385.35960981691,0,0,0,0,0,0
346460.2205268,718.8,0.000244724040385336,0.0820759519934654,0,-72.8788794757423,-17.4560814252952,1621.29745954045,58.8605031710608,-10.1637404901476,1606.33030657325,155.309237310489,117.232672833356,1396.91385732385,-181.432613559209,125.735186955264,1385.35112384773,0,0,0,0,0,0
346460.2309513,721.8,0.00013833204866387,0.0817309770733118,0,-72.7243503480943,-17.4700258803133,1621.26790032547,59.0504767808428,-10.1407736836436,1606.31564704404,155.360965162211,117.292084145772,1396.92641322329,-181.361569913988,125.731491461579,1385.35298316162,0,0,0,0,0,0
346460.2414338,724.8,-0.000539684551768005,0.0810367561876774,0,-72.4362259894035,-17.498127614785,1621.26105750103,59.225213582901,-10.1292892265217,1606.31961087436,155.407313033644,117.363504485336,1396.90898082746,-181.29256592639,125.724483018958,1385.35558488976,0,0,0,0,0,0
346460.2526464,727.8,0.000118310214020312,0.0816048908978701,0,-72.231287235163,-17.4121765394947,1621.13191035954,59.3559541252988,-10.0555126746101,1606.29804004119,155.453735276215,117.489795058624,1396.89211582544,-181.220641232371,125.690486302972,1385.40708003116,-0.191200003027916,0.122900001704693,0.973800003528595,-129.119995117188,57.4500007629395,507.730010986328
346460.2632101,730.8,0.0011742333881557,0.0812859110534191,0,-72.0411848806744,-17.4089848750654,1621.12521067735,59.5013244507946,-9.99523962268173,1606.30332285066,155.522292048282,117.582177445396,1396.89411215752,-181.111240046765,125.696828845024,1385.42735098505,-0.19310000538826,0.124499998986721,0.973200023174286,-135.699996948242,62.8400001525879,540.400024414062
346460.2737545,733.8,-2.67449904640671e-05,0.0820509869605303,0,-71.96880791054,-17.37019863222,1621.03624495576,59.6164700018821,-9.92387963936573,1606.29817346969,155.611778569215,117.664421277956,1396.91022488843,-181.047679832296,125.707975867065,1385.4465002618,-0.1875,0.129399999976158,0.973699986934662,-141.029998779297,67.5699996948242,566.599975585938
346460.284311,736.8,0.000187969199032523,0.0816353209316731,0,-71.8898707946097,-17.3132267494757,1620.9789342396,59.7100022314335,-9.92389303755485,1606.35213499928,155.703415388923,117.799138855275,1396.93425504477,-180.90427907111,125.763939318624,1385.38470367542,-0.190999999642372,0.128499999642372,0.973100006580353,-141.449996948242,68.9599990844727,571.619995117188
346460.2949267,739.8,-4.76699060527608e-05,0.0822930451482534,0,-71.7516941564674,-17.3039648149391,1621.00449542357,59.7544612602057,-9.8939402693174,1606.33988781738,155.744568440699,117.890717629949,1396.91288154287,-180.817158431675,125.781103620063,1385.39503047233,-0.18299999833107,0.133100003004074,0.97409999370575,-144.039993286133,72.1999969482422,590.900024414062
346460.3060475,742.8,0.000220599613385275,0.0813190400600433,0,-71.7155853452504,-17.1943528107661,1620.98196355413,59.8643322274544,-9.78382415024576,1606.32972853388,155.857472450852,117.999116631696,1396.90853810583,-180.64806000384,125.85898113611,1385.27797003985,0,0,0,0,0,0
346460.3165446,745.8,0.000783916038926691,0.0803235288709402,0,-71.6401640778491,-17.0990694833943,1621.03061242147,59.9333973946366,-9.70805960542467,1606.37855403628,155.941669177694,118.078913797491,1396.90407665032,-180.56041371543,125.882899629042,1385.25984349837,0,0,0,0,0,0
346460.3270581,748.8,0.000228156641242094,0.0810970742255449,0,-71.5347602645358,-17.0026126813453,1621.13373624051,60.0547647684723,-9.6487853298889,1606.45284407283,156.061543885685,118.173561279135,1396.88185896484,-180.463588275475,125.906834205396,1385.24519081411,0,0,0,0,0,0
346460.3375801,751.8,0.000149772298755124,0.0814453609287739,0,-71.4948618068981,-16.8980211130922,1621.18471196346,60.0977658053756,-9.53715766887213,1606.44714715077,156.17780276015,118.245359295141,1396.85941922368,-180.382973573244,125.948946975126,1385.23431625688,0,0,0,0,0,0
346460.3481553,754.8,0.000601361854933202,0.0810703378170729,0,-71.4001605355581,-16.7912278838273,1621.27968528646,60.2007507013506,-9.38898587510566,1606.51941313699,156.319395745593,118.297015437984,1396.83499339269,-180.30280143286,125.979103215001,1385.19925849496,0,0,0,0,0,0
346460.3592891,757.8,0.000507482851389796,0.0819746408611536,0,-71.3689292383807,-16.6525878844057,1621.38240265094,60.3076652931032,-9.21067072598688,1606.60132493951,156.453434695808,118.352429585089,1396.81829412043,-180.139125202561,126.043781319864,1385.15107192415,0,0,0,0,0,0
346460.3697785,760.8,8.74034958542325e-06,0.0815811011940241,0,-71.3264354774471,-16.5918964634151,1621.41892475902,60.4665404003668,-9.15244033886215,1606.70144758168,156.567702370359,118.396396868161,1396.81823013382,-180.043472689373,126.069297824368,1385.11945420846,0,0,0,0,0,0
346460.3803375,763.8,0.000395007984479889,0.0812788683921099,0,-71.2447438235014,-16.5340679791039,1621.49219239073,60.543172187261,-9.10015979195626,1606.75633911476,156.643736807758,118.42936837176,1396.7855755321,-179.940487837816,126.096278596806,1385.14023505438,0,0,0,0,0,0
346460.3908884,766.8,0.00040266671567224,0.0814899321645498,0,-71.1708631346765,-16.5014039064204,1621.59792638368,60.6203044988433,-8.95108233457978,1606.8041931597,156.714150111924,118.444563627578,1396.76686536384,-179.861966157003,126.123934000014,1385.12808632251,0,0,0,0,0,0
346460.4014772,769.8,0.000170569604961202,0.0814371932297945,0,-71.0885335482861,-16.4420769689858,1621.67857654393,60.7526244211286,-8.87007192146807,1606.93728864138,156.75996594941,118.448717295883,1396.7687254145,-179.801520577592,126.119304771698,1385.15695895717,0,0,0,0,0,0
346460.4131147,772.8,0.000493698171339929,0.0804109483957291,0,-70.9351226899491,-16.3966329857549,1621.77467038495,60.9369605439696,-8.80830398588645,1607.0729624195,156.852153092932,118.440684224682,1396.74481658835,-179.694992039767,126.135364922095,1385.17175428646,-0.127700001001358,0.131899997591972,0.982999980449677,-107.690002441406,66.1600036621094,570.950012207031
346460.4237301,775.8,-0.000653908937238157,0.0802549984306097,0,-70.8050691724571,-16.322874230413,1621.75851523728,61.0303946583301,-8.6791304633204,1607.0704194361,156.931812919129,118.446903352569,1396.72286608434,-179.606112582112,126.137032539866,1385.18772866883,-0.130700007081032,0.126399993896484,0.983299970626831,-109.080001831055,66.8399963378906,585.650024414062
346460.4342594,778.8,-6.83601365381037e-06,0.0805410578846932,0,-70.62209953406,-16.2415452315731,1621.79905897215,61.2107268358738,-8.64620421353111,1607.13719533108,157.035958801326,118.45281525344,1396.74838379982,-179.543524532609,126.13132582338,1385.21813616267,-0.126599997282028,0.124799996614456,0.984099984169006,-105.580001831055,63.0400009155273,570.590026855469
346460.4447584,781.8,0.000301127671264112,0.0810708910226822,0,-70.4939355919667,-16.1809011940291,1621.78642324768,61.3010994229083,-8.57566694413197,1607.09730155883,157.121371909087,118.49814305238,1396.74483647713,-179.471786887201,126.158979152272,1385.2234283001,-0.131699994206429,0.12559999525547,0.983299970626831,-113.419998168945,71.8099975585938,622.419982910156
346460.4552848,784.8,-0.000496031658258289,0.0799506384879351,0,-70.2759614858278,-16.103666751707,1621.77850419355,61.3926925002214,-8.55731608190573,1607.09127245425,157.198930656774,118.519064454068,1396.73812334438,-179.387667010563,126.182085588436,1385.25098835523,-0.126399993896484,0.130500003695488,0.983299970626831,-115.540000915527,74.9199981689453,641.390014648438
346460.4658304,787.8,-0.000240440684137866,0.0807593412697315,0,-70.0432950475348,-16.0407047446499,1621.7621611218,61.5510771110029,-8.56138207301549,1607.12233362204,157.302407408494,118.553766831531,1396.7197038406,-179.178780454445,126.212939915516,1385.28300879759,0,0,0,0,0,0
346460.4763984,790.8,-0.00115723977796733,0.0814228676259518,0,-69.8662910485184,-16.0279606249518,1621.77998865012,61.705328072751,-8.52509926792864,1607.0666630223,157.471670449397,118.612797892627,1396.72098420363,-179.085865115096,126.271558654008,1385.27659993204,0,0,0,0,0,0
346460.4881849,793.8,-0.000710565771441907,0.0808729495853186,0,-69.6487736646336,-16.0016640957634,1621.77551964415,61.8739714196567,-8.47664165427876,1607.01386378184,157.64129778347,118.669323647392,1396.70412504892,-178.941277159564,126.302537967275,1385.26058764474,0,0,0,0,0,0
346460.4987497,796.8,-0.000739838986191899,0.0807051420211792,0,-69.5354467424774,-15.9780804907753,1621.73996299788,62.0190329418753,-8.49419469445479,1606.97385133749,157.825674721345,118.739568646658,1396.72485493289,-178.816882836899,126.340321021766,1385.23631359645,0,0,0,0,0,0
346460.5093345,799.8,-0.000679421180393547,0.0805718809366226,0,-69.378027719338,-15.9757488655152,1621.68554851582,62.2277725193981,-8.48015455082045,1606.87888167358,158.031581557627,118.791832506517,1396.64528650284,-178.611521324886,126.350553490229,1385.22991836353,0,0,0,0,0,0
346460.5198174,802.8,-0.000606353278271854,0.0807592518627644,0,-69.2789118171119,-15.954180565873,1621.60736750715,62.3578341707566,-8.46037002573186,1606.84923099482,158.177790554479,118.844525369233,1396.61754998144,-178.454776600274,126.372494096389,1385.24395324025,0,0,0,0,0,0
346460.5303232,805.8,-0.00091184803750366,0.080668293312192,0,-69.1332767839893,-15.9377748494218,1621.60129724092,62.4640098653871,-8.47194081926341,1606.81949928207,158.312008432806,118.89356853503,1396.58658080972,-178.292909671178,126.398731773266,1385.26185225195,0,0,0,0,0,0
346460.541287,808.8,-0.0008013597689569,0.0808093290776014,0,-69.032782273483,-15.9265867478262,1621.56487811387,62.5696476764994,-8.43027372778981,1606.7700321003,158.414062150727,118.94495837863,1396.53714050442,-178.152830361771,126.428855899632,1385.29989749276,0,0,0,0,0,0
346460.5518036,811.8,-0.00103804643731564,0.0799267686903477,0,-68.9233586429513,-15.9115456988448,1621.50471250297,62.6921489998304,-8.44446975593893,1606.71746820253,158.534049813242,118.984125633886,1396.48219254954,-177.973831571508,126.472360096198,1385.35809558605,0,0,0,0,0,0
346460.562362,814.8,-0.000919934420380741,0.0807395152747631,0,-68.7889649696499,-15.8912708577193,1621.48142463358,62.8424168717216,-8.40893761307419,1606.70814023584,158.629215809731,118.986446575123,1396.44415523292,-177.855847228188,126.49865403775,1385.40438618758,0,0,0,0,0,0
346460.5729106,817.8,-0.00207392429001629,0.0807810839265585,0,-68.6140840066126,-15.9196708640068,1621.42422402916,62.9913688786535,-8.38564671047675,1606.68837541735,158.792035299079,118.991863402085,1396.39626408758,-177.753874345817,126.495988756258,1385.45221010449,-0.105400003492832,0.132699996232986,0.985499978065491,-129.570007324219,111.470001220703,906.840026855469
346460.5834227,820.8,-0.000815732288174331,0.0799549914896488,0,-68.4993168049711,-15.8687528387021,1621.45948348276,63.1359241086249,-8.38987757676333,1606.68060494698,158.926346419228,119.011193567254,1396.40607777048,-177.678769576122,126.494306852422,1385.49894343443,-0.10639999806881,0.130199998617172,0.98580002784729,-134.75,118.019996643066,961.510009765625
346460.5942748,823.8,-0.00132399320136756,0.0804828818887472,0,-68.3761348239291,-15.8546309218639,1621.46321482251,63.2674244155157,-8.37462022678122,1606.67905347713,159.050122008195,119.019020883972,1396.4223805157,-177.591602151239,126.521311255965,1385.53239592095,-0.101499997079372,0.131699994206429,0.986100018024445,-128.720001220703,113.169998168945,931.049987792969
346460.6048005,826.8,-0.000535794533789158,0.0803955536335707,0,-68.2514100888288,-15.8213968951906,1621.48625057821,63.4036944312343,-8.39753840438211,1606.6408755594,159.204303036449,119.034815281835,1396.40712400832,-177.478202551415,126.585969483515,1385.51985163286,-0.102099999785423,0.128700003027916,0.986400008201599,-122.589996337891,108.150001525879,893.619995117188
346460.6153784,829.8,-0.000986574799753726,0.0811630677431822,0,-68.1080340200656,-15.7863103772683,1621.50540604975,63.5118486345054,-8.31774234909424,1606.59251900337,159.369078256643,119.071399160979,1396.40969783789,-177.319552107928,126.671400489626,1385.55399410837,-0.0993999987840652,0.131600007414818,0.986299991607666,-120.540000915527,107.709999084473,881
346460.6259156,832.8,-0.00121627736371011,0.0807376507669687,0,-67.881296259982,-15.7495348233451,1621.51249374992,63.7043129531895,-8.26736040999638,1606.55512559443,159.603425630595,119.157353064987,1396.43760107185,-177.133865055587,126.793694239345,1385.52394333516,0,0,0,0,0,0
346460.636577,835.8,-0.000857138133142143,0.0814024474471808,0,-67.7324201590709,-15.6894383651757,1621.50963566409,63.8381080293679,-8.22532364096132,1606.53782087942,159.716334535846,119.186792302869,1396.45276915823,-176.983856047846,126.856494704102,1385.49571800119,0,0,0,0,0,0
346460.6471051,838.8,-0.00196504546329379,0.0806478787213564,0,-67.5900599675686,-15.6507660449837,1621.50918558081,63.933961495798,-8.18304633766349,1606.53841085745,159.830880472961,119.220020292915,1396.44453583844,-176.821453362739,126.918000764202,1385.48846140219,0,0,0,0,0,0
346460.657636,841.8,-0.0014935095096007,0.0806399829685688,0,-67.4109637499003,-15.5799905484715,1621.5017996588,64.0402840885237,-8.11948307441252,1606.50270746253,159.964089668251,119.249351258648,1396.39831787736,-176.628532389146,126.998924669464,1385.47772367641,0,0,0,0,0,0
346460.668299,844.8,-0.00279411161318421,0.0810751900076866,0,-67.2433109150124,-15.5143284329203,1621.48272526328,64.2077355794305,-8.09630215807275,1606.50030426103,160.144337022654,119.244402311326,1396.37941448212,-176.444216722393,127.100180081307,1385.49207502359,0,0,0,0,0,0
346460.6789167,847.8,-0.00156832230277359,0.0811883065849543,0,-67.0596763701562,-15.4522954339607,1621.51906749289,64.3240595307239,-8.05579782889506,1606.49279208423,160.275713497537,119.285983245599,1396.32752324205,-176.311159411501,127.156191589734,1385.55281440981,0,0,0,0,0,0
346460.6931277,850.8,-0.00224362197332084,0.0817005265504122,0,-66.8294139140244,-15.3647371431366,1621.5603341826,64.5587769330731,-7.91193206924718,1606.56292286113,160.501312937191,119.357012996197,1396.30081602616,-176.178998365894,127.194736994051,1385.60996198443,-0.0778999999165535,0.135499998927116,0.98769998550415,-93.0800018310547,103.730003356934,813.309997558594
346460.703695,853.8,-0.00241680280305445,0.0814231675118208,0,-66.6951475741135,-15.3263147880402,1621.55223398138,64.6689979640642,-7.85839253623544,1606.61098850484,160.675296678226,119.426644688169,1396.32441014784,-176.111780271526,127.214111400232,1385.63610894346,-0.0772999972105026,0.139699995517731,0.987200021743774,-96.9400024414062,111.040000915527,849.109985351562
346460.71421,856.8,-0.00275688408873975,0.0824408236891031,0,-66.6320081551486,-15.2655867587569,1621.58560758508,64.769589522692,-7.75110336841008,1606.63989946165,160.81556890693,119.473111556951,1396.3548588933,-176.031434277354,127.246964859257,1385.67563328851,-0.0771000012755394,0.138300001621246,0.987399995326996,-96.25,111.809997558594,856.299987792969
346460.7247349,859.8,-0.00284552038647234,0.0812950696796179,0,-66.4966958945965,-15.1707912904443,1621.64203644516,64.9049001125393,-7.62043120995319,1606.69361899309,160.914256988433,119.535122155241,1396.35731370578,-175.875274683814,127.328643883988,1385.69748447826,-0.0744000002741814,0.13680000603199,0.987800002098083,-91.5999984741211,108.76000213623,839.820007324219
346460.7352471,862.8,-0.00272475508973002,0.0813215583562851,0,-66.387217822246,-15.1048424132775,1621.66351792441,65.0117975952517,-7.54503903818934,1606.70387483808,161.073408479193,119.63526782882,1396.38449722479,-175.690332956751,127.430537167378,1385.7319048879,-0.0698999986052513,0.140000000596046,0.98769998550415,-89.1500015258789,109.919998168945,837.340026855469
346460.7457847,865.8,-0.00325677637010813,0.0814574103802443,0,-66.2732459516946,-14.9525586346096,1621.69101666401,65.2280507491551,-7.4461681821001,1606.85063007695,161.194029199215,119.73722018835,1396.41027871425,-175.460465804644,127.570995111153,1385.83882822632,0,0,0,0,0,0
346460.7564472,868.8,-0.003226118395105,0.0812627676874399,0,-66.1354459013836,-14.8625884094156,1621.67250315538,65.3073893533367,-7.39792943307396,1606.87333434523,161.293682229739,119.818828187723,1396.44905839869,-175.279140942337,127.674499329535,1385.96512794065,0,0,0,0,0,0
346460.767125,871.8,-0.00385931716300547,0.082229670509696,0,-66.0339454257232,-14.7748575643284,1621.63544763447,65.4421124169771,-7.28772037146063,1606.87545593192,161.413619557966,119.930996790069,1396.46057940357,-175.12004576112,127.785826180229,1386.00729606247,0,0,0,0,0,0
346460.7777971,874.8,-0.00261687184683979,0.0817302413284779,0,-65.9009117612471,-14.680052709251,1621.60822818803,65.5970832658141,-7.17151670714853,1606.92763670302,161.497565911697,119.986662811464,1396.46101282334,-174.977927219198,127.866580864266,1386.02012371184,0,0,0,0,0,0
346460.7885,877.8,-0.00348000600934029,0.0811064321547747,0,-65.7896071247921,-14.5311084964741,1621.59998267712,65.7148895753757,-7.05067918340519,1606.95290969445,161.587064687371,120.079095707001,1396.48039957758,-174.837996449495,127.911386410357,1386.07521896745,0,0,0,0,0,0
346460.7991107,880.8,-0.00351008889265358,0.0807550348341465,0,-65.6685256289738,-14.3695780481517,1621.61196459385,65.8782995947545,-6.97888563930754,1607.01771057585,161.777105193441,120.244635650023,1396.50563621469,-174.628230188873,128.023355954708,1386.07595237008,0,0,0,0,0,0
346460.8124003,883.8,-0.00336342328228056,0.0797895736992359,0,-65.533176288831,-14.1761068757713,1621.66126403858,66.0508997467078,-6.88388687273772,1607.01322191018,161.991550417605,120.400969549471,1396.45809375841,-174.441949207379,128.097512063698,1386.06171200683,-0.0461999997496605,0.145999997854233,0.988200008869171,-70.7699966430664,118.830001831055,869.77001953125
346460.8229323,886.8,-0.00361973117105663,0.0802592415362597,0,-65.4717833864717,-14.0390220755614,1621.57506650988,66.1520403888086,-6.77009386121339,1607.01656729719,162.143369281503,120.505620164685,1396.39066737817,-174.323402818819,128.147880037027,1386.02052884538,-0.0483000017702579,0.142700001597404,0.988600015640259,-71.7200012207031,126.879997253418,926.419982910156
346460.8335193,889.8,-0.00375631055794656,0.0807933755218983,0,-65.3566611877422,-13.8273380677327,1621.52865078292,66.2456916205816,-6.65381210033921,1606.98025177107,162.315925671372,120.605595524069,1396.32285936143,-174.223223249049,128.178206685965,1386.01813816438,-0.0397999994456768,0.148300006985664,0.988099992275238,-70.3899993896484,132.470001220703,962.760009765625
346460.8440674,892.8,-0.00388289638794959,0.0804370403289795,0,-65.2375909117824,-13.6323227946503,1621.55361057025,66.3892981727704,-6.53711791668875,1606.94623044821,162.501454937624,120.744687312744,1396.29512519163,-174.085485190128,128.278285243764,1385.97099563678,-0.0401000007987022,0.147599995136261,0.988200008869171,-72.7300033569336,146.110000610352,1046.39001464844
346460.8546061,895.8,-0.00363359204493463,0.0803317096084356,0,-65.0552103321887,-13.4587465445122,1621.62838219406,66.5361069189494,-6.44884256308578,1606.9134593584,162.598916664528,120.855636572342,1396.24526560131,-173.946003657437,128.37121071414,1385.94650662027,-0.0351999998092651,0.150099992752075,0.987999975681305,-68.3099975585938,143.699996948242,1027.13000488281
346460.8651438,898.8,-0.00401886738836765,0.0804694466292858,0,-64.9202950483721,-13.2996669133258,1621.68265164668,66.6868776454403,-6.2796837023632,1606.91378521988,162.700184401841,120.942678454704,1396.21243270708,-173.81780716705,128.454159604621,1385.91970608965,-0.0324000008404255,0.149000003933907,0.988300025463104,-62.7000007629395,136.820007324219,979.390014648438
346460.875673,901.8,-0.00414799246937037,0.0805201012641192,0,-64.7006986827451,-13.1998162128861,1621.72286324858,66.7973038116131,-6.17921430159762,1606.90972395771,162.827685219921,121.01007583515,1396.17666534123,-173.695713068897,128.544623544711,1385.88684990637,-0.0278999991714954,0.148499995470047,0.988499999046326,-57.1300010681152,129.449996948242,936.369995117188
346460.8862414,904.8,-0.00381533312611282,0.0806684628129005,0,-64.525648798757,-13.1205393785249,1621.74004991967,66.9030611817605,-6.01059210984659,1606.92517398013,162.969476221648,121.135514693041,1396.10595264876,-173.577319906113,128.625075325857,1385.84537275555,0,0,0,0,0,0
346460.8968191,907.8,-0.004242611117661,0.0808576498180628,0,-64.3939379330748,-13.0396151051635,1621.79225401015,66.9934449277632,-5.88508711103018,1606.89707065174,163.04556140762,121.25030453103,1396.08180392996,-173.454275092205,128.683095132564,1385.847037608,0,0,0,0,0,0
346460.9073749,910.8,-0.00407177628949285,0.0810819737613201,0,-64.2071129655888,-12.9390303975299,1621.76861240833,67.1354587480827,-5.80632508833464,1606.93147400189,163.125295318582,121.368339916963,1396.0616030957,-173.318658058103,128.788800572424,1385.87289995649,0,0,0,0,0,0
346460.9179391,913.8,-0.00446328287944198,0.0810761194676161,0,-64.033926800863,-12.8118620890721,1621.77662170139,67.3183027290845,-5.61356947540003,1606.89963265025,163.232318021825,121.503523223209,1396.02773042108,-173.178209926197,128.911816870202,1385.88062660934,0,0,0,0,0,0
346460.9284654,916.8,-0.00423699384555221,0.0803396165370941,0,-63.8645006387893,-12.6731339436993,1621.8323450623,67.5339934823232,-5.39050964260855,1606.85716544304,163.315663793086,121.596490347968,1395.99560490059,-173.035186798396,129.00688476159,1385.91073045743,0,0,0,0,0,0
346460.9390004,919.8,-0.00439234729856253,0.0809529650956392,0,-63.7814870147223,-12.5402413917921,1621.85824375595,67.7667471251622,-5.20889484739973,1606.87936053529,163.466474194543,121.71400204556,1396.01335113747,-172.931600366507,129.131647475618,1385.89226342023,0,0,0,0,0,0
346460.949589,922.8,-0.00540974969044328,0.0799625426530838,0,-63.7278650514628,-12.3813087774539,1621.89978313608,68.0017055113127,-5.09613732433634,1606.87608914035,163.714066279326,121.974079186075,1396.05215530529,-172.822812734781,129.31895198012,1385.91581179893,0,0,0,0,0,0
346460.9600891,925.8,-0.00460449373349547,0.0806569926440716,0,-63.5718576328225,-12.2962380609987,1621.86799464567,68.1623683304416,-4.9539350962241,1606.86914275392,163.835943373882,122.153415780652,1396.03620833062,-172.739095455886,129.433125287593,1385.96825844353,0,0,0,0,0,0
346460.9706594,928.8,-0.00440213223919272,0.0805973190814257,0,-63.4205486022593,-12.21402503892,1621.84298765327,68.3065509876533,-4.80729781633562,1606.84641796321,163.922199207355,122.32262681341,1396.02233080074,-172.666155505587,129.57875898883,1385.97393734009,0,0,0,0,0,0
346460.9811786,931.8,-0.00481295026838779,0.0801394548267126,0,-63.2265987471006,-12.0979709910866,1621.77060009389,68.4554875389065,-4.67787190042223,1606.84905863663,163.982028179886,122.475383191492,1395.97677230519,-172.567364824738,129.757766345819,1385.97866968822,0,0,0,0,0,0
346460.9917688,934.8,-0.00485441135242581,0.0796663206070662,0,-63.0471207742558,-12.0016123631275,1621.74259037137,68.6121654978334,-4.52287722537539,1606.85492117119,164.009033770975,122.557028218187,1395.92579100982,-172.450474980046,129.897843156598,1386.03986036762,0,0,0,0,0,0
346461.0023251,937.8,-0.00473363511264324,0.080383949354291,0,-62.852047544684,-11.9039333558132,1621.79769220987,68.7316232844912,-4.35677933574418,1606.81022236393,164.062552995798,122.667948998777,1395.8808177499,-172.368285392082,129.985299371497,1386.08396153125,0,0,0,0,0,0
346461.0128188,940.8,-0.00517700333148241,0.079487519711256,0,-62.6841416674526,-11.7282129186143,1621.77881578412,68.8999031310755,-4.18793760500801,1606.78367503479,164.174739223677,122.851099041615,1395.86688442763,-172.287982405954,130.125188648446,1386.11987782559,0.0538000017404556,0.129399999976158,0.990100026130676,14.75,70.5800018310547,579.849975585938
346461.0233522,943.8,-0.00488779600709677,0.0802798721939325,0,-62.6101847300124,-11.6026498947122,1621.81423030377,69.0634005972177,-4.06960214525503,1606.7792884033,164.208324927534,123.007167102565,1395.8386348046,-172.227848924353,130.204070244764,1386.17888628369,0.0498000010848045,0.129700005054474,0.990299999713898,15.960000038147,72.129997253418,591.25
346461.0339037,946.8,-0.00501441024243832,0.0792505279183388,0,-62.4388674364432,-11.5101304248685,1621.88053893359,69.1976896180027,-3.93600462015717,1606.74994159151,164.284347306497,123.171148925646,1395.83400189103,-172.190187812035,130.337203724246,1386.16221385487,0.0564999990165234,0.12890000641346,0.990100026130676,18.0200004577637,74.1100006103516,609.630004882812
346461.0444666,949.8,-0.0046019833534956,0.0800300411880016,0,-62.4379389498588,-11.3814307316318,1621.85655581631,69.3377154998278,-3.77928388709187,1606.72023240363,164.340722142067,123.31653469264,1395.79104563872,-172.121332229834,130.447688785921,1386.16006168055,0.0562999993562698,0.12899999320507,0.990000009536743,21.4599990844727,79.9499969482422,653.590026855469
346461.0550503,952.8,-0.00472441874444485,0.0789568725973368,0,-62.3082984008673,-11.1950362826993,1621.88398490553,69.4421224645445,-3.66246442523621,1606.73702135704,164.440836481525,123.473165475019,1395.7754017067,-172.068584791495,130.558981017572,1386.15639382237,0.0610000006854534,0.130400002002716,0.989600002765656,25.0799999237061,87.5699996948242,706.02001953125
346461.0656285,955.8,-0.00482962327077985,0.0792632013559341,0,-62.2269705380664,-11.0207067725649,1621.89966423021,69.5366797952568,-3.52324678380782,1606.73683568274,164.543251699815,123.676204464034,1395.79399482935,-172.00220741173,130.65768824357,1386.15156173404,0.0604000017046928,0.13060000538826,0.989600002765656,27.8099994659424,92.5500030517578,741.390014648438
346461.0762265,958.8,-0.00462305918335915,0.0786910302937031,0,-62.1789472431042,-10.7766250792149,1621.87584597026,69.738977522528,-3.32714158618444,1606.73134905114,164.659158197275,123.968262401805,1395.78247073252,-171.915304524388,130.741780284122,1386.1806667263,0,0,0,0,0,0
346461.0867948,961.8,-0.00479822186753154,0.0786592107266188,0,-62.075301974674,-10.6327887565658,1621.91049762792,69.8068695299085,-3.15480100020241,1606.71885676188,164.711389326639,124.144466292717,1395.72545627905,-171.889014772013,130.773592332712,1386.19185218537,0,0,0,0,0,0
346461.0973207,964.8,-0.0045871022157371,0.0787697661668062,0,-62.021977554117,-10.5335989432379,1621.90501569961,69.8773711226355,-3.00928655057693,1606.71689209711,164.761815149501,124.272278331817,1395.70319847991,-171.85720327112,130.858365200029,1386.17186181336,0,0,0,0,0,0
346461.1078489,967.8,-0.00524177681654692,0.0786176104098558,0,-61.8939308065664,-10.4250250818506,1621.94197670563,69.9708368901424,-2.75737199213184,1606.71926030745,164.812657861389,124.383460995462,1395.68929320767,-171.802606686343,130.918988258178,1386.17159513578,0,0,0,0,0,0
346461.1186315,970.8,-0.00482691824436188,0.0790622405707836,0,-61.6896390586433,-10.3384612471451,1621.97303942953,70.0623961836098,-2.50873546540303,1606.72997365201,164.858230839021,124.510799098194,1395.69889815463,-171.723144245178,131.025971423689,1386.18887635145,0,0,0,0,0,0
346461.1323063,973.8,-0.00516996625810862,0.0782114122062922,0,-61.4484359081253,-10.1485879824443,1622.03858816713,70.1345978234096,-2.29564177280102,1606.79819340177,164.907735414471,124.759368893875,1395.69425095576,-171.632991600976,131.199249195774,1386.21753906988,0,0,0,0,0,0
346461.143111,976.8,-0.00496691605076194,0.0779885355383158,0,-61.2515020074081,-9.95986016035702,1622.10007826155,70.2600083932289,-2.13615706085715,1606.77831034438,164.952467359502,125.021787344026,1395.68105736566,-171.549190807138,131.396886446747,1386.24149225622,0.0592000000178814,0.132499992847443,0.989400029182434,33.4000015258789,108.220001220703,846.760009765625
346461.1536661,979.8,-0.00536704203113914,0.0779455848038197,0,-61.1122465202855,-9.86334426865576,1622.09529767501,70.4184942919962,-1.95987144271826,1606.80351074674,164.99670009184,125.218788886604,1395.68398734978,-171.513862260804,131.555068012315,1386.21684433766,0.0703999996185303,0.136199995875359,0.988200008869171,32.9099998474121,104.169998168945,823.619995117188
346461.1642133,982.8,-0.00519273011013865,0.0788440354168415,0,-61.019632661571,-9.73515382171693,1622.1273857838,70.5006286063805,-1.82380665491949,1606.82862861363,165.033354224357,125.400758908482,1395.67474311353,-171.500536899939,131.693922486936,1386.26190610434,0.0617999993264675,0.130199998617172,0.989600002765656,32.3800010681152,99.7600021362305,798.840026855469
346461.174783,985.8,-0.00506303831934929,0.0778988249599934,0,-60.9833753052801,-9.57456615359453,1622.10577287943,70.6139315787919,-1.75941587133366,1606.79096565676,165.081903659494,125.546633254439,1395.63794432976,-171.489129494109,131.859495617813,1386.23798195701,0.0731000006198883,0.13400000333786,0.988300025463104,33.5699996948242,98.6999969482422,793.450012207031
346461.1852829,988.8,-0.00480641750618815,0.0784561991691589,0,-60.9011816001965,-9.35824050241798,1622.1383968444,70.7458912528801,-1.58326918462615,1606.80528378449,165.109349420812,125.669263125959,1395.58156814138,-171.460178058764,132.025364665509,1386.18819227061,0.0663999989628792,0.131600007414818,0.989099979400635,37.2999992370605,104.580001831055,826.789978027344
346461.1959359,991.8,-0.00520614767447114,0.0773796387016773,0,-60.9069394322115,-9.12087905678037,1622.06327118958,70.9692411864002,-1.34386713567649,1606.83355162006,165.1815924021,125.870070765313,1395.5422142774,-171.415635977979,132.200773291634,1386.12950036865,0,0,0,0,0,0
346461.206526,994.8,-0.00491495290771127,0.0780372586101294,0,-60.8823199535845,-8.91209321362419,1621.95864099416,71.0454329934309,-1.13983759208888,1606.82399885701,165.299657692009,126.084961238835,1395.53637102257,-171.370238656193,132.298977820631,1386.13481349223,0,0,0,0,0,0
346461.2170819,997.8,-0.00492056459188461,0.0769077766686678,0,-60.8379476250839,-8.79508780158575,1621.92047444171,71.1211357103326,-0.997317311445311,1606.80994254417,165.391135948221,126.269260036162,1395.5135642806,-171.330127033628,132.372584022598,1386.11357368965,0,0,0,0,0,0
346461.2276069,1000.8,-0.00511853210628033,0.0768583588302136,0,-60.7292610546046,-8.69558093577378,1621.84624086895,71.1948202780581,-0.803200894753834,1606.77582265657,165.417662148618,126.414784541077,1395.46412054757,-171.312506747247,132.439084534183,1386.11413956904,0,0,0,0,0,0
346461.2381705,1003.8,-0.00466460455209017,0.0771005883812904,0,-60.6002023858012,-8.56992998807822,1621.8095429729,71.2220063751188,-0.654166400972138,1606.76313115821,165.46144368368,126.596241961235,1395.4686193522,-171.289415424941,132.528525802012,1386.11153819019,0,0,0,0,0,0
346461.2487306,1006.8,-0.00516885844990611,0.0766873065382242,0,-60.5587495094868,-8.44796244268533,1621.82781836059,71.2610577664694,-0.465434083203462,1606.74943996954,165.492572149208,126.757981461944,1395.49625649158,-171.269482966244,132.616380258762,1386.13199601674,0,0,0,0,0,0
346461.2593093,1009.8,-0.00517201656475663,0.0769505728036165,0,-60.4684279911855,-8.27886028083334,1621.81609116737,71.3005086543159,-0.255024643085848,1606.70214074994,165.508101583078,126.942790318926,1395.48609182334,-171.251193222688,132.768035326407,1386.15064131452,0,0,0,0,0,0
346461.2722303,1012.8,-0.0050101918168366,0.0764677602797747,0,-60.4588729138531,-8.19053061339952,1621.8282530748,71.3169572444032,-0.105112136222892,1606.65640986976,165.537850101892,127.124366046206,1395.48924689457,-171.211822159892,132.878006470954,1386.15411027315,0,0,0,0,0,0
346461.2829243,1015.8,-0.0049527152441442,0.0766686726361513,0,-60.4706440569314,-8.05993785994182,1621.85123946291,71.3596400985939,0.101428921867306,1606.63443703294,165.556025077981,127.309521462283,1395.48290550058,-171.13604327032,133.074681737652,1386.19714570625,0.0945999994874001,0.12780000269413,0.987299978733063,41.5,68.75,571.469970703125
346461.2934422,1018.8,-0.00479701580479741,0.0763197153806686,0,-60.52326135159,-7.97670407502187,1621.85526225671,71.3506183207961,0.215044451770845,1606.62952120808,165.57374133896,127.395473473273,1395.48905101391,-171.109874090051,133.242293890574,1386.17213921446,0.102399997413158,0.129299998283386,0.986299991607666,41.5999984741211,69.379997253418,572.349975585938
346461.3039213,1021.8,-0.00458166049793363,0.0753914903849363,0,-60.5749292878753,-7.88487540764138,1621.81193183636,71.3022826628504,0.373826351970293,1606.59639813204,165.586672980389,127.541062936482,1395.47964198698,-171.089439698316,133.414485785448,1386.1849665845,0.0964000001549721,0.128299996256828,0.986999988555908,49.0999984741211,80.6500015258789,660.809997558594
346461.3144465,1024.8,-0.00476874178275466,0.0756521675735712,0,-60.5699563349228,-7.8049287403198,1621.78613535554,71.278859518454,0.523983336123024,1606.60961521418,165.633323929101,127.692383707746,1395.48059741778,-171.085653736524,133.562107515981,1386.22137248462,0.093800000846386,0.131899997591972,0.986800014972687,52.6300010681152,95.7099990844727,762.700012207031
346461.3250444,1027.8,-0.00435746321454644,0.0755154065787792,0,-60.5988697402357,-7.69906705956327,1621.75867038705,71.2555317350078,0.675473787781881,1606.5886054693,165.651249470211,127.829707824857,1395.48617936628,-171.051585035436,133.721109226007,1386.23208214027,0.128299996256828,0.131099998950958,0.982999980449677,164.190002441406,175.470001220703,1354.07995605469
346461.3356056,1030.8,-0.00473343254998326,0.0760136045515537,0,-60.5728366175469,-7.62001461152637,1621.74397255241,71.2752587620393,0.800660618788304,1606.57427599975,165.68024773299,127.941301528246,1395.52187086568,-171.022560606167,133.845473464216,1386.22955264721,0.165500000119209,0.134900003671646,0.976899981498718,374.339996337891,302.890014648438,2368.38989257812
346461.3461011,1033.8,-0.00428325915709138,0.0757396224886179,0,-60.5164520058414,-7.3931262345365,1621.74126430587,71.3050177642635,0.983784508738926,1606.58289997849,165.686958029984,128.20418501242,1395.55146296164,-170.978305439977,134.046356319565,1386.19713965581,0,0,0,0,0,0
346461.3566491,1036.8,-0.00468989368528128,0.0758244603872299,0,-60.4657633548546,-7.2350287672025,1621.77905161427,71.3378031483297,1.09549802730349,1606.58161680619,165.702470419872,128.383361333987,1395.58517486948,-170.967127420844,134.210392622648,1386.12670781282,0,0,0,0,0,0
346461.3672218,1039.8,-0.00555666349828243,0.0756225738674402,0,-60.5244023838219,-7.06030581173247,1621.68832299226,71.3976937714361,1.22934148133609,1606.59621542542,165.685746681058,128.518695097855,1395.57135021851,-170.950380951327,134.361321771306,1386.09408042763,0,0,0,0,0,0
346461.3777623,1042.8,-0.00423341384157538,0.0750308934599161,0,-60.5346535275979,-6.95534935604657,1621.65966730946,71.3754007577748,1.41007404466892,1606.60385851668,-170.93257889059,134.465243591279,1386.10092640594,165.669522899852,128.66157280508,1395.53459505015,0,0,0,0,0,0
346461.3883372,1045.8,-0.00452786358073354,0.0751891996711493,0,-60.4818258979859,-6.83468994968565,1621.63730010942,71.4000248734211,1.51674948495163,1606.60134362519,165.664609367826,128.75749352847,1395.51548020513,-170.945694151303,134.556173608109,1386.09004773096,0,0,0,0,0,0
346461.3989202,1048.8,-0.00581648526713252,0.0762524254620075,0,-60.4525361841651,-6.74331927086584,1621.60100608615,71.3628746608687,1.6528487315177,1606.53404797188,165.642321896795,128.85861587029,1395.51051683214,-170.953835422575,134.669179928353,1386.06809342338,0,0,0,0,0,0
346461.4126628,1051.8,-0.00350388279184699,0.0759330749511719,0,-60.3476667463897,-6.59409056877849,1621.60327628989,71.4421680165788,1.85650630429918,1606.5495795193,165.644629614001,129.097498704665,1395.52088854064,-170.944703823124,134.786927336795,1386.12376110775,0.241200000047684,0.131699994206429,0.961499989032745,171.479995727539,92.4300003051758,713.409973144531
346461.42327,1054.8,-0.00523163471370935,0.0754975344985724,0,-60.2585667516839,-6.52414482364577,1621.63108347906,71.5238600398939,1.9428540160692,1606.50388007329,165.652935276464,129.227283770056,1395.55071852446,-170.949328325794,134.87525593366,1386.12743594325,0.247299998998642,0.131099998950958,0.959999978542328,176.529998779297,94.0400009155273,727.969970703125
346461.4338515,1057.8,-0.00469896756112576,0.0748656451702118,0,-60.1889145409263,-6.4716784953877,1621.61280050761,71.5438270379878,2.0313576158681,1606.47282698113,165.636646739538,129.370679363881,1395.59151846304,-170.935974947714,134.943909162341,1386.11643671434,0.245100006461143,0.12950000166893,0.960799992084503,171.410003662109,88.7399978637695,698.299987792969
346461.4443668,1060.8,-0.00458533829078078,0.0743760526180267,0,-60.1577200552063,-6.41114262881879,1621.52054277303,71.5687844745702,2.11970122723158,1606.43058476153,165.62081300016,129.502635463365,1395.59502001536,-170.947092039755,135.023068908313,1386.1133810855,0.251300007104874,0.127599999308586,0.959500014781952,178.520004272461,90.4700012207031,720.760009765625
346461.4549232,1063.8,-0.00557805504649878,0.074404226988554,0,-60.0539701388872,-6.35307750243668,1621.5336699693,71.62268319324,2.17924414229574,1606.47340233845,165.547290039843,129.63722525405,1395.59376886137,-170.942574813556,135.113547274776,1386.10509199229,0.250299990177155,0.1266999989748,0.959800004959106,187.679992675781,93.3300018310547,748.25
346461.4654424,1066.8,-0.00476908171549439,0.0754709992557764,0,-60.0200449751888,-6.31485905626276,1621.52600867578,71.6260031096811,2.25180432649256,1606.41075261888,165.496601708732,129.780453113365,1395.58122372991,-170.96735794763,135.215431304019,1386.13326149803,0.258399993181229,0.126499995589256,0.95770001411438,187.960006713867,91.9800033569336,739.419982910156
346461.4759821,1069.8,-0.00467119226232171,0.0749836269766092,0,-60.0060611706057,-6.25077125423483,1621.42389417314,71.6151703370459,2.35701902653394,1606.26378168653,165.471195460112,129.972194232263,1395.59230734801,-171.008794685931,135.355007407017,1386.17331523667,0,0,0,0,0,0
346461.4864902,1072.8,-0.00524022104218602,0.0747615121304989,0,-59.9621701942507,-6.18781281561229,1621.44784873412,71.7062594008647,2.45033787276734,1606.29112713904,165.499095761344,130.123976147911,1395.63334070511,-171.045361897333,135.430182655124,1386.18180394134,0,0,0,0,0,0
346461.4970206,1075.8,-0.00460236659273505,0.0746269714087248,0,-59.9128959860123,-6.17058493462784,1621.46141456307,71.7557984910671,2.56446004630663,1606.25247591194,165.512111732993,130.274366034,1395.67447785705,-171.089168085174,135.525427183538,1386.19715260904,0,0,0,0,0,0
346461.5075283,1078.8,-0.00562917487695813,0.0740771614015102,0,-59.8894538786959,-6.14192249503373,1621.4389412012,71.7871517524818,2.6498861331382,1606.17504514931,165.521267676707,130.354586942415,1395.68314409342,-171.147753934915,135.643073073664,1386.22473558072,0,0,0,0,0,0
346461.5179859,1081.8,-0.00504229636862874,0.0749212227761746,0,-59.8583639623056,-6.12983463504124,1621.44470927272,71.8302455438206,2.77388037775534,1606.16008299317,165.516693465958,130.437958960014,1395.71358478626,-171.181634090393,135.752535106399,1386.24120078577,0,0,0,0,0,0
346461.5284622,1084.8,-0.00465442379936576,0.075080780684948,0,-59.7980071052813,-6.09176300556776,1621.45814138406,71.8411922102026,2.86433270570184,1606.15540390752,165.489913977998,130.536574069738,1395.73340002162,-171.201248196306,135.872587215503,1386.2496747781,0,0,0,0,0,0
346461.5390223,1087.8,-0.00546598574146628,0.0750250224024057,0,-59.7929565399469,-6.04554424403341,1621.43515982017,71.8985852681903,2.92871984563175,1606.15662403104,165.473793843316,130.628860325113,1395.75440850565,-171.230852238054,136.000118434182,1386.2650836886,0,0,0,0,0,0
346461.5497461,1090.8,-0.00455671502277255,0.07479591332376,0,-59.768661288007,-5.96868734924685,1621.43029011358,71.9525354390655,3.00791225265951,1606.15613402737,165.454740422009,130.801656488506,1395.80933257355,-171.263319677499,136.206067531091,1386.25973713401,0,0,0,0,0,0
346461.5602139,1093.8,-0.00477751437574625,0.0742601532489061,0,-59.7846768364728,-5.912326473966,1621.39825378409,71.9842297237905,3.11892796828498,1606.16672862603,165.421971415639,130.996465385436,1395.85757245532,-171.331947349314,136.346647047068,1386.274856933,0,0,0,0,0,0
346461.570743,1096.8,-0.00521235866472125,0.0740224424749613,0,-59.7593069099995,-5.83732404379128,1621.45873542577,72.0162739142083,3.24629906711627,1606.15999475825,165.362482165852,131.204864755846,1395.8691480401,-171.403767167204,136.48394810555,1386.30859172544,0,0,0,0,0,0
346461.5812305,1099.8,-0.00474969623610377,0.0746274314820767,0,-59.7599115211781,-5.72925157506182,1621.49030435356,72.0281031067268,3.4983994253646,1606.0892592012,165.280163470986,131.401836486453,1395.85755888142,-171.441808112675,136.626184690932,1386.3356507091,0,0,0,0,0,0
346461.591767,1102.8,-0.0048003145493567,0.0740823693573475,0,-59.7153599163048,-5.5668407415888,1621.55433634853,72.0580572145911,3.68458014015896,1606.07790685071,165.236070480698,131.545567770104,1395.83328348677,-171.464383404152,136.745969431275,1386.3744914122,0,0,0,0,0,0
346461.6033707,1105.8,-0.00500178011134267,0.0746937844902277,0,-59.7673870337021,-5.30551822737728,1621.58006216336,72.0971700883427,3.8840078478293,1606.10778987961,165.207178732077,131.711678788724,1395.82377960319,-171.505928937973,136.853277420686,1386.39831359902,0.233400002121925,0.119800001382828,0.964999973773956,179,92.1500015258789,788.619995117188
346461.6139559,1108.8,-0.00469356589019299,0.0738999027758837,0,-59.8882003872388,-5.08572392318563,1621.49327669633,72.0500861753568,4.08722622994488,1606.08411563898,165.179104146594,131.884170703552,1395.81650598061,-171.542130100904,136.940186539752,1386.42607314945,0.241300001740456,0.121799997985363,0.962800025939941,188.740005493164,95.8899993896484,826.72998046875
346461.624576,1111.8,-0.00472095096483827,0.0737343955785036,0,-59.9438280060639,-4.8536307573377,1621.50495474378,72.020414784499,4.32289905316042,1606.1342450903,165.187524393231,131.977911455136,1395.8503554707,-171.574015429927,137.096968599677,1386.40131723999,0.238600000739098,0.119999997317791,0.963699996471405,187.759994506836,95.0500030517578,814.330017089844
346461.6351207,1114.8,-0.00459824642166495,0.0738521277904511,0,-60.0212016280789,-4.62806473755181,1621.4373819642,71.9732936889918,4.484230712938,1606.15483828361,165.181748520812,132.11920604968,1395.86322893221,-171.59964864663,137.223510536945,1386.39693866578,0.244800001382828,0.121500000357628,0.961899995803833,168.899993896484,84.4599990844727,721.27001953125
346461.6456918,1117.8,-0.00529437605291605,0.0748324770480394,0,-60.0643011109483,-4.44974154655771,1621.39218980041,71.9569991950874,4.71002124096326,1606.13538222898,165.147431446714,132.334846604512,1395.82755018739,-171.610294493663,137.374525594349,1386.37611186835,0.243300005793571,0.121699996292591,0.962300002574921,192.710006713867,96.9000015258789,814.289978027344
346461.6567165,1120.8,-0.00470898533239961,0.0739485271275044,0,-59.9996354456192,-4.2605488230431,1621.33246501751,71.8841835056237,5.03800331994778,1606.14722095359,165.114964025365,132.642163796245,1395.77249706941,-171.631119300456,137.646104421712,1386.31485950422,0,0,0,0,0,0
346461.6672843,1123.8,-0.00534748425707221,0.0732253011316061,0,-59.9065057363504,-4.08359011252261,1621.36439676697,71.8227974822036,5.34709978847524,1606.11244300887,165.114682142367,132.856455474856,1395.74835044417,-171.628551160801,137.891943301957,1386.29457153402,0,0,0,0,0,0
346461.6778368,1126.8,-0.00467408308759332,0.0742921311408281,0,-59.8241069768673,-3.93974846711632,1621.44080826457,71.7934020270245,5.53352644226498,1606.13788058336,165.090234996457,133.008763298243,1395.76641474029,-171.658117440655,138.069007918942,1386.26715967963,0,0,0,0,0,0
346461.6883583,1129.8,-0.00435378262773156,0.0741868209093809,0,-59.6987490199328,-3.76656405090849,1621.51120561631,71.7562236664882,5.78357838557704,1606.11127087115,165.033787380986,133.165859709234,1395.71729229211,-171.711175925088,138.316917203098,1386.23137678195,0,0,0,0,0,0
346461.6989746,1132.8,-0.00518593052402139,0.0740588665008545,0,-59.7610097771272,-3.51482135234594,1621.5049493942,71.7415517993002,6.01706375263039,1606.11521207438,164.962193715731,133.397103337143,1395.72717997785,-171.737814265246,138.481817812961,1386.17835080126,0,0,0,0,0,0
346461.7120699,1135.8,-0.00463285204023123,0.0731556884944439,0,-59.7675141742495,-3.10107590200424,1621.43928278469,71.7187092533251,6.28138041813452,1606.18643501848,164.894784542927,133.684950300044,1395.67212048377,-171.732189365492,138.665239455669,1386.13682297176,0,0,0,0,0,0
346461.7226198,1138.8,-0.00421591242775321,0.0737427979707718,0,-59.7778543805102,-2.6921758784242,1621.40693986966,71.7251000260556,6.54154130535581,1606.2199857146,164.82101058643,133.973988513463,1395.6704254599,-171.769036163737,138.868899774199,1386.10422960611,0.260300010442734,0.118199996650219,0.958299994468689,242.009994506836,109.319999694824,954.419982910156
346461.7332081,1141.8,-0.00411324156448245,0.0734201300889254,0,-59.8116340948163,-2.42969620747622,1621.39107265104,71.732004474928,6.77924374307235,1606.2391373638,164.768633684098,134.14206793033,1395.65473151193,-171.83837306493,139.046606937219,1386.10159699211,0.266000002622604,0.120899997651577,0.956399977207184,231.350006103516,103.860000610352,900.489990234375
346461.7437322,1144.8,-0.00394569616764784,0.073243260756135,0,-59.752443882256,-2.23791730197545,1621.46077251001,71.7616612460929,7.0009105216479,1606.30759524645,164.700762130922,134.359333415572,1395.66238290628,-171.889209637469,139.195862138518,1386.11423591381,0.267599999904633,0.119800001382828,0.956099987030029,220.020004272461,97.870002746582,845.070007324219
346461.7542281,1147.8,-0.00398107059299946,0.0732798207551241,0,-59.751872279019,-1.99949106057193,1621.47808188376,71.7816416290256,7.20145772994743,1606.3863478932,164.697198431925,134.591810445716,1395.68937705243,-171.909657762596,139.351695991926,1386.1239067265,0.270300000905991,0.120300002396107,0.955200016498566,214.589996337891,94.8099975585938,815.059997558594
346461.7647547,1150.8,-0.00331016047857702,0.0719959236681461,0,-59.791280742791,-1.80518001204936,1621.4802455306,71.7493288855888,7.40766960317497,1606.42374324894,164.686438241864,134.769008407494,1395.66902820488,-171.943648357435,139.546244721162,1386.13207465497,0.272899985313416,0.12049999833107,0.954500019550323,208.270004272461,91.2200012207031,780.150024414062
346461.7753082,1153.8,-0.00352983782067895,0.0735626298934221,0,-59.8196035772383,-1.67260962195755,1621.47149551432,71.7483959236964,7.70864193977182,1606.4724904103,164.67322123926,134.942412733603,1395.63688034699,-171.993806128215,139.769574229869,1386.12402937582,0.274300009012222,0.116999998688698,0.954500019550323,182.570007324219,74.6800003051758,656.72998046875
346461.7858825,1156.8,-0.00453815050423145,0.0723575804382563,0,-59.9417295089779,-1.51342879954991,1621.47228015025,71.7466078996082,8.09391466740691,1606.44601177366,164.673289398372,135.150713308546,1395.60076992114,-172.032667905303,140.019557159498,1386.07767095707,0,0,0,0,0,0
346461.7964088,1159.8,-0.00386489485390484,0.0725723378360272,0,-60.0466154865054,-1.32163644130698,1621.51965048245,71.6710208329534,8.35503032969729,1606.37165781225,164.719997617199,135.340271816568,1395.59249823657,-172.042136476435,140.195549580011,1386.03510689297,0,0,0,0,0,0
346461.8069417,1162.8,-0.00440978677943349,0.0719131924211979,0,-60.2017829409901,-1.10349215297654,1621.45977079868,71.6284956303459,8.56073524016401,1606.30290225878,164.725553653165,135.614982171294,1395.58875007432,-172.028543547083,140.303391180821,1386.03899203759,0,0,0,0,0,0
346461.817444,1165.8,-0.00389011600054801,0.0719017203897238,0,-60.2962619203368,-0.908013421830284,1621.4389362548,71.5956935714711,8.73644412171937,1606.28409997328,164.69070451576,135.954442995058,1395.57280132517,-172.033093055072,140.450573745542,1385.9733606247,0,0,0,0,0,0
346461.8279914,1168.8,-0.00381749821826816,0.0715842679142952,0,-60.3156696489937,-0.74465203768613,1621.44274011962,71.6096736037609,8.88308172847422,1606.23682592148,164.655677650249,136.191923177587,1395.53675158802,-172.013537659208,140.586088266272,1385.93477347407,0,0,0,0,0,0
346461.8392644,1171.8,-0.00382219231687486,0.0717156235128641,0,-60.3000412650907,-0.598473690163765,1621.45809402234,71.6499987912925,9.09742678760708,1606.20250804552,164.671119966131,136.329489498262,1395.54735340957,-172.025090735298,140.699898016752,1385.90933663434,0,0,0,0,0,0
346461.8501157,1174.8,-0.00439227325841784,0.0714028388261795,0,-60.3284261204721,-0.385518772176163,1621.43826163938,71.6624028413086,9.32547141377304,1606.17135050116,164.729950592281,136.510652862196,1395.57005318916,-172.063364392061,140.83987769558,1385.92587124381,0,0,0,0,0,0
346461.8606518,1177.8,-0.00385788851417601,0.0717852119356394,0,-60.297013248276,-0.244486463058486,1621.4005048875,71.6332137190262,9.54217752924604,1606.16456421069,164.730930153811,136.62524123906,1395.58317284455,-172.092503099336,140.963566033752,1385.95668224628,0,0,0,0,0,0
346461.8711959,1180.8,-0.00448188651353121,0.0722145367413759,0,-60.2678206970312,-0.0767754299275162,1621.3603058484,71.5739453475964,9.79183281424481,1606.16522129384,164.74910241781,136.709706224463,1395.5757535628,-172.109305403311,141.121061939512,1385.99664847889,0,0,0,0,0,0
346461.8816713,1183.8,-0.00362311932258308,0.0717119485139847,0,-60.2753996769934,0.120077459768156,1621.27165684188,71.5762515647501,9.98006712721456,1606.19080837919,164.757561771622,136.861231760615,1395.56318743069,-172.114144152914,141.359958411286,1385.97274191405,0,0,0,0,0,0
346461.8924512,1186.8,-0.00351724051870406,0.0713717326521874,0,-60.1825766515319,0.299320353495876,1621.24426610984,71.5839310687957,10.2067968036927,1606.17875420941,164.762456613821,137.042654943214,1395.55399165668,-172.132886379487,141.605815385492,1385.95044051254,0,0,0,0,0,0
346461.9031624,1189.8,-0.00378050003200769,0.0717133585363627,0,-60.1286749302922,0.641299073379187,1621.23971217089,71.7211704575932,10.4940091666952,1606.24393492752,164.749117438584,137.252139496694,1395.50300662221,-172.119153524339,141.923756201625,1385.91169700456,0.397000014781952,0.116800002753735,0.910399973392487,261.179992675781,69.5299987792969,634.780029296875
346461.9136602,1192.8,-0.00416931742802262,0.0702174570411444,0,-60.1811033765755,0.948322537861856,1621.10965849081,71.7270923537927,10.6318689798294,1606.26283621361,164.724396843633,137.3921260799,1395.45949128673,-172.136282580968,142.117204767985,1385.87440934212,0.390199989080429,0.110600002110004,0.914099991321564,263.950012207031,70.0100021362305,636.77001953125
346461.9241833,1195.8,-0.00404680706560612,0.0715967196971178,0,-60.048195954864,1.16311653162366,1621.18567070649,71.7169406757476,10.7592380883589,1606.2313221713,164.706934269829,137.535045342571,1395.43811164669,-172.155769283951,142.257074545717,1385.8407696252,0.399300009012222,0.11710000038147,0.909300029277802,273.980010986328,72.879997253418,659.619995117188
346461.9347751,1198.8,-0.00399477733299136,0.0713348560035229,0,-59.8546348075995,1.37108529519459,1621.26532997171,71.769247239616,10.9977535935273,1606.23694084269,164.656689839208,137.702441665492,1395.40104497359,-172.163792992257,142.381142793595,1385.87956794657,0.395399987697601,0.109499998390675,0.911899983882904,262.179992675781,67.5199966430664,626.140014648438
346461.9453344,1201.8,-0.00418695667758584,0.0715627990663052,0,-59.7007881851097,1.55066446730382,1621.32198037204,71.8529551566272,11.2094745784678,1606.24885095286,164.623958941593,137.898456005013,1395.3817702423,-172.160972958537,142.496239262636,1385.89973715784,0.408100008964539,0.112499997019768,0.906000018119812,197.669998168945,47.4099998474121,470.5
346461.9559337,1204.8,-0.00326734874397516,0.0708251245319843,0,-59.5137746533665,1.70464880627525,1621.36671324886,71.9973936210159,11.4707336365058,1606.27883792856,164.533102015108,138.145448962404,1395.30551408993,-172.16982247723,142.631231483986,1385.90623285538,0,0,0,0,0,0
346461.9665253,1207.8,-0.00376892974600196,0.0711314346641302,0,-59.4300115458311,1.80714693285178,1621.39607206959,72.0856478819942,11.6495225488851,1606.27077255412,164.519330886823,138.30454069218,1395.28329286658,-172.176581544946,142.73381994706,1385.91195360081,0,0,0,0,0,0
346461.9771176,1210.8,-0.00381191330961883,0.0705629050731659,0,-59.4382163504033,1.96911168156618,1621.50916862505,72.1416309372847,11.8692294783548,1606.24742472396,164.483773602024,138.49414002168,1395.24391948572,-172.1565071544,142.861657423769,1385.91711150528,0,0,0,0,0,0
346461.9876706,1213.8,-0.00486277835443616,0.0720797818154097,0,-59.3540036027538,2.13337223187091,1621.61431716023,72.112414167093,12.0742998661476,1606.26428946008,164.460950913454,138.672501007666,1395.22335122119,-172.144182744206,142.998965598637,1385.95002406652,0,0,0,0,0,0
346461.9982557,1216.8,-0.00400385959073901,0.0698448646813631,0,-59.3793434586366,2.35110864260055,1621.67956990416,72.1704293381168,12.2624547941376,1606.23721188284,164.46496084761,138.788180459456,1395.23585275823,-172.123226711718,143.147101217025,1385.97663934849,0,0,0,0,0,0
346462.0088031,1219.8,-0.00330105540342629,0.0707392640411854,0,-59.4165304577562,2.54912731670103,1621.73209353134,72.20733546131,12.4677093572569,1606.2135351447,164.47361236994,138.937540255653,1395.22921262622,-172.080827467636,143.27759016462,1385.98962028052,0,0,0,0,0,0
346462.0193684,1222.8,-0.00340312509797513,0.0707626421004534,0,-59.4531491303343,2.77671632950364,1621.79507599498,72.2064478555181,12.7424492684248,1606.2127223345,164.454984181281,139.183826428927,1395.24428071412,-172.078255392703,143.455051549355,1386.05076011859,0,0,0,0,0,0
346462.0318653,1225.8,-0.00398291600868106,0.0705195724964142,0,-59.5788485114548,2.9840083926707,1621.76954653358,72.2034680589527,12.8897689306887,1606.24569664826,164.497029738744,139.40608607467,1395.27876782613,-172.103883884637,143.643974329959,1386.02219458788,0,0,0,0,0,0
346462.0424028,1228.8,-0.00291563291102648,0.0705011323094368,0,-59.5937003631819,3.14012104810052,1621.83137701082,72.2259216857771,13.2087994502894,1606.28771606451,164.518907206188,139.638058496767,1395.30674413858,-172.126328206187,143.87108941427,1386.01217274422,0.367599993944168,0.118299998342991,0.922399997711182,271.350006103516,75.5,731.260009765625
346462.0533203,1231.8,-0.00360671151429415,0.0695736449211836,0,-59.6184137609068,3.2772336508963,1621.85042679684,72.2001434202576,13.4085420671611,1606.25493776629,164.569699489554,139.770093580265,1395.32424504422,-172.12521335846,144.038926635843,1385.98705327765,0.366299986839294,0.110299997031689,0.923900008201599,270.890014648438,75.2099990844727,724.010009765625
346462.063886,1234.8,-0.00359029043465853,0.0696159958839417,0,-59.5938736422809,3.44912509903207,1621.86570072091,72.238916509303,13.5180334762269,1606.26442356697,164.611840552056,139.873871722453,1395.33443642836,-172.115825723395,144.167404300655,1385.96977432459,0.372900009155273,0.11599999666214,0.92059999704361,255.059997558594,70.9599990844727,674.510009765625
346462.0744469,1237.8,-0.00349411508068442,0.0696964342147112,0,-59.5619397883849,3.61277716080663,1621.87082243433,72.2622730862438,13.6726587798853,1606.28810443519,164.644550591135,139.974394962027,1395.33715589681,-172.112595542176,144.290543177621,1385.98677020511,0.368800014257431,0.110299997031689,0.922999978065491,256.790008544922,71.9700012207031,675
346462.0849786,1240.8,-0.00360021530650556,0.070263259485364,0,-59.4966754832479,3.79479389251464,1621.90619556697,72.2686418962053,13.8376381842781,1606.26241694802,164.680117924531,140.118611023268,1395.30211587945,-172.114378780672,144.384245500282,1386.03110139858,0.374599993228912,0.116300001740456,0.919900000095367,253.220001220703,70.8899993896484,664.840026855469
346462.0954897,1243.8,-0.00396546022966504,0.0707012008875608,0,-59.4748250050763,4.01320346087141,1621.83842180159,72.3160317268939,14.0437631925726,1606.27155371038,164.694105827393,140.327462250311,1395.26251698429,-172.137601455275,144.48839548928,1385.99995855844,0.36939999461174,0.107600003480911,0.922999978065491,237.949996948242,64.5299987792969,624.859985351562
346462.1059886,1246.8,-0.00352174742147326,0.069970490783453,0,-59.338810388926,4.24001557945258,1621.83191209088,72.4110032984258,14.3676154121041,1606.25869185402,164.697339258837,140.566321560487,1395.21019929088,-172.167848307594,144.643088940598,1386.00481154747,0,0,0,0,0,0
346462.1165674,1249.8,-0.00411617569625378,0.0691108781844378,0,-59.2624316191347,4.38272669422604,1621.75122981783,72.4574150319457,14.5605844649893,1606.17512386273,164.720175603632,140.749814626142,1395.15859819295,-172.168678015866,144.748617636397,1386.00767899874,0,0,0,0,0,0
346462.1270992,1252.8,-0.00329734897240996,0.0700010307133198,0,-59.1926261794381,4.53770870869931,1621.68835923814,72.4909524292334,14.6906504585841,1606.18167861579,164.720968363869,140.891936143545,1395.11286659749,-172.143357137756,144.86835482333,1385.96790539359,0,0,0,0,0,0
346462.1377225,1255.8,-0.0029852008447051,0.0700437132269144,0,-59.1658117152298,4.73302698628298,1621.59888541586,72.5243637246529,14.8649788922407,1606.167717669,164.747030143087,141.022561189819,1395.09227302531,-172.119660751644,144.995241650585,1385.94265424494,0,0,0,0,0,0
346462.1483544,1258.8,-0.00290145771577954,0.0689084626734257,0,-59.1952906605085,4.89493388245438,1621.58619224302,72.5664672650792,14.9678406914021,1606.15308959895,164.750956355485,141.089586426298,1395.06001727551,-172.118286691667,145.122208458805,1385.94970849684,0,0,0,0,0,0
346462.1589739,1261.8,-0.00381698715500534,0.0694430697709322,0,-59.2645651534023,5.08277934384638,1621.56858627437,72.6230238563402,15.0863129705494,1606.15782605888,164.797116447237,141.167439789613,1395.05908085523,-172.096640577255,145.285001392694,1385.94918626374,0,0,0,0,0,0
346462.1720339,1264.8,-0.00276328390464187,0.0694242253899574,0,-59.2540830994337,5.30096177039061,1621.57123171954,72.6717069068021,15.2541926638412,1606.15396117885,164.832829345645,141.289182208272,1395.02845061117,-172.0798428861,145.482332035588,1385.95321873113,0,0,0,0,0,0
346462.1827332,1267.8,-0.00279567344114184,0.0696616604924202,0,-59.139882411114,5.48769142024131,1621.71338078058,72.776540613657,15.4310820327821,1606.16601048048,164.853472499144,141.407766264465,1395.02018412506,-172.082291651751,145.678614033311,1385.91181180503,0.380899995565414,0.115699999034405,0.917400002479553,226.330001831055,58.0299987792969,590.989990234375
346462.1933993,1270.8,-0.00333577021956444,0.0690094385296106,0,-59.0720631649025,5.62749512829447,1621.73494561355,72.8112957089415,15.5826515086835,1606.22114646,164.875572537621,141.489952033667,1395.02142746617,-172.060664446132,145.828457176354,1385.90179908585,0.380199998617172,0.114200003445148,0.917800009250641,233.559997558594,61.7999992370605,606.380004882812
346462.2040245,1273.8,-0.00370757048949599,0.0687874410301447,0,-58.961019879373,5.7557728386591,1621.75281490774,72.8718711881127,15.7175838336716,1606.26849160173,164.870519518996,141.581013100854,1394.9970953649,-172.047136950754,145.974578102457,1385.83186870976,0.381500005722046,0.116800002753735,0.916999995708466,235.460006713867,64.6100006103516,606.530029296875
346462.2146401,1276.8,-0.00319808931089938,0.069235060736537,0,-58.877118642147,5.8364494727392,1621.75381030097,72.8994088208309,15.916530245788,1606.33732312274,164.884709711728,141.655447145712,1394.95166213974,-172.021967401007,146.082369467749,1385.80007623651,0.381199985742569,0.115099996328354,0.91729998588562,237.970001220703,65.8399963378906,608.659973144531
346462.2252893,1279.8,-0.0033623983617872,0.0690777938812971,0,-58.7890389476827,5.91279561699375,1621.79941164635,72.9102309938118,16.1211862414395,1606.35600187326,164.893268486046,141.72655161645,1394.92424499012,-171.963272017696,146.202856282117,1385.79394989517,0.387199997901917,0.118400000035763,0.914399981498718,238.839996337891,65.8399963378906,602.679992675781
346462.2358915,1282.8,-0.00365535821765661,0.0698217362165451,0,-58.7172391550188,6.02630459839567,1621.83705938213,73.0108488370286,16.3164678398668,1606.35275288255,164.906305268447,141.828259378927,1394.84711217757,-171.907751261674,146.351810967125,1385.69837145651,0,0,0,0,0,0
346462.246455,1285.8,-0.00321562914177775,0.0688449688255787,0,-58.6891688573425,6.11198927932583,1621.85396327954,73.0305649842748,16.4205386656424,1606.3563364789,164.945151078923,141.900567339618,1394.82022905153,-171.880346792901,146.420207599027,1385.6738922405,0,0,0,0,0,0
346462.2569367,1288.8,-0.00304601574316621,0.0688097909092903,0,-58.656290532433,6.17590525506317,1621.88751587592,73.0575702716911,16.5434746622705,1606.35782272884,164.948876819995,142.001519081614,1394.79409108127,-171.845023814188,146.488675350578,1385.63291861074,0,0,0,0,0,0
346462.2674512,1291.8,-0.00350399315357208,0.0694128669798374,0,-58.5963137574201,6.26884868401637,1621.93147139506,73.1148825544129,16.6237427603592,1606.36598507099,164.984461843833,142.071124440786,1394.7754937509,-171.797180603507,146.567256866487,1385.62181389798,0,0,0,0,0,0
346462.2779756,1294.8,-0.00338644813746214,0.0700574558228254,0,-58.6103274125396,6.41577357441032,1621.94845077858,73.1654864654778,16.7059220774621,1606.37475669387,165.011415025305,142.156015054829,1394.76522728874,-171.745090355417,146.621543115643,1385.62027635011,0,0,0,0,0,0
346462.2885903,1297.8,-0.00297557935118675,0.0683430902659893,0,-58.6228286445933,6.57318329232184,1621.9893864667,73.1522696058429,16.7680759047225,1606.37558016074,165.013547832026,142.22977458419,1394.74038750464,-171.704775800959,146.695845685905,1385.60695221525,0,0,0,0,0,0
346462.2991587,1300.8,-0.00316361151635647,0.0681424386799336,0,-58.662334759906,6.74480095725536,1621.94635594932,73.1635942523324,16.8467467784533,1606.374765383,165.076763092383,142.355246715625,1394.7204137552,-171.668139421674,146.779936405579,1385.59127213768,0,0,0,0,0,0
346462.3118773,1303.8,-0.0032667932100594,0.0685182049870491,0,-58.6049344092628,6.87319409184742,1621.99677813062,73.2190873124739,16.8957087932771,1606.392054019,165.111009340152,142.474995417625,1394.67097119423,-171.633950369725,146.82721808761,1385.59334130983,0,0,0,0,0,0
346462.3224123,1306.8,-0.00328422640450299,0.0685020111501217,0,-58.5917089330957,7.01979354635431,1622.02165688894,73.2549530689075,16.9928586553647,1606.37487174846,165.193629763424,142.675888550223,1394.63171696573,-171.593444073048,146.884190497352,1385.57891103177,0.400799989700317,0.112099997699261,0.909300029277802,249.5,63.4900016784668,596.299987792969
346462.332974,1309.8,-0.0032452279701829,0.0683493413031101,0,-58.5848187844608,7.10155873111814,1622.00899264426,73.3143528169692,17.0752329488369,1606.38189437213,165.226373841007,142.796979765822,1394.59987503041,-171.576744972777,146.909240205159,1385.57860945273,0.395000010728836,0.109200000762939,0.912199974060059,274.399993896484,68.4499969482422,668.940002441406
346462.3434964,1312.8,-0.00369073403999209,0.0693007748574019,0,-58.5203396522351,7.21250967782596,1621.99026289933,73.3496629266689,17.1464002985742,1606.36929150995,165.245790239466,142.908464987144,1394.55350821933,-171.541993696368,146.958037863802,1385.57701539093,0.397799998521805,0.112300001084805,0.910600006580353,267.589996337891,66.6800003051758,651.200012207031
346462.3540655,1315.8,-0.00339533877559006,0.06860321611166,0,-58.3992737661678,7.23191187533534,1621.96546749906,73.4176516653365,17.2334088100656,1606.3774160524,165.273738595838,142.996284580497,1394.52352241153,-171.506803554418,146.988612451857,1385.5854533572,0.396100014448166,0.109200000762939,0.911700010299683,267.119995117188,67.3600006103516,645.690002441406
346462.3645981,1318.8,-0.00328028365038335,0.0683561213314533,0,-58.2958370971055,7.27530107437427,1621.94786776715,73.5026674006464,17.3066998867024,1606.39492273436,165.308943318246,143.068020530108,1394.47723822875,-171.468326127986,147.020826656754,1385.56355971964,0.400700002908707,0.112999998033047,0.909200012683868,263.450012207031,65.6600036621094,635.219970703125
346462.3751683,1321.8,-0.00327967619523406,0.0687299579381943,0,-58.1484526625246,7.28578802552474,1621.93396303282,73.6030957844541,17.3864737371386,1606.37305052183,165.350216225511,143.15365704843,1394.46152088736,-171.432614056499,147.054680039641,1385.56167703573,0.397599995136261,0.107900001108646,0.911199986934662,258.899993896484,63.8499984741211,623.700012207031
346462.3857278,1324.8,-0.00289134215563536,0.0687730874866247,0,-58.0522961399847,7.3186973703739,1621.88995606731,73.6987099088194,17.4945268116577,1606.35670881132,165.411367271727,143.238129451241,1394.44792416341,-171.411467990557,147.071235333382,1385.54635236549,0.402399986982346,0.112700000405312,0.908500015735626,257.089996337891,63.0999984741211,617.849975585938
346462.396571,1327.8,-0.00377550511620939,0.0681145697832108,0,-57.918178253456,7.36237581049387,1621.84531589537,73.8500619396084,17.603997103915,1606.35164932361,165.455557738227,143.319980410557,1394.45325442294,-171.359595019989,147.083887498379,1385.52698626987,0,0,0,0,0,0
346462.4071383,1330.8,-0.00404625106602907,0.067879556119442,0,-57.8113710922,7.39799729145352,1621.81294264038,73.8886627789391,17.7273281228157,1606.23580021376,165.512573566182,143.379048991072,1394.46376359227,-171.327710478723,147.103241215081,1385.50746481215,0,0,0,0,0,0
346462.4177345,1333.8,-0.00392501568421721,0.0681057929992676,0,-57.67809703454,7.38186036665706,1621.79165791193,74.0450639351179,17.8235782201682,1606.21957314823,165.551235110365,143.425128825242,1394.45223036451,-171.301881636084,147.132384960806,1385.48594647929,0,0,0,0,0,0
346462.4282966,1336.8,-0.00346145476214588,0.0678524471819401,0,-57.5813416701349,7.4455406683395,1621.80171834585,74.1649835486601,17.888205881286,1606.16817413151,165.62837070577,143.487246896493,1394.45596975008,-171.280998642238,147.125500281715,1385.49155429591,0,0,0,0,0,0
346462.4389078,1339.8,-0.00359608209691942,0.0677026867866516,0,-57.4828607338974,7.51235943330224,1621.74758218569,74.2628331650486,17.9879757278242,1606.13625300301,165.693757637207,143.541295227075,1394.44921547609,-171.244539060469,147.144499295227,1385.47866865697,0,0,0,0,0,0
346462.4519991,1342.8,-0.00401752348989248,0.0680386707186699,0,-57.3509795578731,7.57913617376781,1621.71708231059,74.3950313294501,18.1027542402867,1606.08313883566,165.737510928287,143.598683060819,1394.40024199896,-171.18536650707,147.15335948495,1385.44554203279,0,0,0,0,0,0
346462.4625074,1345.8,-0.00386640825308859,0.0677035510540009,0,-57.2548185676955,7.62881049669578,1621.71837869664,74.5427067522565,18.1654285582297,1606.08496628479,165.809599790457,143.66896998069,1394.35987233351,-171.127267830338,147.152123553782,1385.44939022234,0.411799997091293,0.116599999368191,0.903800010681152,251.520004272461,61.439998626709,589.130004882812
346462.4730325,1348.8,-0.0040411027148366,0.067902909964323,0,-57.1964929145331,7.669444633031,1621.70587389417,74.616276597544,18.18561188523,1606.08727575914,165.861105566041,143.720484435723,1394.32909891349,-171.067364554012,147.153492924747,1385.44148387119,0.406599998474121,0.11150000244379,0.906799972057343,258.109985351562,64.5999984741211,603.030029296875
346462.4836038,1351.8,-0.00361951999366283,0.0681104868650436,0,-57.1229355125368,7.71526617429533,1621.68574055164,74.6562461852361,18.2422485458046,1606.061050884,165.91332600618,143.777976582689,1394.2968327758,-171.012891301314,147.133299441432,1385.43726411105,0.410699993371964,0.121799997985363,0.903599977493286,273.790008544922,71.1900024414062,640.590026855469
346462.49419,1354.8,-0.0042432127520442,0.0678535871207714,0,-57.0499270178934,7.72891626875762,1621.66927016359,74.721108677818,18.3116799584006,1606.08588702978,165.944066570571,143.854437361165,1394.25652713773,-170.950731767874,147.131249356511,1385.43094561451,0.408199995756149,0.116899996995926,0.905399978160858,276.679992675781,71.9199981689453,646.239990234375
346462.5047118,1357.8,-0.00462855165824294,0.0664621539413929,0,-57.0004292402185,7.76562313039788,1621.66932290768,74.7656683172357,18.3249842652096,1606.06944485504,165.969107809915,143.92944861574,1394.24965773832,-170.865575310924,147.126576317373,1385.40770793217,0.411799997091293,0.122100003063679,0.90310001373291,278.859985351562,72.3499984741211,649.960021972656
346462.5152669,1360.8,-0.00422546733170748,0.0680272005498409,0,-56.9385075821104,7.79924918309094,1621.64856044078,74.8489050550842,18.3856532776233,1606.13831991274,165.988430480862,143.982132461364,1394.2222688743,-170.763051838429,147.119311092339,1385.40250133679,0.410199999809265,0.118100002408028,0.904299974441528,280.670013427734,73.2399978637695,651.690002441406
346462.5260133,1363.2,-0.00334441522136331,0.0674558863043785,0,-56.8712017854642,7.81129851719391,1621.65824178248,74.9233965898147,18.462281462291,1606.13640471748,166.056053826451,144.078791092079,1394.20023434958,-170.674046851269,147.124005676518,1385.40018383917,0,0,0,0,0,0
346462.5365301,1360.2,-0.00466618034988642,0.068094002455473,0,-56.838876826875,7.84782531002114,1621.65657264437,75.0161038272014,18.4965731377506,1606.17273215173,166.119656080135,144.168003399839,1394.18954751657,-170.602926246683,147.123155030448,1385.39303777241,0,0,0,0,0,0
346462.5470062,1357.2,-0.00403914973139763,0.0678576216101646,0,-56.7661453229163,7.86441326112064,1621.65307434865,75.0896145255748,18.5455738150209,1606.13708395213,166.189736001621,144.226662532474,1394.17710697543,-170.573969486115,147.129514260289,1385.37919792748,0,0,0,0,0,0
346462.557609,1354.2,-0.00510482164099813,0.0681610353291035,0,-56.6975617338226,7.90854538226903,1621.64217098048,75.2526709753052,18.5977187394542,1606.17452060369,166.257432330365,144.279697275592,1394.17880847099,-170.525616447785,147.122039630059,1385.37980036869,0,0,0,0,0,0
346462.5681499,1351.2,-0.00524144107475877,0.0669049941003323,0,-56.6407408872267,7.93142522763035,1621.64130802476,75.3715419214911,18.668619646458,1606.15355362361,166.323088143255,144.344759062499,1394.15309322337,-170.477540313416,147.110959603068,1385.37519775277,0,0,0,0,0,0
346462.5787029,1348.2,-0.00405878433957696,0.067975627630949,0,-56.566198669513,7.95217140312345,1621.62307891679,75.541188497735,18.7184459281646,1606.12518922511,166.379086626553,144.379538003964,1394.12400127207,-170.424617841519,147.092200044293,1385.36653035702,0,0,0,0,0,0
346462.5942029,1345.2,-0.00496605085209012,0.0672680906951428,0,-56.4049630875123,7.97761480068837,1621.63599883628,75.7878599691105,18.8370285880737,1606.07437905309,166.453350362451,144.446297686306,1394.09962037125,-170.359802099958,147.06086864036,1385.37147868766,0.433299988508224,0.119000002741814,0.893400013446808,231.929992675781,54.810001373291,509.029998779297
346462.6058334,1342.2,-0.00487563898786902,0.0680895954370499,0,-56.2267461242947,7.98769647585494,1621.68861061544,75.9427677368517,18.9230141696977,1606.08285710815,166.516649556479,144.475113181669,1394.08334077312,-170.315079611001,147.025715825335,1385.38515204896,0.452300012111664,0.130400002002716,0.882300019264221,222.429992675781,48.0299987792969,467.799987792969
346462.6165909,1339.2,-0.00449480395764112,0.067815987765789,0,-55.9969781205173,8.03717093640234,1621.70877393828,76.0801696025663,18.9947597938938,1606.04836814642,166.594649292148,144.496521782429,1394.05941123471,-170.193063220481,146.971314401732,1385.36658854553,0,0,0,0,0,0
346462.6271329,1336.2,-0.00502347201108932,0.0674113132059574,0,-55.91909283892,8.03792190876633,1621.75293235992,76.2324466048537,19.0207323264428,1606.1107110041,NaN,NaN,NaN,NaN,NaN,NaN,0,0,0,0,0,0
346462.6375902,1333.2,-0.00500934198498726,0.0674793817102909,0,-55.7790761761823,8.05661277321061,1621.78979552884,76.3510523862694,19.0568460915178,1606.12836309971,NaN,NaN,NaN,NaN,NaN,NaN,0,0,0,0,0,0
346462.6480944,1330.2,-0.00435626739636064,0.0666679948568344,0,0,0,0,0,0,0,NaN,NaN,NaN,NaN,NaN,NaN,0,0,0,0,0,0
346462.6587869,1327.2,-0.00467281742021441,0.0676414392888546,0,-55.4586495505178,8.080419239968,1621.89226453065,76.5705227942845,19.0920379920055,1606.17865325067,NaN,NaN,NaN,NaN,NaN,NaN,0,0,0,0,0,0
346462.6694189,1324.2,-0.00443786988034844,0.0671166315674782,0,-55.1701346002044,8.0298957157021,1622.00986056071,76.7063910339676,19.0999558721448,1606.18652326709,NaN,NaN,NaN,NaN,NaN,NaN,0,0,0,0,0,0
346462.6798369,1321.2,-0.00493215350434184,0.0679642096161842,0,-55.0355801678097,8.02277562373889,1622.02058041498,76.8596405882742,19.0843415527198,1606.20496728024,NaN,NaN,NaN,NaN,NaN,NaN,0,0,0,0,0,0
346462.6902923,1318.2,-0.00484881876036525,0.0680887646973133,0,-54.8234422213329,7.9519920163424,1622.12735482843,76.9831321183497,19.0682420365398,1606.21619225045,NaN,NaN,NaN,NaN,NaN,NaN,0,0,0,0,0,0
346462.700752,1315.2,-0.00547764217481017,0.0680598117411137,0,-54.6827473101669,7.92783276401152,1622.16943048304,77.0568485879548,19.0311851963945,1606.21973245017,NaN,NaN,NaN,NaN,NaN,NaN,0,0,0,0,0,0
346462.7118733,1312.2,-0.00575810391455889,0.0687480516731739,0,-54.5561238527162,7.87545218534158,1622.18077495606,77.1174319232694,18.9889040670364,1606.19235286965,NaN,NaN,NaN,NaN,NaN,NaN,0,0,0,0,0,0
346462.7223386,1309.2,-0.00525973970070481,0.0678793773055077,0,-54.4575416216642,7.78213662511278,1622.17259777256,77.2014916870273,18.9560846902216,1606.25330135599,NaN,NaN,NaN,NaN,NaN,NaN,0.44420000910759,0.133100003004074,0.885999977588654,297.170013427734,71.2900009155273,627.77001953125
346462.7328203,1306.2,-0.00611050333827734,0.0671125449240208,0,-54.4013797025312,7.70428370473066,1622.21403500895,77.2227026246942,18.9057736452176,1606.228577533,NaN,NaN,NaN,NaN,NaN,NaN,0.443899989128113,0.130700007081032,0.886500000953674,296.850006103516,70.2699966430664,627.549987792969
346462.7432627,1303.2,-0.0051233246922493,0.0682256951928139,0,-54.3441486609959,7.64106959056297,1622.2316083301,77.2633208881558,18.8504503815755,1606.25398463653,NaN,NaN,NaN,NaN,NaN,NaN,0.441599994897842,0.1317999958992,0.887499988079071,305.410003662109,73.6800003051758,649.330017089844
346462.7537753,1300.2,-0.00528991874307394,0.0680611789226532,0,-54.2894885620488,7.57878567754277,1622.22130621531,77.2759563882006,18.7896929044652,1606.25115607527,NaN,NaN,NaN,NaN,NaN,NaN,0.439599990844727,0.131500005722046,0.888499975204468,313.179992675781,77.1699981689453,668.419982910156
346462.764255,1297.2,-0.00620902003720403,0.0694643523544073,0,-54.2959446865611,7.48341719633164,1622.21402147258,77.2993259662824,18.7272922840062,1606.25239851648,NaN,NaN,NaN,NaN,NaN,NaN,0.438400000333786,0.130300000309944,0.889299988746643,319.75,79.3199996948242,684.940002441406
346462.7747325,1294.2,-0.00503090815618634,0.0682703875005245,0,0,0,0,0,0,0,NaN,NaN,NaN,NaN,NaN,NaN,0.437299996614456,0.128099992871284,0.890200018882751,322.410003662109,80.0800018310547,692.070007324219
346462.7852149,1291.2,-0.00545690860599279,0.0678506851196289,0,-54.191834946719,7.31909906533249,1622.2579590037,77.3323089530212,18.6399841991797,1606.25391095621,NaN,NaN,NaN,NaN,NaN,NaN,0.436300009489059,0.129299998283386,0.890500009059906,327.299987792969,81.9199981689453,704.619995117188
346462.7956215,1288.2,-0.00546108931303024,0.0685218781232834,0,-54.2188543522371,7.2388689198861,1622.2333896624,77.3413028991155,18.5977812906192,1606.24181569884,NaN,NaN,NaN,NaN,NaN,NaN,0.434500008821487,0.128800004720688,0.89139997959137,329.980010986328,82.8199996948242,713.27001953125
346462.8060989,1285.2,-0.00493681011721492,0.0689303133636713,0,-54.2327990794317,7.10194591078597,1622.22529352419,77.4519224443761,18.4404029460542,1606.30715250414,NaN,NaN,NaN,NaN,NaN,NaN,0,0,0,0,0,0
346462.8165501,1282.2,-0.00555417267605662,0.0686813838779926,0,-54.2399278691492,6.99691820228292,1622.19881407924,77.4894454783285,18.3600428248429,1606.29632305077,NaN,NaN,NaN,NaN,NaN,NaN,0,0,0,0,0,0
346462.8270003,1279.2,-0.00592655409127474,0.0693588875234127,0,-54.2478748029321,6.89218856886784,1622.19055541996,77.5490528368272,18.2310423998738,1606.31013634571,NaN,NaN,NaN,NaN,NaN,NaN,0,0,0,0,0,0
346462.8374921,1276.2,-0.00497313821688294,0.0682414457201958,0,-54.2909710494445,6.77153072090356,1622.16909515638,77.5595379994239,18.0943280220113,1606.32625375742,NaN,NaN,NaN,NaN,NaN,NaN,0,0,0,0,0,0
346462.8479386,1273.2,-0.00560574047267437,0.0685040190815926,0,-54.2160992972114,6.68176770721237,1622.18855402708,77.6434756864418,17.9727298475121,1606.33073896431,NaN,NaN,NaN,NaN,NaN,NaN,0,0,0,0,0,0
346462.8584091,1270.2,-0.00492169614881277,0.0682346992194653,0,0,0,0,0,0,0,NaN,NaN,NaN,NaN,NaN,NaN,0,0,0,0,0,0
346462.8716504,1267.2,-0.00542719196528196,0.0695110414177179,0,-54.093845432575,6.36828641312179,1622.30606400681,77.8045534378836,17.5682659263615,1606.40766135371,NaN,NaN,NaN,NaN,NaN,NaN,0,0,0,0,0,0
346462.882127,1264.2,-0.00662701996043324,0.0699504002928734,0,-53.9815484160901,6.23012473760336,1622.38268638766,77.8786136263579,17.4035678314002,1606.415989466,NaN,NaN,NaN,NaN,NaN,NaN,0,0,0,0,0,0
346462.8926647,1261.2,-0.00548487668856978,0.0698832221329212,0,-53.8871233341315,5.98604745877201,1622.4664107123,77.9864699335123,17.1864838378856,1606.45280634249,NaN,NaN,NaN,NaN,NaN,NaN,0.424699991941452,0.120800003409386,0.897199988365173,310.790008544922,80.8899993896484,686.299987792969
346462.9031045,1258.2,-0.00723061244934797,0.0706570319831371,0,-53.8341880779303,5.78514033213635,1622.48245983702,78.0591607605593,16.9723110302806,1606.51113413358,NaN,NaN,NaN,NaN,NaN,NaN,0.424100011587143,0.124300003051758,0.897000014781952,314.290008544922,81.5899963378906,700.619995117188
346462.9136276,1255.2,-0.0064714103937149,0.0695286173373461,0,-53.8190382642691,5.61041413384407,1622.44909744964,78.0561548191251,16.7450874297326,1606.50686451311,NaN,NaN,NaN,NaN,NaN,NaN,0.420100003480911,0.122599996626377,0.899200022220612,318.920013427734,82.7900009155273,718.77001953125
346462.9240749,1252.2,-0.00643681874498725,0.0697789382189512,0,-53.8095542450832,5.41124226406504,1622.43496431906,78.0264587191033,16.5818452867919,1606.52080128405,NaN,NaN,NaN,NaN,NaN,NaN,0.419400006532669,0.121799997985363,0.899600028991699,310.649993896484,79.1699981689453,703.630004882812
346462.9345697,1249.2,-0.00630366569384933,0.0703745096921921,0,-53.8314573190149,5.21985257618182,1622.39120987981,78.0117996594502,16.43679308626,1606.52343243387,NaN,NaN,NaN,NaN,NaN,NaN,0.41729998588562,0.120800003409386,0.900699973106384,302.5,75.9700012207031,690.919982910156
346462.9450345,1246.2,-0.00483668502420187,0.0709936194121838,0,-53.8478863909279,5.0729610164609,1622.29077603712,77.9606950506881,16.2873816699394,1606.53672640446,NaN,NaN,NaN,NaN,NaN,NaN,0.414200007915497,0.118100002408028,0.902499973773956,293.769989013672,73.7399978637695,676.940002441406
346462.9555086,1243.2,-0.00663937022909522,0.0702822770923376,0,-53.8808525789191,4.91058432500376,1622.23351023536,77.9296657175963,16.0867095763066,1606.53056504752,NaN,NaN,NaN,NaN,NaN,NaN,0.411700010299683,0.118500001728535,0.903599977493286,293.459991455078,73.6900024414062,682.320007324219
346462.9659652,1240.2,-0.00767848268151283,0.0706848077476025,0,-53.8841887875618,4.74821640029108,1622.18414772715,77.9560809161535,15.7804835342751,1606.53208401372,NaN,NaN,NaN,NaN,NaN,NaN,0,0,0,0,0,0
346462.976413,1237.2,-0.00623308913782239,0.0702525865286589,0,-53.8948600066811,4.58059572913502,1622.18012023916,77.940493364786,15.5992707350188,1606.48319542197,NaN,NaN,NaN,NaN,NaN,NaN,0,0,0,0,0,0
346462.9868019,1234.2,-0.00614563748240471,0.0707563184201717,0,-53.8124274135916,4.28391548924249,1622.21238832403,77.929846085543,15.4739944297773,1606.4602204652,NaN,NaN,NaN,NaN,NaN,NaN,0,0,0,0,0,0
346462.9972291,1231.2,-0.00705350749194622,0.0710758551955223,0,-53.8588878148437,4.04354080084399,1622.18419365015,77.9753367253483,15.3481384635565,1606.42239451671,NaN,NaN,NaN,NaN,NaN,NaN,0,0,0,0,0,0
346463.0076883,1228.2,-0.00675965333357453,0.0704222064465284,0,-53.8225095995805,3.79430349532722,1622.1506094128,78.0228371919079,14.9745748391278,1606.41115646566,NaN,NaN,NaN,NaN,NaN,NaN,0,0,0,0,0,0
346463.0181951,1225.2,-0.00654661888256669,0.0716516528278589,0,-53.8520361931135,3.53879807342005,1622.06933200083,77.9622017153056,14.6907970316805,1606.35407998274,NaN,NaN,NaN,NaN,NaN,NaN,0,0,0,0,0,0
346463.0315954,1222.2,-0.0068208803422749,0.0707596153020859,0,-53.8281854252717,3.32116335868419,1622.02988898068,77.8538016313431,14.3557416741805,1606.33251817159,NaN,NaN,NaN,NaN,NaN,NaN,0,0,0,0,0,0
346463.0422746,1219.2,-0.00667344080284238,0.0713467061519623,0,-53.8622767045717,3.16490741041868,1622.06947305103,77.895455433495,14.1177046647736,1606.37132390163,NaN,NaN,NaN,NaN,NaN,NaN,0,0,0,0,0,0
346463.052745,1216.2,-0.00611695274710655,0.0713905286043882,0,-53.99275754213,2.95543870018483,1622.10612649687,77.8181533270981,13.832195840667,1606.41240975525,NaN,NaN,NaN,NaN,NaN,NaN,0.383599996566772,0.108800001442432,0.917100012302399,235.050003051758,60.3199996948242,596.679992675781
346463.063194,1213.2,-0.00575714791193604,0.0702665023505688,0,0,0,0,0,0,0,NaN,NaN,NaN,NaN,NaN,NaN,0.383399993181229,0.11150000244379,0.916800022125244,232.699996948242,60.0900001525879,595.650024414062
346463.0736514,1210.2,-0.00588737614452839,0.0721236862242222,0,-54.290104335973,2.59526791823461,1622.15844270974,77.7166341945152,13.3885460503701,1606.45899784101,NaN,NaN,NaN,NaN,NaN,NaN,0.375200003385544,0.106600001454353,0.920799970626831,246.020004272461,63.0999984741211,642
346463.0841301,1207.2,-0.00630663009360433,0.0719806220382452,0,-54.3251513433539,2.41752362385279,1622.20013838119,77.6854240579719,13.1719206810791,1606.42400810429,NaN,NaN,NaN,NaN,NaN,NaN,0.376399993896484,0.10809999704361,0.920099973678589,236.190002441406,60.6199989318848,616.72998046875
346463.0946143,1204.2,-0.00590837746858597,0.0715099930763245,0,0,0,0,0,0,0,NaN,NaN,NaN,NaN,NaN,NaN,0.367900013923645,0.107799999415874,0.923600018024445,219.25,59.2799987792969,561.640014648438
346463.1050561,1201.2,-0.00523766968399286,0.0712294097989798,0,-54.4734591494599,1.93335517116877,1622.23756284807,77.5679241014181,12.6101016847248,1606.49165189072,NaN,NaN,NaN,NaN,NaN,NaN,0.373199999332428,0.119599997997284,0.920000016689301,253.020004272461,75.4000015258789,661.659973144531
346463.1155634,1198.2,-0.00672931503504515,0.0722637329250574,0,-54.5026896247335,1.68360506255903,1622.23818552939,77.4108099912601,12.3966762193085,1606.47396188387,NaN,NaN,NaN,NaN,NaN,NaN,0.361799985170364,0.109700001776218,0.925800025463104,241.470001220703,68.7300033569336,648.890014648438
346463.1260051,1195.2,-0.00621389038860798,0.0731668550521135,0,0,0,0,0,0,0,NaN,NaN,NaN,NaN,NaN,NaN,0,0,0,0,0,0
346463.1365093,1192.2,-0.00615920824930072,0.0714750144630671,0,-54.5909808632757,1.32275201443112,1622.19883563202,77.2425826556636,11.9118267202576,1606.46092672702,NaN,NaN,NaN,NaN,NaN,NaN,0,0,0,0,0,0
346463.146998,1189.2,-0.00631093885749578,0.0715843908488751,0,-54.6738194584136,1.17422877290248,1622.12831995476,77.132814385154,11.6948882708479,1606.4785930339,NaN,NaN,NaN,NaN,NaN,NaN,0,0,0,0,0,0
346463.1574781,1186.2,-0.00545245315879583,0.0718436691910029,0,-54.7606864332253,1.05120460859472,1622.08827449778,77.0355011639425,11.4363470601313,1606.4667382954,NaN,NaN,NaN,NaN,NaN,NaN,0,0,0,0,0,0
346463.1680267,1183.2,-0.005504768807441,0.0730818513780832,0,-54.850796276005,0.895765174649445,1622.03247218532,76.9359182682096,11.2211572045095,1606.43648421009,NaN,NaN,NaN,NaN,NaN,NaN,0,0,0,0,0,0
346463.1783958,1180.2,-0.0066361092031002,0.0729151241481304,0,-54.9255365266089,0.762679769274264,1622.06050214469,76.8415161864704,10.9105813302992,1606.47784727767,NaN,NaN,NaN,NaN,NaN,NaN,0,0,0,0,0,0
346463.1918686,1177.2,-0.00541272852569818,0.0736846387386322,0,-55.0057448508734,0.539298786639177,1622.04719358566,76.6931169950115,10.5221473263035,1606.53120937771,NaN,NaN,NaN,NaN,NaN,NaN,0,0,0,0,0,0
346463.202333,1174.2,-0.00647700158879161,0.0726532325148583,0,-55.119067109664,0.315939563747985,1622.07276821254,76.5348519082885,10.307519809658,1606.53700372656,NaN,NaN,NaN,NaN,NaN,NaN,0,0,0,0,0,0
346463.2127172,1171.2,-0.00590049009770155,0.0736808817833662,0,0,0,0,0,0,0,NaN,NaN,NaN,NaN,NaN,NaN,0.33050000667572,0.103799998760223,0.938099980354309,345.010009765625,104.559997558594,1010.59997558594
346463.2231367,1168.2,-0.00628541270270944,0.0735535457730293,0,-55.4149843072079,-0.411458213037841,1621.94738720356,76.3191136551989,9.62011088326152,1606.55632587795,NaN,NaN,NaN,NaN,NaN,NaN,0.33950001001358,0.105700001120567,0.934700012207031,288.700012207031,82.6900024414062,845.72998046875
346463.2335699,1165.2,-0.00660119857639074,0.0734993670135737,0,-55.4893460029026,-0.712165493363771,1621.96949068771,76.3370484046281,9.31670421678871,1606.64387399669,NaN,NaN,NaN,NaN,NaN,NaN,0.329899996519089,0.099200002849102,0.938799977302551,250.779998779297,71.3199996948242,747.070007324219
346463.2439489,1162.2,-0.00607399083673954,0.0741423893719912,0,-55.6164110568001,-0.97245795046701,1621.97497230409,76.3053587069602,9.07148389153708,1606.6682685929,NaN,NaN,NaN,NaN,NaN,NaN,0.336400002241135,0.105499997735023,0.935800015926361,236.880004882812,68.7200012207031,705.530029296875
346463.254329,1159.2,-0.00642641680315137,0.0736149031668901,0,-55.6569287618972,-1.2259076400101,1621.99175795468,76.307301026903,8.8428409687156,1606.75942064892,NaN,NaN,NaN,NaN,NaN,NaN,0.325399994850159,0.101000003516674,0.940199971199036,232.199996948242,67.9499969482422,693.140014648438
346463.264724,1156.2,-0.0061893998645246,0.0742611832916737,0,-55.6860481466903,-1.45774538180537,1621.92976588428,76.369531943094,8.46390344899208,1606.7420733919,NaN,NaN,NaN,NaN,NaN,NaN,0.330300003290176,0.104500003159046,0.938099980354309,242.630004882812,72.3499984741211,730.900024414062
346463.2751393,1153.2,-0.00678748451173306,0.0743920657783747,0,-55.7006053622558,-1.6612705987866,1621.87910282244,76.2816252212946,8.09037715163436,1606.70686009372,NaN,NaN,NaN,NaN,NaN,NaN,0.322100013494492,0.101199999451637,0.941299974918365,237.020004272461,70.5199966430664,716.619995117188
346463.2855743,1150.2,-0.00563414581120014,0.0752571564167738,0,-55.7583959149303,-1.89444407811058,1621.90404100482,76.2470274475634,7.75570884460212,1606.77845263829,NaN,NaN,NaN,NaN,NaN,NaN,0.325500011444092,0.10080000013113,0.940199971199036,221.360000610352,64.7399978637695,672.169982910156
346463.2959813,1147.2,-0.00674417661502957,0.0749398995190859,0,0,0,0,0,0,0,NaN,NaN,NaN,NaN,NaN,NaN,0,0,0,0,0,0
346463.3063658,1144.2,-0.00622791377827525,0.0750515799969435,0,-55.5041161735821,-2.58577001912602,1622.0375831727,76.1756631052676,7.19377978390773,1606.77396323525,NaN,NaN,NaN,NaN,NaN,NaN,0,0,0,0,0,0
346463.3168004,1141.2,-0.00621336186304688,0.0752302933484316,0,-55.4669077949094,-2.77480804716673,1622.0554971652,76.0960100640318,6.87172422278037,1606.74019972421,NaN,NaN,NaN,NaN,NaN,NaN,0,0,0,0,0,0
346463.3272087,1138.2,-0.00616033747792244,0.0751077927649021,0,-55.4937109426777,-3.08531527109559,1622.13045039069,76.0236011376368,6.60329837184143,1606.69190459816,NaN,NaN,NaN,NaN,NaN,NaN,0,0,0,0,0,0
346463.3376766,1135.2,-0.00724192103371024,0.0751985017210245,0,-55.6275188525776,-3.39731561458501,1622.20845511911,76.0042528624397,6.29433909495923,1606.7140956574,NaN,NaN,NaN,NaN,NaN,NaN,0,0,0,0,0,0
346463.3480971,1132.2,-0.00595963839441538,0.0748288597911596,0,-55.728001038271,-3.66156152945548,1622.28066408607,75.9575964946096,6.1203612215513,1606.68347718496,NaN,NaN,NaN,NaN,NaN,NaN,0,0,0,0,0,0
346463.3585641,1129.2,-0.00580305233597755,0.0757045209407806,0,-55.8453709996043,-3.95978336886626,1622.28300943746,75.971107805312,5.89089414486554,1606.7117109349,NaN,NaN,NaN,NaN,NaN,NaN,0,0,0,0,0,0
346463.3715058,1126.2,-0.00601890962570906,0.0756952095776796,0,-55.788770457847,-4.54619370517132,1622.33542192488,75.9000848096433,5.4259457137346,1606.62800983309,NaN,NaN,NaN,NaN,NaN,NaN,0,0,0,0,0,0
346463.3818851,1123.2,-0.00613398384302855,0.0756060931831598,0,-55.8260021944348,-4.8943364800479,1622.28755064099,75.9197443765969,5.10161033322557,1606.61696631077,NaN,NaN,NaN,NaN,NaN,NaN,0,0,0,0,0,0
346463.3923674,1120.2,-0.00583132449537516,0.0758275579661131,0,-55.9551361347744,-5.10515630455216,1622.11972816094,75.9020012195758,4.77546655331562,1606.58269067926,NaN,NaN,NaN,NaN,NaN,NaN,0,0,0,0,0,0
346463.4031861,1117.2,-0.00608188891783357,0.075407624617219,0,0,0,0,0,0,0,NaN,NaN,NaN,NaN,NaN,NaN,0.293000012636185,0.105899997055531,0.950200021266937,298.350006103516,104.819999694824,1018.98999023438
346463.4137352,1114.2,-0.00541684962809086,0.0744199384003878,0,-56.0107047254664,-5.5813850749847,1621.93819802049,75.8273614812008,3.96451690452524,1606.66248608575,NaN,NaN,NaN,NaN,NaN,NaN,0.287099987268448,0.105700001120567,0.952000021934509,260.059997558594,92.2399978637695,886.130004882812
346463.424252,1111.2,-0.00604054424911737,0.0752289783209562,0,-55.9418897178675,-5.98750285194945,1621.83433136163,75.7991968590165,3.64195336761701,1606.64609894565,NaN,NaN,NaN,NaN,NaN,NaN,0.294600009918213,0.108999997377396,0.949400007724762,215.869995117188,77.4499969482422,734
346463.4347906,1108.2,-0.00605941750109196,0.0753061309456825,0,-55.9435902211785,-6.35795242718959,1621.77631664609,75.8219756043668,3.30869276698383,1606.66299649003,NaN,NaN,NaN,NaN,NaN,NaN,0.285600006580353,0.108800001442432,0.952199995517731,211.380004882812,76.9100036621094,726.289978027344
346463.4452033,1105.2,-0.00608944287523627,0.0758050348609686,0,-55.9452788589107,-6.70001626882528,1621.72304143512,75.8694280724158,3.04694074891884,1606.66178624359,NaN,NaN,NaN,NaN,NaN,NaN,0.288399994373322,0.108999997377396,0.951300024986267,202.679992675781,74.2399978637695,704.469970703125
346463.4556191,1102.2,-0.00567756034433842,0.0764452055096626,0,-55.8957526773934,-6.88389448927402,1621.7062757282,75.8083121748886,2.81125081720771,1606.50514664831,NaN,NaN,NaN,NaN,NaN,NaN,0.281699985265732,0.107799999415874,0.953400015830994,210.259994506836,77.4899978637695,738.950012207031
346463.4660554,1099.2,-0.00555162271484733,0.0757501967251301,0,-55.8307892346919,-7.20899616189641,1621.65896294044,75.7740099743947,2.46517084413609,1606.44051369073,NaN,NaN,NaN,NaN,NaN,NaN,0,0,0,0,0,0
346463.4765319,1096.2,-0.00572161749005318,0.0758430551737547,0,-55.9217402774676,-7.47973016812104,1621.64855392263,75.7077752478239,2.08430601200358,1606.4123636748,NaN,NaN,NaN,NaN,NaN,NaN,0,0,0,0,0,0
346463.4870089,1093.2,-0.00587756559252739,0.0763173926621676,0,-56.1286072997575,-7.75946793760589,1621.60589534907,75.6933244909198,1.85384397845194,1606.362647403,NaN,NaN,NaN,NaN,NaN,NaN,0,0,0,0,0,0
346463.4975341,1090.2,-0.00565156387165189,0.0762633498758078,0,-56.2151439685861,-8.07604491421568,1621.65902051721,75.6490351990643,1.67618917198655,1606.2965609527,NaN,NaN,NaN,NaN,NaN,NaN,0,0,0,0,0,0
346463.5080178,1087.2,-0.00571827357634902,0.0755326081067324,0,-56.2127877416281,-8.46765092178279,1621.74454075271,75.5970812070349,1.41190602459015,1606.28085745776,NaN,NaN,NaN,NaN,NaN,NaN,0,0,0,0,0,0
346463.5184879,1084.2,-0.00568528566509485,0.0760348591953516,0,-56.2626523961182,-8.81600277100064,1621.79027416403,75.5679947108096,1.13598311222294,1606.2385372988,NaN,NaN,NaN,NaN,NaN,NaN,0,0,0,0,0,0
346463.5314931,1081.2,-0.00571173103526235,0.0765574838966131,0,0,0,0,0,0,0,NaN,NaN,NaN,NaN,NaN,NaN,0,0,0,0,0,0
346463.5419175,1078.2,-0.00583051284775138,0.0765956737101078,0,0,0,0,0,0,0,NaN,NaN,NaN,NaN,NaN,NaN,0,0,0,0,0,0
346463.5526124,1075.2,-0.00568611174821854,0.077210970595479,0,-56.2852681515262,-9.57090316497486,1621.71401569622,75.5655349038668,0.0280357372909735,1606.17223260062,NaN,NaN,NaN,NaN,NaN,NaN,0,0,0,0,0,0
346463.5633583,1072.2,-0.00590432062745094,0.0765280298888683,0,-56.1928411869535,-9.93276843873989,1621.77014543479,75.4856904727301,-0.337993473668431,1606.22748415756,NaN,NaN,NaN,NaN,NaN,NaN,0.0847000032663345,0.102099999785423,0.991199970245361,75.2200012207031,101.540000915527,1044.33996582031
346463.5738558,1069.2,-0.00590580701828003,0.0770957939326763,0,-56.1778339445902,-10.2997473468544,1621.78964704322,75.4400573287008,-0.747102417952596,1606.29433027598,NaN,NaN,NaN,NaN,NaN,NaN,0.0958999991416931,0.108300000429153,0.989499986171722,68.2900009155273,95.0599975585938,965.010009765625
346463.5844107,1066.2,-0.00569508969783783,0.0764309767633677,0,-56.1445338656958,-10.7536018815151,1621.77208113009,75.39310097405,-1.09393038308422,1606.34451789078,NaN,NaN,NaN,NaN,NaN,NaN,0.0821999981999397,0.104000002145767,0.991199970245361,63.6399993896484,90.9800033569336,924.559997558594
346463.5950481,1063.2,-0.00555070349946618,0.076587075740099,0,-56.3249943361687,-11.0405760395958,1621.66698354627,75.3200182528513,-1.39049577986081,1606.37324616088,NaN,NaN,NaN,NaN,NaN,NaN,0.0929000005125999,0.104000002145767,0.990199983119965,52.7200012207031,75.1699981689453,789.059997558594
346463.6055928,1060.2,-0.00574359530583024,0.0771608803421259,0,0,0,0,0,0,0,NaN,NaN,NaN,NaN,NaN,NaN,0.0746999979019165,0.102600000798702,0.991900026798248,53.3300018310547,79.6500015258789,836.900024414062
346463.6160868,1057.2,-0.00578861823305488,0.0767888896167278,0,-56.7807690912917,-11.5162960442679,1621.56616400233,75.1575798233809,-2.07434748395343,1606.49742621952,NaN,NaN,NaN,NaN,NaN,NaN,0,0,0,0,0,0
346463.6265555,1054.2,-0.00610358640551567,0.0767210762947798,0,-56.960458782508,-11.9310398120144,1621.57599328211,75.1185065404278,-2.39625712178104,1606.49327474154,NaN,NaN,NaN,NaN,NaN,NaN,0,0,0,0,0,0
346463.6370647,1051.2,-0.00635424396023154,0.076864418014884,0,-56.9692071359133,-12.4146541040831,1621.64665645995,74.9466441993332,-2.72681977136212,1606.44923558552,NaN,NaN,NaN,NaN,NaN,NaN,0,0,0,0,0,0
346463.6474957,1048.2,-0.00599764427170157,0.0779975283890963,0,-57.0042952034115,-12.8053239968162,1621.6961093581,74.8493382283696,-3.04642123585807,1606.45069402086,NaN,NaN,NaN,NaN,NaN,NaN,0,0,0,0,0,0
346463.6579507,1045.2,-0.00626321928575635,0.0774829540401697,0,-57.0149240182022,-13.1588482358338,1621.76553268667,74.871240472689,-3.34529199215746,1606.45178808516,NaN,NaN,NaN,NaN,NaN,NaN,0,0,0,0,0,0
346463.6714765,1042.2,-0.006108024623245,0.0781436398625374,0,-56.9612565491534,-13.5408732891892,1621.76720695477,74.6526224134668,-3.8464603594344,1606.43174795294,NaN,NaN,NaN,NaN,NaN,NaN,0,0,0,0,0,0
346463.6819467,1039.2,-0.00622903276234865,0.0781093746423721,0,-57.0058306514927,-13.8423089895449,1621.72737741712,74.648907730401,-4.27400841622868,1606.49528674784,NaN,NaN,NaN,NaN,NaN,NaN,0,0,0,0,0,0
346463.6924372,1036.2,-0.00693905539810658,0.0777517654001713,0,-57.1273827732608,-14.2135013847765,1621.83514284279,74.5794706969625,-4.60073313821185,1606.50417010658,NaN,NaN,NaN,NaN,NaN,NaN,0,0,0,0,0,0
346463.702869,1033.2,-0.0061326022259891,0.0788379762321711,0,-57.3037961325184,-14.838640157383,1621.87485452866,74.4272800982923,-5.14525026664778,1606.57744968759,NaN,NaN,NaN,NaN,NaN,NaN,0.0595000013709068,0.106299996376038,0.99260002374649,51.1199989318848,115.809997558594,1137.13000488281
346463.7133603,1030.2,-0.00721774669364095,0.0791148956865072,0,-57.6363093158571,-15.2747064174794,1621.81897836618,74.2493434897446,-5.61200577891856,1606.64168323657,NaN,NaN,NaN,NaN,NaN,NaN,0.0670000016689301,0.110600002110004,0.991599977016449,44.9199981689453,106.129997253418,1036.47998046875
346463.7238569,1027.2,-0.00588912237435579,0.0794858973473311,0,0,0,0,0,0,0,NaN,NaN,NaN,NaN,NaN,NaN,0.0571000017225742,0.107199996709824,0.99260002374649,42.0400009155273,102.76000213623,1006.30999755859
346463.7343034,1024.2,-0.00632773619145155,0.079875722900033,0,0,0,0,0,0,0,NaN,NaN,NaN,NaN,NaN,NaN,0.0641999989748001,0.110699996352196,0.991800010204315,39.7200012207031,102.349998474121,999.940002441406
346463.7448133,1021.2,-0.00539186922833323,0.0798026997596026,0,0,0,0,0,0,0,NaN,NaN,NaN,NaN,NaN,NaN,0.0527999997138977,0.106299996376038,0.992900013923645,35.0999984741211,92.3000030517578,918.960021972656
346463.7552745,1018.2,-0.006510972045362,0.0803706519305706,0,-58.0967417405646,-16.7891069241693,1621.70077217827,73.7389682315788,-7.32076208164728,1606.52010943682,NaN,NaN,NaN,NaN,NaN,NaN,0.0623999983072281,0.107299998402596,0.992299973964691,31.6000003814697,85.7200012207031,865.169982910156
346463.7657622,1015.2,-0.00541387870907784,0.0802186358720064,0,-58.358363247979,-17.3546303328048,1621.52865322558,73.4239575704571,-7.85060035677664,1606.47380696986,NaN,NaN,NaN,NaN,NaN,NaN,0,0,0,0,0,0
346463.7762166,1012.2,-0.00675820838660002,0.0802605342119932,0,-58.5172821503067,-17.6529745124806,1621.5046202295,73.2526765329418,-8.13895411010053,1606.4779058412,NaN,NaN,NaN,NaN,NaN,NaN,0,0,0,0,0,0
346463.7867,1009.2,-0.00604193611070514,0.0809689354151487,0,-58.8234797389122,-18.0539400971153,1621.48833312469,73.0920242950986,-8.67062459466017,1606.53183618394,NaN,NaN,NaN,NaN,NaN,NaN,0,0,0,0,0,0
346463.7971029,1006.2,-0.00550652155652642,0.0812475759536028,0,-58.9581603750809,-18.4744888122144,1621.54075029928,72.8902423992236,-9.10743036331841,1606.49336176259,NaN,NaN,NaN,NaN,NaN,NaN,0,0,0,0,0,0
346463.8075682,1003.2,-0.00554207898676395,0.0806872736662626,0,-58.90294961571,-19.0075373248999,1621.61267096826,72.7516144319643,-9.45910639290127,1606.54914048681,NaN,NaN,NaN,NaN,NaN,NaN,0,0,0,0,0,0
346463.8179484,1000.2,-0.00523007567971945,0.081372008100152,0,-59.0365933928616,-19.3796889671515,1621.65146148644,72.6331242945199,-9.86953687019014,1606.48686789352,NaN,NaN,NaN,NaN,NaN,NaN,0,0,0,0,0,0
346463.831332,997.2,-0.00676968926563859,0.0817545507103205,0,-59.3424056034641,-19.7618380343851,1621.49768198995,72.4237540405575,-10.4143132165526,1606.47276567377,NaN,NaN,NaN,NaN,NaN,NaN,0,0,0,0,0,0
346463.8417385,994.2,-0.0058779576793313,0.0820667654275894,0,-59.536834372739,-20.0321644793298,1621.4456872276,72.1948654894221,-10.9046461765496,1606.4908044189,NaN,NaN,NaN,NaN,NaN,NaN,0,0,0,0,0,0
346463.8522422,991.2,-0.0052881077863276,0.0823000766336918,0,-59.7925501207951,-20.5023105312256,1621.43573671749,71.9639349078984,-11.3222392870116,1606.53207422655,NaN,NaN,NaN,NaN,NaN,NaN,0,0,0,0,0,0
346463.8627294,988.2,-0.00531428819522262,0.0826868865638971,0,-60.0943237049435,-21.1789302243741,1621.39369172303,71.7832195297156,-11.8886494422184,1606.54291908376,NaN,NaN,NaN,NaN,NaN,NaN,0.116200000047684,0.122599996626377,0.985599994659424,114.76000213623,134.300003051758,1130.11999511719
346463.8731522,985.2,-0.00557655794546008,0.0826703295111656,0,-60.2562868119683,-21.5500179128794,1621.37874644537,71.7132578655499,-12.1847352213697,1606.54029045073,NaN,NaN,NaN,NaN,NaN,NaN,0.1216000020504,0.125300005078316,0.984600007534027,107.819999694824,126.099998474121,1070.44995117188
346463.883556,982.2,-0.00549684092402458,0.083286015689373,0,-60.3853911624997,-21.8024148102753,1621.35423842467,71.487686149964,-12.6219059783622,1606.51393317405,NaN,NaN,NaN,NaN,NaN,NaN,0.11259999871254,0.119199998676777,0.986500024795532,98.8099975585938,114.220001220703,990.809997558594
346463.8940398,979.2,-0.00551409181207418,0.0831256940960884,0,-60.5058718456847,-22.0353615258254,1621.39317011281,71.3641006705173,-12.9548914290713,1606.48466104114,NaN,NaN,NaN,NaN,NaN,NaN,0.11879999935627,0.125,0.985000014305115,105.349998474121,126.330001831055,1067.10998535156
346463.9044454,976.2,-0.0047290213406086,0.0835442136973143,0,-60.6639451124412,-22.3277530068163,1621.40032931351,71.1979808826446,-13.3777780726019,1606.44168852718,NaN,NaN,NaN,NaN,NaN,NaN,0.110200002789497,0.125300005078316,0.986000001430511,110.080001831055,137.720001220703,1126.60998535156
346463.914856,973.2,-0.0053471066057682,0.0838825967162848,0,-60.7901033744239,-22.6043197048014,1621.43887414276,70.9702197626632,-13.7945607612394,1606.44973760006,NaN,NaN,NaN,NaN,NaN,NaN,0.117200002074242,0.12780000269413,0.984799981117249,103.349998474121,129.259994506836,1066.05004882812
346463.9252807,970.2,-0.0050424593500793,0.0841534849256277,0,-60.8723854389391,-23.0133174357717,1621.50902608632,70.7476818867137,-14.0767372966879,1606.45724669797,NaN,NaN,NaN,NaN,NaN,NaN,0.109999999403954,0.123999997973442,0.986199975013733,94.4899978637695,118.730003356934,987.780029296875
346463.9357521,967.2,-0.00448949495330453,0.0839935675263405,0,-60.9343173710714,-23.4913459236194,1621.53773798703,70.5131836381781,-14.3759099710708,1606.52547428627,NaN,NaN,NaN,NaN,NaN,NaN,0.113600000739098,0.129299998283386,0.985099971294403,89.3899993896484,118.910003662109,963.789978027344
346463.9465148,964.2,-0.00493845529854298,0.0843866648152471,0,-61.4755257714379,-23.8342926146818,1621.34674270508,70.1944102961082,-14.8031185080379,1606.54582423596,NaN,NaN,NaN,NaN,NaN,NaN,0,0,0,0,0,0
346463.9569929,961.2,-0.00550258764997125,0.0857441503554583,0,-61.6599731506822,-24.0302326432374,1621.27074680694,70.032085480944,-15.1065614586317,1606.47454715972,NaN,NaN,NaN,NaN,NaN,NaN,0,0,0,0,0,0
346463.967393,958.2,-0.00421878462657332,0.0853120958432555,0,-61.8669465452419,-24.246040153938,1621.20412002294,69.9246451484943,-15.4387398611167,1606.47694660969,NaN,NaN,NaN,NaN,NaN,NaN,0,0,0,0,0,0
346463.9777782,955.2,-0.00427809031680226,0.0846413843333721,0,-62.0845583866387,-24.4953817961642,1621.11969187015,69.693961081943,-15.6913982484206,1606.45169941686,NaN,NaN,NaN,NaN,NaN,NaN,0,0,0,0,0,0
346463.991644,952.2,-0.00432506343349814,0.0849259834736586,0,-62.3531963519029,-24.9948049587982,1621.19926898131,69.4147773202859,-16.1330412861718,1606.50631736518,NaN,NaN,NaN,NaN,NaN,NaN,0,0,0,0,0,0
346464.0021238,949.2,-0.00418431591242552,0.085564086586237,0,-62.3729876308915,-25.3587289152844,1621.34851353738,69.2729577648955,-16.5010973146378,1606.49149511213,NaN,NaN,NaN,NaN,NaN,NaN,0,0,0,0,0,0
346464.012664,946.2,-0.00413731252774596,0.0858436295762658,0,-62.3941098862319,-25.7228215574971,1621.34217328228,69.0417061925879,-16.8499253730986,1606.43729488464,NaN,NaN,NaN,NaN,NaN,NaN,0.10080000013113,0.12389999628067,0.987200021743774,47.6599998474121,72.7900009155273,623.510009765625
346464.0231655,943.2,-0.00414098147302866,0.0852315904572606,0,-62.5960038612581,-25.959143772567,1621.4102067804,68.8786043303892,-17.1292843910455,1606.43710428472,NaN,NaN,NaN,NaN,NaN,NaN,0.0908999964594841,0.125400006771088,0.987900018692017,46,74.4800033569336,629.630004882812
346464.0336307,940.2,-0.00332760182209313,0.0858280578628182,0,-62.8626858198974,-26.2620018249699,1621.51008538992,68.7380929409201,-17.3538677547081,1606.49605409509,NaN,NaN,NaN,NaN,NaN,NaN,0.0945999994874001,0.125799998641014,0.987500011920929,43.25,73.25,617.119995117188
346464.0440595,937.2,-0.003305773017928,0.0864933574572206,0,-63.060920534434,-26.5874723598354,1621.41896455053,68.5535772338354,-17.7776860776669,1606.47320316852,NaN,NaN,NaN,NaN,NaN,NaN,0.0838000029325485,0.12890000641346,0.988099992275238,42.7599983215332,77.3000030517578,635.320007324219
346464.0545392,934.2,-0.00435391766950488,0.0876470724120736,0,-63.3062754751406,-26.8072631860109,1621.50410633256,68.3876732767125,-18.1533826435062,1606.46778253351,NaN,NaN,NaN,NaN,NaN,NaN,0.0892999991774559,0.1283999979496,0.98769998550415,41.6599998474121,78.4700012207031,644.570007324219
346464.0649566,931.2,-0.00238832854665816,0.0874936304986477,0,-63.4459003179734,-27.0909376478885,1621.56812063736,68.2192320889103,-18.4184037184105,1606.51297487992,NaN,NaN,NaN,NaN,NaN,NaN,0.0837000012397766,0.127599999308586,0.988300025463104,39.2999992370605,79.6999969482422,658.289978027344
346464.0754413,928.2,-0.00255138939246535,0.0867637259885669,0,-63.4623065216984,-27.3642803594288,1621.68500285444,68.061121490178,-18.6475916054287,1606.55859504942,NaN,NaN,NaN,NaN,NaN,NaN,0.0728000029921532,0.1283999979496,0.989000022411346,37.3699989318848,79.7799987792969,658.130004882812
346464.0860814,925.2,-0.00258978642523289,0.0870462641119957,0,-63.5371022961825,-27.7925109690688,1621.65033801664,67.7285989072042,-19.0264150926741,1606.60359781604,NaN,NaN,NaN,NaN,NaN,NaN,0,0,0,0,0,0
346464.0966708,922.2,-0.0018971199169755,0.0878446133807302,0,-63.8869701308742,-28.1252175752613,1621.58045061729,67.5772491018963,-19.2983143055527,1606.68489647425,NaN,NaN,NaN,NaN,NaN,NaN,0,0,0,0,0,0
346464.1071092,919.2,-0.00237189652398229,0.0875519359484315,0,-64.3076236143807,-28.4002079313227,1621.48671169445,67.3750069631372,-19.5538214014535,1606.66484188422,NaN,NaN,NaN,NaN,NaN,NaN,0,0,0,0,0,0
346464.1176,916.2,-0.00221059285104275,0.0876036504283547,0,-64.6815265523595,-28.6445585058041,1621.57248931655,67.1379215162703,-20.0162094738756,1606.68179354109,NaN,NaN,NaN,NaN,NaN,NaN,0,0,0,0,0,0
346464.1312777,913.2,-0.00206456892192364,0.0880999755114317,0,-65.1721024848914,-28.9525834605608,1621.53925767926,66.8012031216223,-20.3521589674415,1606.75022518473,NaN,NaN,NaN,NaN,NaN,NaN,0,0,0,0,0,0
346464.141708,910.2,-0.00151755101978779,0.0880664339289069,0,-65.3145683462754,-29.0802816387517,1621.52369992484,66.6008917936751,-20.5556354945647,1606.77482923716,NaN,NaN,NaN,NaN,NaN,NaN,0,0,0,0,0,0
346464.1521409,907.2,-0.00169374048709869,0.088953460007906,0,-65.4150454528995,-29.2743227732153,1621.53264163053,66.3527673323688,-20.8464714656184,1606.83944368685,NaN,NaN,NaN,NaN,NaN,NaN,0,0,0,0,0,0
346464.1626216,904.2,-0.0010364978807047,0.0882658040151,0,-65.5145722805687,-29.4282616291762,1621.52684386885,66.041256375599,-21.2028268940008,1606.79889628447,NaN,NaN,NaN,NaN,NaN,NaN,0.063000001013279,0.13230000436306,0.989199995994568,27.2600002288818,86.7799987792969,687.460021972656
346464.1730321,901.2,-0.00120212801266462,0.0888100838288665,0,-65.7617674990636,-29.6872741720146,1621.54213640652,65.8012776895739,-21.4334484588144,1606.81551695227,NaN,NaN,NaN,NaN,NaN,NaN,0.0584000013768673,0.13289999961853,0.989400029182434,27.0100002288818,86,679.330017089844
346464.1834815,898.2,-0.0010610653553158,0.0884344544261694,0,-66.0369222422052,-29.9888191706416,1621.53822642365,65.4890980005289,-21.6846681724332,1606.80510035498,NaN,NaN,NaN,NaN,NaN,NaN,0.063400000333786,0.13230000436306,0.989199995994568,26.1000003814697,83.2099990844727,660.349975585938
346464.1939602,895.2,-0.00158509658649564,0.0890678357332945,0,-66.3610114888892,-30.2520520269291,1621.47951395421,65.2782029378375,-21.9386477266116,1606.84315883065,NaN,NaN,NaN,NaN,NaN,NaN,0.0568999983370304,0.133000001311302,0.989499986171722,25.1800003051758,82.0299987792969,650.530029296875
346464.2043684,892.2,-0.00113117881119251,0.0888966893777251,0,-66.5785165713582,-30.5179697545734,1621.4833859068,65.0065012000141,-22.0314479819805,1606.8521026211,NaN,NaN,NaN,NaN,NaN,NaN,0.0614000000059605,0.133399993181229,0.989199995994568,23.8299999237061,81.370002746582,640.809997558594
346464.2148524,889.2,-0.00106622988823801,0.0881252236664295,0,-66.8877574539035,-30.7319823441246,1621.42944660848,64.7557875688816,-22.1689171771238,1606.88308320963,NaN,NaN,NaN,NaN,NaN,NaN,0.0529000014066696,0.135399997234344,0.989400029182434,22.6200008392334,79.7600021362305,624.929992675781
346464.2253361,886.2,-4.63234755443409e-05,0.0877857761457563,0,-67.1755994893681,-30.8204367477586,1621.37186404742,64.4242670074696,-22.3150311030923,1606.81556361313,NaN,NaN,NaN,NaN,NaN,NaN,0.0586000010371208,0.134200006723404,0.989199995994568,21.4500007629395,76.8600006103516,603.869995117188
346464.2358591,883.2,-0.000848025374580175,0.0884468466043472,0,0,0,0,0,0,0,NaN,NaN,NaN,NaN,NaN,NaN,0,0,0,0,0,0
346464.2462705,880.2,-0.000669560220558196,0.0889022996649146,0,0,0,0,0,0,0,NaN,NaN,NaN,NaN,NaN,NaN,0,0,0,0,0,0
346464.2567131,877.2,-0.000681127770803869,0.0885014202445746,0,-67.9709203942595,-31.0313048794651,1621.13899534799,63.6944557595741,-22.8455948919087,1606.54713944191,NaN,NaN,NaN,NaN,NaN,NaN,0,0,0,0,0,0
346464.2670827,874.2,-0.00166229228489101,0.0889629418030381,0,-68.1320523482763,-31.0692900640896,1621.1106408482,63.4350724479837,-22.914024801955,1606.48149284839,NaN,NaN,NaN,NaN,NaN,NaN,0,0,0,0,0,0
346464.2775051,871.2,-0.000978710362687707,0.0886207412928343,0,-68.2994636733674,-31.0954682775841,1621.09338369768,63.0995944029516,-23.0110412144061,1606.42180727797,NaN,NaN,NaN,NaN,NaN,NaN,0,0,0,0,0,0
346464.2917537,868.2,-0.00160560000222176,0.0881330477073789,0,0,0,0,0,0,0,NaN,NaN,NaN,NaN,NaN,NaN,0,0,0,0,0,0
346464.302402,865.2,-0.000918743491638452,0.0887561844661832,0,0,0,0,0,0,0,NaN,NaN,NaN,NaN,NaN,NaN,0,0,0,0,0,0
346464.3128182,862.2,-0.000442247895989567,0.0885998507961631,0,-69.213423040223,-31.3770333875869,1620.94821143811,62.2541431219212,-23.2697502658033,1606.29515474676,NaN,NaN,NaN,NaN,NaN,NaN,0.0219000000506639,0.144500002264977,0.989300012588501,6.51999998092651,125.980003356934,897.299987792969
346464.3232462,859.2,-0.000712633482180536,0.0885599659755826,0,-69.5550997144275,-31.4076606544238,1620.82572851354,62.0100945922127,-23.2774251511559,1606.33577824135,NaN,NaN,NaN,NaN,NaN,NaN,0.0299999993294477,0.144500002264977,0.989099979400635,4.46000003814697,120.559997558594,864.5
346464.3337209,856.2,0.000103515121736564,0.0891866957768798,0,-69.8623674935344,-31.4248952531511,1620.79599625199,61.724181110413,-23.3581950950469,1606.36466885908,NaN,NaN,NaN,NaN,NaN,NaN,0.0175999999046326,0.143399998545647,0.989499986171722,2.15000009536743,119.599998474121,861.25
346464.3441505,853.2,-0.000179883776581846,0.0888309491798282,0,-70.0736919712869,-31.3988992273979,1620.8124932615,61.4165950106389,-23.3610279967334,1606.32539686544,NaN,NaN,NaN,NaN,NaN,NaN,0.0263999998569489,0.144299998879433,0.989199995994568,0.889999985694885,120.919998168945,869.679992675781
346464.3547736,850.2,-0.000305990659398958,0.0884678162634373,0,-70.3841406282449,-31.3493214527063,1620.69041391141,61.2103895345562,-23.4011516626946,1606.22509508624,NaN,NaN,NaN,NaN,NaN,NaN,0.0168999992311001,0.143900007009506,0.989400029182434,1.11000001430511,122.23999786377,875.179992675781
346464.3652179,847.2,-0.00156182947102934,0.0885521763935685,0,-70.5715093135368,-31.2550538282653,1620.72135914575,61.1409346124327,-23.3438122352234,1606.23675781636,NaN,NaN,NaN,NaN,NaN,NaN,0.0258000008761883,0.145400002598763,0.989000022411346,1.66999995708466,126.930000305176,902.140014648438
346464.3756678,844.2,-0.000297229998977855,0.0887713333591819,0,0,0,0,0,0,0,NaN,NaN,NaN,NaN,NaN,NaN,0.0175999999046326,0.144999995827675,0.989300012588501,1.69000005722046,130.880004882812,925.940002441406
346464.3862146,841.2,-1.65073142852634e-05,0.0885196154937148,0,0,0,0,0,0,0,NaN,NaN,NaN,NaN,NaN,NaN,0,0,0,0,0,0
346464.3966451,838.2,0.000380178826162592,0.0878436960279942,0,0,0,0,0,0,0,NaN,NaN,NaN,NaN,NaN,NaN,0,0,0,0,0,0
346464.4070185,835.2,-2.86799877358135e-06,0.0882759675383568,0,0,0,0,0,0,0,NaN,NaN,NaN,NaN,NaN,NaN,0,0,0,0,0,0
346464.4174691,832.2,0.000479110924061388,0.0885261934250593,0,0,0,0,0,0,0,NaN,NaN,NaN,NaN,NaN,NaN,0,0,0,0,0,0
346464.4318535,829.2,3.75949707631662e-06,0.088132513128221,0,0,0,0,0,0,0,NaN,NaN,NaN,NaN,NaN,NaN,0,0,0,0,0,0
346464.4423352,826.2,0.000446835649199784,0.0876466672867537,0,0,0,0,0,0,0,NaN,NaN,NaN,NaN,NaN,NaN,0,0,0,0,0,0
346464.4528101,823.2,0.00036236722371541,0.0878622423857451,0,0,0,0,0,0,0,NaN,NaN,NaN,NaN,NaN,NaN,0.00920000020414591,0.143399998545647,0.989600002765656,-5.44000005722046,106.559997558594,772.950012207031
346464.4631889,820.2,0.00186057039536536,0.0877914357930422,0,0,0,0,0,0,0,NaN,NaN,NaN,NaN,NaN,NaN,0.0136000001803041,0.142100006341934,0.989799976348877,-8.31999969482422,114.779998779297,834.760009765625
346464.4735997,817.2,0.000904199026990682,0.0872238012030721,0,0,0,0,0,0,0,NaN,NaN,NaN,NaN,NaN,NaN,0.00430000014603138,0.14190000295639,0.98989999294281,-11.3100004196167,125.419998168945,909.289978027344
346464.4840084,814.2,0.000605359266046435,0.0873185567557812,0,0,0,0,0,0,0,NaN,NaN,NaN,NaN,NaN,NaN,0.0071000000461936,0.142000004649162,0.989799976348877,-14.6599998474121,132.570007324219,962.450012207031
346464.494458,811.2,0.000626018038019538,0.0870155854150653,0,-73.3623886906273,-30.5113734008742,1620.99468315171,58.1127991204029,-22.8740413688493,1606.62135218961,NaN,NaN,NaN,NaN,NaN,NaN,0,0,0,0,0,0
346464.504941,808.2,0.00077316106762737,0.0869821285828948,0,-73.5073341063863,-30.4378813706867,1621.01141576532,57.906501806492,-22.832826981425,1606.66603528013,NaN,NaN,NaN,NaN,NaN,NaN,0,0,0,0,0,0
346464.5154048,805.2,0.000208530851523392,0.0866690561175346,0,-73.7504744842482,-30.329783410227,1621.01056041824,57.5898958658016,-22.7715089930889,1606.58812502245,NaN,NaN,NaN,NaN,NaN,NaN,-0.00370000000111759,0.142599999904633,0.989799976348877,-24.4899997711182,146.630004882812,1052.81005859375
346464.5260459,802.2,0.0010821035830304,0.0873400144279003,0,-73.9743702755008,-30.2607288148843,1621.04056477855,57.3077682149819,-22.6787914523369,1606.53715508507,NaN,NaN,NaN,NaN,NaN,NaN,0,0,0,0,0,0
346464.5366251,799.2,0.000973319751210511,0.0862413471564651,0,-74.131657211597,-30.2108619316053,1621.08764657157,57.1826598872811,-22.6619169021087,1606.54278127361,NaN,NaN,NaN,NaN,NaN,NaN,0,0,0,0,0,0
346464.5470319,796.2,0.00119139591697603,0.0869744256138802,0,-74.3496224180211,-30.1735093390732,1621.09071522537,56.9590256087527,-22.5633237940673,1606.53186410937,NaN,NaN,NaN,NaN,NaN,NaN,0,0,0,0,0,0
346464.5574942,793.2,0.0013901760103181,0.0873035214841366,0,-74.3843494644657,-30.1806394760875,1621.10286753672,56.9124241816627,-22.5544606711344,1606.55856969179,NaN,NaN,NaN,NaN,NaN,NaN,0,0,0,0,0,0
346464.5700716,790.2,0.00184286059811711,0.0866638099774718,0,-74.7941179127642,-30.0655728561501,1621.10533063128,56.5170318920085,-22.4988493905398,1606.57847515584,NaN,NaN,NaN,NaN,NaN,NaN,0,0,0,0,0,0
346464.580703,787.2,0.00207437830977142,0.0870991539210081,0,0,0,0,0,0,0,NaN,NaN,NaN,NaN,NaN,NaN,0,0,0,0,0,0
346464.591139,784.2,0.00163413339760154,0.0870233982801437,0,0,0,0,0,0,0,NaN,NaN,NaN,NaN,NaN,NaN,0,0,0,0,0,0
346464.6015538,781.2,0.00198191194795072,0.0869680153205991,0,0,0,0,0,0,0,NaN,NaN,NaN,NaN,NaN,NaN,0,0,0,0,0,0
346464.6120015,778.2,0.00333863170817494,0.0876209693029523,0,0,0,0,0,0,0,NaN,NaN,NaN,NaN,NaN,NaN,0,0,0,0,0,0
346464.6233233,775.2,0.00251041422598064,0.086732211895287,0,0,0,0,0,0,0,NaN,NaN,NaN,NaN,NaN,NaN,-0.0285000000149012,0.144400000572205,0.989099979400635,-56.8899993896484,141.850006103516,1024.23999023438
346464.6340285,772.2,0.00181294896174222,0.0874296868219972,0,0,0,0,0,0,0,NaN,NaN,NaN,NaN,NaN,NaN,-0.0346999987959862,0.144199997186661,0.988900005817413,-67.6699981689453,160.710006713867,1153.76000976562
346464.6445177,769.2,0.00225368002429605,0.0871839117258787,0,0,0,0,0,0,0,NaN,NaN,NaN,NaN,NaN,NaN,-0.0381999984383583,0.145799994468689,0.988600015640259,-75.1699981689453,170.059997558594,1208.94995117188
346464.6550171,766.2,0.00228590099141002,0.0866709681227803,0,0,0,0,0,0,0,NaN,NaN,NaN,NaN,NaN,NaN,-0.0427000001072884,0.146799996495247,0.988200008869171,-82.4400024414062,180.490005493164,1266.81005859375
346464.6654656,763.2,0.00279855448752642,0.0870547549799085,0,0,0,0,0,0,0,NaN,NaN,NaN,NaN,NaN,NaN,-0.0461000017821789,0.146899998188019,0.988099992275238,-84.1100006103516,170.669998168945,1199.88000488281
346464.6762543,760.2,0.00360117293894291,0.0869786389172077,0,0,0,0,0,0,0,NaN,NaN,NaN,NaN,NaN,NaN,0,0,0,0,0,0
346464.6866592,757.2,0.00290243956260383,0.0866671338677406,0,0,0,0,0,0,0,NaN,NaN,NaN,NaN,NaN,NaN,0,0,0,0,0,0
346464.6970505,754.2,0.00262968381866813,0.0862121548503637,0,0,0,0,0,0,0,NaN,NaN,NaN,NaN,NaN,NaN,0,0,0,0,0,0
346464.707433,751.2,0.00445428118109703,0.0863334409892559,0,-77.9787898861123,-29.5679027425434,1620.71740304003,53.7495755472717,-21.9769376092119,1606.57382456024,NaN,NaN,NaN,NaN,NaN,NaN,0,0,0,0,0,0
346464.7178285,748.2,0.00263957655988634,0.0862042469903827,0,-78.0708213120431,-29.5678016212295,1620.69178321439,53.5315750503375,-21.9620370076461,1606.51302623209,NaN,NaN,NaN,NaN,NaN,NaN,0,0,0,0,0,0
346464.7310714,745.2,0.00281155644915998,0.0848751034587622,0,0,0,0,0,0,0,NaN,NaN,NaN,NaN,NaN,NaN,0,0,0,0,0,0
346464.7414639,742.2,0.00326888333074749,0.0853329751640558,0,0,0,0,0,0,0,NaN,NaN,NaN,NaN,NaN,NaN,0,0,0,0,0,0
346464.7519013,739.2,0.00303918123245239,0.0854815090075135,0,0,0,0,0,0,0,NaN,NaN,NaN,NaN,NaN,NaN,0,0,0,0,0,0
346464.7622485,736.2,0.00309124356135726,0.0855549233034253,0,0,0,0,0,0,0,NaN,NaN,NaN,NaN,NaN,NaN,-0.102700002491474,0.134499996900558,0.985599994659424,-124.550003051758,113.400001525879,897.239990234375
346464.7726293,733.2,0.00337559054605663,0.0856067169457674,0,0,0,0,0,0,0,NaN,NaN,NaN,NaN,NaN,NaN,-0.108400002121925,0.131500005722046,0.985400021076202,-125.779998779297,112.309997558594,891.969970703125
346464.7829723,730.2,0.00258512725122273,0.0856745740398765,0,0,0,0,0,0,0,NaN,NaN,NaN,NaN,NaN,NaN,-0.106200002133846,0.133399993181229,0.985400021076202,-124.690002441406,107.540000915527,864.289978027344
346464.7934053,727.2,0.00262863608077168,0.0855891354382038,0,0,0,0,0,0,0,NaN,NaN,NaN,NaN,NaN,NaN,-0.113899998366833,0.12890000641346,0.985099971294403,-123.599998474121,104.120002746582,842.880004882812
346464.8038177,724.2,0.00420351373031735,0.0861823190003634,0,0,0,0,0,0,0,NaN,NaN,NaN,NaN,NaN,NaN,-0.112300001084805,0.133799999952316,0.984600007534027,-127.040000915527,104.589996337891,837.809997558594
346464.814207,721.2,0.00277768424712121,0.085544465482235,0,0,0,0,0,0,0,NaN,NaN,NaN,NaN,NaN,NaN,-0.12049999833107,0.132699996232986,0.983799993991852,-131.470001220703,105.190002441406,834.419982910156
346464.8247075,718.2,0.00286688236519694,0.0850856401026249,0,0,0,0,0,0,0,NaN,NaN,NaN,NaN,NaN,NaN,-0.11879999935627,0.13570000231266,0.98360002040863,-132.139999389648,104.319999694824,827.109985351562
346464.8352,715.2,0.00340180797502398,0.0846054529771209,0,0,0,0,0,0,0,NaN,NaN,NaN,NaN,NaN,NaN,-0.124799996614456,0.132100000977516,0.983299970626831,-133.550003051758,103.910003662109,825.909973144531
346464.8456372,712.2,0.00313467206433415,0.0849666263908148,0,0,0,0,0,0,0,NaN,NaN,NaN,NaN,NaN,NaN,0,0,0,0,0,0
346464.8560365,709.2,0.00345721165649593,0.0844162771478295,0,0,0,0,0,0,0,NaN,NaN,NaN,NaN,NaN,NaN,0,0,0,0,0,0
346464.866488,706.2,0.00319506716914475,0.0847841504961252,0,0,0,0,0,0,0,NaN,NaN,NaN,NaN,NaN,NaN,0,0,0,0,0,0
346464.8769284,703.2,0.00347778224386275,0.0850072348490357,0,0,0,0,0,0,0,NaN,NaN,NaN,NaN,NaN,NaN,0,0,0,0,0,0
346464.8873087,700.2,0.00310910330154002,0.0847351117059588,0,0,0,0,0,0,0,NaN,NaN,NaN,NaN,NaN,NaN,0,0,0,0,0,0
346464.8977952,697.2,0.00363478763028979,0.0846605723723769,0,0,0,0,0,0,0,NaN,NaN,NaN,NaN,NaN,NaN,0,0,0,0,0,0
346464.908331,694.2,0.00320002040825784,0.084557755291462,0,0,0,0,0,0,0,NaN,NaN,NaN,NaN,NaN,NaN,0,0,0,0,0,0
346464.9188196,691.2,0.00369147770106792,0.0843530636280775,0,0,0,0,0,0,0,NaN,NaN,NaN,NaN,NaN,NaN,0,0,0,0,0,0
346464.9309635,688.2,0.0043514184653759,0.08351607657969,0,0,0,0,0,0,0,NaN,NaN,NaN,NaN,NaN,NaN,0,0,0,0,0,0
346464.9413873,685.2,0.00304650538600981,0.0833380430936813,0,0,0,0,0,0,0,NaN,NaN,NaN,NaN,NaN,NaN,0,0,0,0,0,0
346464.951885,682.2,0.00305219949223101,0.0841323252767325,0,0,0,0,0,0,0,NaN,NaN,NaN,NaN,NaN,NaN,0,0,0,0,0,0
346464.9623753,679.2,0.00357979442924261,0.0839918687939644,0,0,0,0,0,0,0,NaN,NaN,NaN,NaN,NaN,NaN,-0.138999998569489,0.122599996626377,0.982699990272522,-105.900001525879,58.9099998474121,532.97998046875
346464.9728546,676.2,0.00340557843446732,0.0838642422109842,0,0,0,0,0,0,0,NaN,NaN,NaN,NaN,NaN,NaN,-0.151199996471405,0.120200000703335,0.981199979782104,-107.889999389648,59.5,533.799987792969
346464.9834385,673.2,0.00376699515618384,0.0833417031913996,0,0,0,0,0,0,0,NaN,NaN,NaN,NaN,NaN,NaN,-0.144400000572205,0.124899998307228,0.981599986553192,-110.620002746582,61.2200012207031,541.580017089844
346464.9945737,670.2,0.00370903522707522,0.083197670429945,0,0,0,0,0,0,0,NaN,NaN,NaN,NaN,NaN,NaN,-0.155200004577637,0.122400000691414,0.980300009250641,-111.970001220703,61.7599983215332,541.900024414062
346465.0051033,667.2,0.00313084060326219,0.0835208710283041,0,0,0,0,0,0,0,NaN,NaN,NaN,NaN,NaN,NaN,-0.147200003266335,0.128199994564056,0.980799973011017,-113.290000915527,62.3300018310547,540.640014648438
346465.0155612,664.2,0.00405203364789486,0.0834581520408392,0,0,0,0,0,0,0,NaN,NaN,NaN,NaN,NaN,NaN,-0.159099996089935,0.12559999525547,0.979200005531311,-116.680000305176,63.8600006103516,546.330017089844
346465.0260282,661.2,0.00436542090028524,0.0821909870952368,0,0,0,0,0,0,0,NaN,NaN,NaN,NaN,NaN,NaN,0,0,0,0,0,0
346465.036572,658.2,0.00337927718646824,0.0820894673466682,0,0,0,0,0,0,0,NaN,NaN,NaN,NaN,NaN,NaN,0,0,0,0,0,0
346465.0469786,655.2,0.00351083581335843,0.0820925910025835,0,0,0,0,0,0,0,NaN,NaN,NaN,NaN,NaN,NaN,0,0,0,0,0,0
346465.0573915,652.2,0.00398843362927437,0.0822342209517956,0,0,0,0,0,0,0,NaN,NaN,NaN,NaN,NaN,NaN,0,0,0,0,0,0
346465.0709067,649.2,0.004334288649261,0.0823010079562664,0,0,0,0,0,0,0,NaN,NaN,NaN,NaN,NaN,NaN,0,0,0,0,0,0
346465.0813838,646.2,0.00457799853757024,0.0819512236863375,0,0,0,0,0,0,0,NaN,NaN,NaN,NaN,NaN,NaN,0,0,0,0,0,0
346465.0918603,643.2,0.0044900425709784,0.0817281309515238,0,0,0,0,0,0,0,NaN,NaN,NaN,NaN,NaN,NaN,0,0,0,0,0,0
346465.1025391,640.2,0.00438607530668378,0.0821487478911877,0,0,0,0,0,0,0,NaN,NaN,NaN,NaN,NaN,NaN,-0.1891999989748,0.148100003600121,0.970700025558472,-131.600006103516,60.3600006103516,483.690002441406
346465.112941,637.2,0.0045677162706852,0.0816258400678635,0,0,0,0,0,0,0,NaN,NaN,NaN,NaN,NaN,NaN,-0.237100005149841,0.133900001645088,0.962199985980988,-145.520004272461,58.4199981689453,466.720001220703
346465.1233249,634.2,0.0041825114749372,0.0819729216396809,0,0,0,0,0,0,0,NaN,NaN,NaN,NaN,NaN,NaN,-0.251300007104874,0.154799997806549,0.95550000667572,-199.830001831055,85.6999969482422,612.140014648438
346465.1338165,631.2,0.00533559173345566,0.0824472703039646,0,-85.5802516738782,-25.0628625655132,1619.32231065837,46.4449835814095,-18.735905500459,1605.65987084866,NaN,NaN,NaN,NaN,NaN,NaN,-0.263099998235703,0.156900003552437,0.951900005340576,-252.580001831055,118.410003662109,778.429992675781
346465.1442841,628.2,0.00502188364043832,0.08118706792593,0,-85.78444467658,-24.8421992568053,1619.38046919714,46.3987267334333,-18.6707862119527,1605.70070164779,NaN,NaN,NaN,NaN,NaN,NaN,-0.266400009393692,0.169799998402596,0.948800027370453,-319.910003662109,153.949996948242,999.890014648438
346465.1547499,625.2,0.00514058070257306,0.0812305402010679,0,0,0,0,0,0,0,NaN,NaN,NaN,NaN,NaN,NaN,-0.268900007009506,0.160600006580353,0.949699997901917,-340.290008544922,163.350006103516,1058.43005371094
346465.1652376,622.2,0.00486528081819415,0.0811052978038788,0,0,0,0,0,0,0,NaN,NaN,NaN,NaN,NaN,NaN,-0.280200004577637,0.173600003123283,0.944100022315979,-369.5,177.100006103516,1140.35998535156
346465.1757113,619.2,0.00452850898727775,0.0814291298389435,0,0,0,0,0,0,0,NaN,NaN,NaN,NaN,NaN,NaN,0,0,0,0,0,0
346465.1860939,616.2,0.00505066616460681,0.0813596066087484,0,0,0,0,0,0,0,NaN,NaN,NaN,NaN,NaN,NaN,0,0,0,0,0,0
346465.1965373,613.2,0.00504218135029078,0.0812022857367992,0,0,0,0,0,0,0,NaN,NaN,NaN,NaN,NaN,NaN,0,0,0,0,0,0
346465.2069252,610.2,0.00463619967922568,0.0808031991124153,0,0,0,0,0,0,0,NaN,NaN,NaN,NaN,NaN,NaN,0,0,0,0,0,0
346465.2174283,607.2,0.00504313129931688,0.0806436654180288,0,0,0,0,0,0,0,NaN,NaN,NaN,NaN,NaN,NaN,0,0,0,0,0,0
346465.2309418,604.2,0.00524067552760243,0.081694532558322,0,0,0,0,0,0,0,NaN,NaN,NaN,NaN,NaN,NaN,0,0,0,0,0,0
346465.2414163,601.2,0.0047349683009088,0.0812424704432488,0,0,0,0,0,0,0,NaN,NaN,NaN,NaN,NaN,NaN,0,0,0,0,0,0
346465.2520154,598.2,0.00448397686704993,0.0806022383272648,0,0,0,0,0,0,0,NaN,NaN,NaN,NaN,NaN,NaN,0,0,0,0,0,0
346465.2624777,595.2,0.00503761088475585,0.0804239757359028,0,0,0,0,0,0,0,NaN,NaN,NaN,NaN,NaN,NaN,-0.283600002527237,0.161500006914139,0.945200026035309,-337.130004882812,142.479995727539,997.190002441406
346465.2729381,592.2,0.00473996484652162,0.080042926967144,0,0,0,0,0,0,0,NaN,NaN,NaN,NaN,NaN,NaN,-0.283199995756149,0.147200003266335,0.947700023651123,-348.220001220703,146.089996337891,1030
346465.2833847,589.2,0.00462653674185276,0.0800355434417725,0,0,0,0,0,0,0,NaN,NaN,NaN,NaN,NaN,NaN,-0.287400007247925,0.161899998784065,0.944000005722046,-341.049987792969,142.089996337891,998.950012207031
346465.2938458,586.2,0.00435626227408648,0.0801238924264908,0,0,0,0,0,0,0,NaN,NaN,NaN,NaN,NaN,NaN,-0.291000008583069,0.148300006985664,0.945200026035309,-338.420013427734,144.100006103516,978.280029296875
346465.3042802,583.2,0.00518191466107965,0.0806355033069849,0,0,0,0,0,0,0,NaN,NaN,NaN,NaN,NaN,NaN,-0.29109999537468,0.166700005531311,0.942099988460541,-348.970001220703,150.580001831055,1004.41998291016
346465.3147232,580.2,0.00409730011597276,0.0803936183452606,0,0,0,0,0,0,0,NaN,NaN,NaN,NaN,NaN,NaN,-0.295399993658066,0.153099998831749,0.943000018596649,-339.690002441406,147.399993896484,964.909973144531
346465.3251621,577.2,0.004578806925565,0.0801284708082676,0,0,0,0,0,0,0,NaN,NaN,NaN,NaN,NaN,NaN,-0.295899987220764,0.173899993300438,0.939300000667572,-331.679992675781,144.089996337891,934.72998046875
346465.3355862,574.2,0.00386087503284216,0.0810993019491434,0,0,0,0,0,0,0,NaN,NaN,NaN,NaN,NaN,NaN,-0.29789999127388,0.155399993062019,0.941799998283386,-325.230010986328,141.059997558594,909.950012207031
346465.3460292,571.2,0.00436267023906112,0.0804596658796072,0,0,0,0,0,0,0,NaN,NaN,NaN,NaN,NaN,NaN,0,0,0,0,0,0
346465.3565447,568.2,0.00338596757501364,0.0797320477664471,0,0,0,0,0,0,0,NaN,NaN,NaN,NaN,NaN,NaN,0,0,0,0,0,0
346465.3669671,565.2,0.00376038695685565,0.080600293725729,0,0,0,0,0,0,0,NaN,NaN,NaN,NaN,NaN,NaN,0,0,0,0,0,0
346465.3773343,562.2,0.00414759246632457,0.0803906846791506,0,0,0,0,0,0,0,NaN,NaN,NaN,NaN,NaN,NaN,0,0,0,0,0,0
346465.3892931,559.2,0.00374185922555625,0.080803219601512,0,0,0,0,0,0,0,NaN,NaN,NaN,NaN,NaN,NaN,0,0,0,0,0,0
346465.4002544,556.8,0.00442063342779875,0.0804211128503084,0,0,0,0,0,0,0,NaN,NaN,NaN,NaN,NaN,NaN,0,0,0,0,0,0
346465.4107769,559.8,0.00459884759038687,0.0804160427302122,0,0,0,0,0,0,0,NaN,NaN,NaN,NaN,NaN,NaN,0,0,0,0,0,0
346465.4214751,562.8,0.00413589039817452,0.0803857896476984,0,0,0,0,0,0,0,NaN,NaN,NaN,NaN,NaN,NaN,0,0,0,0,0,0
346465.4319756,565.8,0.00490050110965967,0.0792524892836809,0,0,0,0,0,0,0,NaN,NaN,NaN,NaN,NaN,NaN,0,0,0,0,0,0
346465.4426255,568.8,0.00447431672364473,0.0799442905932665,0,0,0,0,0,0,0,NaN,NaN,NaN,NaN,NaN,NaN,-0.317900002002716,0.187700003385544,0.929400026798248,-296.929992675781,124.440002441406,757.650024414062
346465.4530476,571.8,0.00351579254493117,0.0806625954806805,0,0,0,0,0,0,0,NaN,NaN,NaN,NaN,NaN,NaN,-0.322899997234344,0.160699993371964,0.932699978351593,-280.440002441406,114.73999786377,707.570007324219
346465.4635121,574.8,0.00431995233520865,0.0802131950855255,0,0,0,0,0,0,0,NaN,NaN,NaN,NaN,NaN,NaN,-0.319900006055832,0.18520000576973,0.929199993610382,-295.670013427734,121.069999694824,746.109985351562
346465.473968,577.8,0.00412285467609763,0.0795753415673971,0,0,0,0,0,0,0,NaN,NaN,NaN,NaN,NaN,NaN,-0.324699997901917,0.160400003194809,0.932099997997284,-309.230010986328,126.720001220703,782.080017089844
346465.4844447,580.8,0.00387351517565548,0.0797066990286112,0,-88.5396858405269,-20.1757375893869,1619.15725808941,43.3627846419836,-15.3710984047335,1605.70746956172,NaN,NaN,NaN,NaN,NaN,NaN,-0.32370001077652,0.184599995613098,0.927999973297119,-301.200012207031,121.040000915527,758.349975585938
346465.4957738,583.8,0.00435057329013944,0.0798591285943985,0,-88.5824906693675,-20.1603479614883,1619.11880129224,43.2655083018813,-15.2554460883548,1605.68918210352,NaN,NaN,NaN,NaN,NaN,NaN,0,0,0,0,0,0
346465.5063053,586.8,0.00493100192397833,0.079599030688405,0,-88.5877957568891,-20.1290561460942,1619.11070112708,43.2074541457771,-15.2108653055653,1605.69032173872,NaN,NaN,NaN,NaN,NaN,NaN,0,0,0,0,0,0
346465.5167853,589.8,0.00460360245779157,0.0797657709568739,0,-88.5968776813549,-20.0741931057012,1619.06227774787,43.1517098206815,-15.1480597961968,1605.69259652704,NaN,NaN,NaN,NaN,NaN,NaN,0,0,0,0,0,0
346465.5272696,592.8,0.00441926484927535,0.0787571914494038,0,-88.6564362356465,-19.989171389046,1619.09578999612,43.1375038070381,-15.0929981366197,1605.7416679015,NaN,NaN,NaN,NaN,NaN,NaN,0,0,0,0,0,0
346465.5377396,595.8,0.00484109856188297,0.079575602337718,0,-88.7779346538618,-19.8632494034044,1619.08781461979,43.070699036194,-15.0212951916868,1605.76908305814,NaN,NaN,NaN,NaN,NaN,NaN,0,0,0,0,0,0
346465.5509759,598.8,0.00469515006989241,0.080630561709404,0,0,0,0,0,0,0,NaN,NaN,NaN,NaN,NaN,NaN,0,0,0,0,0,0
346465.5613907,601.8,0.00472518568858504,0.0799415823072195,0,0,0,0,0,0,0,NaN,NaN,NaN,NaN,NaN,NaN,0,0,0,0,0,0
346465.5718587,604.8,0.00479861162602901,0.0801769573241472,0,0,0,0,0,0,0,NaN,NaN,NaN,NaN,NaN,NaN,0,0,0,0,0,0
346465.582277,607.8,0.00453986506909132,0.0804785959422588,0,0,0,0,0,0,0,NaN,NaN,NaN,NaN,NaN,NaN,-0.325700014829636,0.175799995660782,0.929000020027161,-290.290008544922,107.480003356934,717.960021972656
346465.5927441,610.8,0.00396143598482013,0.0795562699437141,0,0,0,0,0,0,0,NaN,NaN,NaN,NaN,NaN,NaN,-0.328599989414215,0.149800002574921,0.932500004768372,-291.570007324219,107.440002441406,721.27001953125
346465.6031481,613.8,0.00453718099743128,0.0795274063944817,0,0,0,0,0,0,0,NaN,NaN,NaN,NaN,NaN,NaN,-0.325599998235703,0.17229999601841,0.929700016975403,-294.5,107.629997253418,727.77001953125
346465.613693,616.8,0.00466830236837268,0.0800799377262592,0,0,0,0,0,0,0,NaN,NaN,NaN,NaN,NaN,NaN,-0.330300003290176,0.149100005626678,0.931999981403351,-290.079986572266,105.930000305176,713.5
346465.6253755,619.8,0.00457348860800266,0.0802385773509741,0,0,0,0,0,0,0,NaN,NaN,NaN,NaN,NaN,NaN,-0.326900005340576,0.174400001764297,0.928799986839294,-291.679992675781,107.040000915527,717.030029296875
346465.6357394,622.8,0.00456251157447696,0.0800566919147968,0,0,0,0,0,0,0,NaN,NaN,NaN,NaN,NaN,NaN,0,0,0,0,0,0
346465.646123,625.8,0.00430670334026217,0.079491587728262,0,0,0,0,0,0,0,NaN,NaN,NaN,NaN,NaN,NaN,0,0,0,0,0,0
346465.6565224,628.8,0.00368102849461138,0.0802008997648954,0,0,0,0,0,0,0,NaN,NaN,NaN,NaN,NaN,NaN,0,0,0,0,0,0
346465.6669462,631.8,0.0049456087872386,0.079843394830823,0,0,0,0,0,0,0,NaN,NaN,NaN,NaN,NaN,NaN,0,0,0,0,0,0
346465.6782991,634.8,0.00471855653449893,0.0793948512524366,0,0,0,0,0,0,0,NaN,NaN,NaN,NaN,NaN,NaN,0,0,0,0,0,0
346465.6888946,637.8,0.00485912337899208,0.0791290666908026,0,0,0,0,0,0,0,NaN,NaN,NaN,NaN,NaN,NaN,0,0,0,0,0,0
346465.6993476,640.8,0.00565815204754472,0.0786558803170919,0,0,0,0,0,0,0,NaN,NaN,NaN,NaN,NaN,NaN,0,0,0,0,0,0
346465.709829,643.8,0.00470686238259077,0.0797619767487049,0,0,0,0,0,0,0,NaN,NaN,NaN,NaN,NaN,NaN,0,0,0,0,0,0
346465.7202882,646.8,0.00465816259384155,0.0794208854436874,0,0,0,0,0,0,0,NaN,NaN,NaN,NaN,NaN,NaN,0,0,0,0,0,0
346465.7313547,649.8,0.00464393943548203,0.079464327916503,0,0,0,0,0,0,0,NaN,NaN,NaN,NaN,NaN,NaN,0,0,0,0,0,0
346465.7418012,652.8,0.00474552717059851,0.0799901135265827,0,0,0,0,0,0,0,NaN,NaN,NaN,NaN,NaN,NaN,0,0,0,0,0,0
346465.752296,655.8,0.00616095867007971,0.0797902666032314,0,0,0,0,0,0,0,NaN,NaN,NaN,NaN,NaN,NaN,0,0,0,0,0,0
346465.7627543,658.8,0.00492537952959538,0.0799326714128256,0,0,0,0,0,0,0,NaN,NaN,NaN,NaN,NaN,NaN,-0.327300012111664,0.18469999730587,0.926699995994568,-269.290008544922,102.769996643066,649.75
346465.7731864,661.8,0.0050537078641355,0.0804994855076075,0,0,0,0,0,0,0,NaN,NaN,NaN,NaN,NaN,NaN,-0.335299998521805,0.157100006937981,0.928900003433228,-275.070007324219,105.98999786377,666.369995117188
346465.7836309,664.8,0.00530950631946325,0.0796724822372198,0,0,0,0,0,0,0,NaN,NaN,NaN,NaN,NaN,NaN,-0.328000009059906,0.186599999666214,0.926100015640259,-269.299987792969,103.48999786377,649.530029296875
346465.7940881,667.8,0.00534584186971188,0.0812398049980402,0,0,0,0,0,0,0,NaN,NaN,NaN,NaN,NaN,NaN,-0.334800004959106,0.158899992704391,0.928799986839294,-283.940002441406,111.769996643066,692.159973144531
346465.8045271,670.8,0.00483397161588073,0.0800537880510092,0,0,0,0,0,0,0,NaN,NaN,NaN,NaN,NaN,NaN,-0.329600006341934,0.1875,0.925300002098083,-385.519989013672,168.399993896484,985.650024414062
346465.8150576,673.8,0.0046940129250288,0.0802683312445879,0,0,0,0,0,0,0,NaN,NaN,NaN,NaN,NaN,NaN,-0.293599992990494,0.174600005149841,0.939899981021881,-299.75,139.75,827.919982910156
346465.8255061,676.8,0.00451798597350717,0.0803450796753168,0,0,0,0,0,0,0,NaN,NaN,NaN,NaN,NaN,NaN,-0.234400004148483,0.200499996542931,0.951200008392334,-193.449996948242,106.529998779297,648.039978027344
346465.8359314,679.8,0.00454704323783517,0.0805756080895662,0,0,0,0,0,0,0,NaN,NaN,NaN,NaN,NaN,NaN,0,0,0,0,0,0
346465.8463461,682.8,0.00480458931997418,0.0802883602678776,0,0,0,0,0,0,0,NaN,NaN,NaN,NaN,NaN,NaN,0,0,0,0,0,0
346465.8567403,685.8,0.00451617455109954,0.0803225509822369,0,0,0,0,0,0,0,NaN,NaN,NaN,NaN,NaN,NaN,0,0,0,0,0,0
346465.8670808,688.8,0.00488915340974927,0.0796128328889608,0,0,0,0,0,0,0,NaN,NaN,NaN,NaN,NaN,NaN,0,0,0,0,0,0
346465.8775754,691.8,0.00582999922335148,0.0796526189893484,0,0,0,0,0,0,0,NaN,NaN,NaN,NaN,NaN,NaN,0,0,0,0,0,0
346465.891271,694.8,0.00489326333627105,0.0798442237079144,0,0,0,0,0,0,0,NaN,NaN,NaN,NaN,NaN,NaN,0,0,0,0,0,0
346465.9017115,697.8,0.00479581113904715,0.0799862448126078,0,0,0,0,0,0,0,NaN,NaN,NaN,NaN,NaN,NaN,0,0,0,0,0,0
346465.9122088,700.8,0.00355612067505717,0.0806339666247368,0,0,0,0,0,0,0,NaN,NaN,NaN,NaN,NaN,NaN,0,0,0,0,0,0
346465.9226326,703.8,0.00481527158990502,0.0801476672291756,0,0,0,0,0,0,0,NaN,NaN,NaN,NaN,NaN,NaN,-0.187000006437302,0.140400007367134,0.972299993038177,-137.839996337891,71.7300033569336,548.570007324219
346465.9330247,706.8,0.00449321884661913,0.0805815797299147,0,0,0,0,0,0,0,NaN,NaN,NaN,NaN,NaN,NaN,-0.189600005745888,0.138300001621246,0.972100019454956,-141.839996337891,75.4300003051758,574.849975585938
346465.9434556,709.8,0.00435602897778153,0.0805196654051542,0,0,0,0,0,0,0,NaN,NaN,NaN,NaN,NaN,NaN,-0.18350000679493,0.146200001239777,0.972100019454956,-156.949996948242,87.5800018310547,647.010009765625
346465.9538861,712.8,0.0041554388590157,0.0798178672790527,0,0,0,0,0,0,0,NaN,NaN,NaN,NaN,NaN,NaN,-0.189300000667572,0.142100006341934,0.971599996089935,-163.339996337891,92.5800018310547,679.650024414062
346465.9643865,715.8,0.00450739311054349,0.081047498062253,0,0,0,0,0,0,0,NaN,NaN,NaN,NaN,NaN,NaN,-0.18189999461174,0.142900004982948,0.972899973392487,-159.910003662109,89.6699981689453,672.549987792969
346465.974888,718.8,0.00505273044109344,0.0815069548785687,0,0,0,0,0,0,0,NaN,NaN,NaN,NaN,NaN,NaN,-0.187299996614456,0.139300003647804,0.972400009632111,-169.380004882812,97.8499984741211,726.739990234375
346465.9853535,721.8,0.00501464866101742,0.0814524631947279,0,0,0,0,0,0,0,NaN,NaN,NaN,NaN,NaN,NaN,-0.180600002408028,0.144600003957748,0.972899973392487,-177.710006713867,104.980003356934,771.080017089844
346465.9958792,724.8,0.00499103218317032,0.0823174457997084,0,0,0,0,0,0,0,NaN,NaN,NaN,NaN,NaN,NaN,0,0,0,0,0,0
346466.006341,727.8,0.00441600801423192,0.0811304789036512,0,0,0,0,0,0,0,NaN,NaN,NaN,NaN,NaN,NaN,0,0,0,0,0,0
346466.0167312,730.8,0.00439590960741043,0.0819183330982924,0,0,0,0,0,0,0,NaN,NaN,NaN,NaN,NaN,NaN,0,0,0,0,0,0
346466.0286826,733.8,0.0045064939185977,0.0813664928078651,0,0,0,0,0,0,0,NaN,NaN,NaN,NaN,NaN,NaN,-0.191200003027916,0.151199996471405,0.969799995422363,-238.119995117188,159.949996948242,1062.69995117188
346466.0391161,736.8,0.0046173264272511,0.0813702255487442,0,0,0,0,0,0,0,NaN,NaN,NaN,NaN,NaN,NaN,0,0,0,0,0,0
346466.0501912,739.8,0.0045107058249414,0.0818628691136837,0,0,0,0,0,0,0,NaN,NaN,NaN,NaN,NaN,NaN,0,0,0,0,0,0
346466.0606945,742.8,0.00421891594305634,0.0817319978028536,0,0,0,0,0,0,0,NaN,NaN,NaN,NaN,NaN,NaN,0,0,0,0,0,0
346466.0712387,745.8,0.00447688670828938,0.0816340170800686,0,0,0,0,0,0,0,NaN,NaN,NaN,NaN,NaN,NaN,0,0,0,0,0,0
346466.081786,748.8,0.00565213290974498,0.0819134138524532,0,0,0,0,0,0,0,NaN,NaN,NaN,NaN,NaN,NaN,0,0,0,0,0,0
346466.0922694,751.8,0.00447006430476904,0.081303496286273,0,0,0,0,0,0,0,NaN,NaN,NaN,NaN,NaN,NaN,0,0,0,0,0,0
346466.1026786,754.8,0.00419891811907291,0.0814646020531654,0,0,0,0,0,0,0,NaN,NaN,NaN,NaN,NaN,NaN,-0.168400004506111,0.161300003528595,0.972400009632111,-276.570007324219,212.169998168945,1380.86999511719
346466.1131171,757.8,0.00395019678398967,0.0819103498011828,0,0,0,0,0,0,0,NaN,NaN,NaN,NaN,NaN,NaN,-0.165600001811981,0.152099996805191,0.974399983882904,-222.949996948242,168.710006713867,1127.86999511719
346466.1235165,760.8,0.00365241686813533,0.0812653344124556,0,0,0,0,0,0,0,NaN,NaN,NaN,NaN,NaN,NaN,-0.130500003695488,0.137899994850159,0.981800019741058,-115.029998779297,78.7300033569336,623.130004882812
346466.1339501,763.8,0.00380188249982893,0.0815995413810015,0,0,0,0,0,0,0,NaN,NaN,NaN,NaN,NaN,NaN,-0.135299995541573,0.134200006723404,0.981700003147125,-119.680000305176,83.3499984741211,658.940002441406
346466.1442992,766.8,0.00400024792179465,0.0819639138877392,0,0,0,0,0,0,0,NaN,NaN,NaN,NaN,NaN,NaN,-0.12899999320507,0.138099998235703,0.98199999332428,-121.440002441406,85.9599990844727,676.380004882812
346466.1547376,769.8,0.004160241689533,0.0818186778575182,0,0,0,0,0,0,0,NaN,NaN,NaN,NaN,NaN,NaN,0,0,0,0,0,0
346466.1651525,772.8,0.00446171592921019,0.0821245670318604,0,0,0,0,0,0,0,NaN,NaN,NaN,NaN,NaN,NaN,-0.121699996292591,0.14300000667572,0.982200026512146,-119.319999694824,90.2699966430664,691.590026855469
346466.1756868,775.8,0.00447032926604152,0.0824803415685892,0,0,0,0,0,0,0,NaN,NaN,NaN,NaN,NaN,NaN,0,0,0,0,0,0
346466.1861011,778.8,0.00482203112915158,0.0814101848751307,0,0,0,0,0,0,0,NaN,NaN,NaN,NaN,NaN,NaN,0,0,0,0,0,0
346466.1965489,781.8,0.00447623105719686,0.0824144244194031,0,0,0,0,0,0,0,NaN,NaN,NaN,NaN,NaN,NaN,0,0,0,0,0,0
346466.2069694,784.8,0.00518827512860298,0.0839725866913796,0,0,0,0,0,0,0,NaN,NaN,NaN,NaN,NaN,NaN,0,0,0,0,0,0
346466.2174762,787.8,0.00488223228603601,0.0824072699993849,0,0,0,0,0,0,0,NaN,NaN,NaN,NaN,NaN,NaN,0,0,0,0,0,0
346466.2279557,790.8,0.00448232237249613,0.0830623809248209,0,0,0,0,0,0,0,NaN,NaN,NaN,NaN,NaN,NaN,0,0,0,0,0,0
346466.2383982,793.8,0.00426971400156617,0.0827508218586445,0,0,0,0,0,0,0,NaN,NaN,NaN,NaN,NaN,NaN,0,0,0,0,0,0
346466.2488364,796.8,0.00427436828613281,0.0832539260387421,0,0,0,0,0,0,0,NaN,NaN,NaN,NaN,NaN,NaN,0,0,0,0,0,0
346466.2593515,799.8,0.00462225498631597,0.0829455334693193,0,0,0,0,0,0,0,NaN,NaN,NaN,NaN,NaN,NaN,0,0,0,0,0,0
346466.2698056,802.8,0.00419486919417977,0.0831759966909885,0,-85.9803237341831,-19.7142899534841,1620.22138186273,45.7517160810446,-13.0038533326163,1606.38973724927,NaN,NaN,NaN,NaN,NaN,NaN,0,0,0,0,0,0
346466.2803165,805.8,0.00426295166835189,0.0826880283653736,0,-85.8880016433974,-19.7342046214647,1620.27929261087,45.8333778554751,-13.0202162045959,1606.41739690289,NaN,NaN,NaN,NaN,NaN,NaN,0,0,0,0,0,0
346466.2907758,808.8,0.00387460854835808,0.0837967939674854,0,-85.7486396952175,-19.7482707937965,1620.32002563292,45.8653041003277,-12.9378805867344,1606.43839811927,NaN,NaN,NaN,NaN,NaN,NaN,0,0,0,0,0,0
346466.3012138,811.8,0.00455854786559939,0.0823063183575869,0,-86.2175832423082,-19.8959425614548,1620.36127743974,45.9266895933217,-12.9399503889233,1606.43756004862,NaN,NaN,NaN,NaN,NaN,NaN,0,0,0,0,0,0
346466.3117085,814.8,0.00426800642162561,0.0814686663448811,0,-86.1301895835847,-19.914031398236,1620.38858757335,45.9907748979775,-12.8730652028238,1606.40136455412,NaN,NaN,NaN,NaN,NaN,NaN,0,0,0,0,0,0
346466.3222351,817.8,0.00451491214334965,0.0824056196957827,0,-85.91846622137,-19.9814752534873,1620.47266701674,46.1065933188596,-12.834849354218,1606.39383231859,NaN,NaN,NaN,NaN,NaN,NaN,0,0,0,0,0,0
346466.3327917,820.8,0.00409536436200142,0.0824584163725376,0,-85.6883661181311,-19.9741348086762,1620.51822408697,46.2642343508992,-12.8103310628883,1606.39628943121,NaN,NaN,NaN,NaN,NaN,NaN,-0.101199999451637,0.145400002598763,0.984200000762939,-122.389999389648,125.330001831055,900.710021972656
346466.3432502,823.8,0.00461858045309782,0.0825537800788879,0,-85.6418112271958,-19.9735910559741,1620.51141897788,46.3742632672456,-12.7712274018014,1606.4047824225,NaN,NaN,NaN,NaN,NaN,NaN,-0.0982000008225441,0.143299996852875,0.984799981117249,-122.650001525879,125.400001525879,920.869995117188
346466.3537755,826.8,0.00476087676361203,0.0825276043266058,0,-84.9864484644259,-19.8142262348913,1620.49971236974,46.5053735523111,-12.7085390615628,1606.42369139286,NaN,NaN,NaN,NaN,NaN,NaN,-0.0926000028848648,0.142599999904633,0.985400021076202,-117.690002441406,126.559997558594,931.710021972656
346466.3641807,829.8,0.00514635303989053,0.0825886841863394,0,-85.448280535953,-19.9703211429637,1620.49422598361,46.5891655240625,-12.6697035501345,1606.38330274484,NaN,NaN,NaN,NaN,NaN,NaN,-0.0706000030040741,0.142900004982948,0.987200021743774,-89.120002746582,123.169998168945,891.710021972656
346466.3746237,832.8,0.00503669958561659,0.0821725133806467,0,-85.3499568019355,-19.967338584032,1620.4913863492,46.7007883580825,-12.6697805773117,1606.40854977944,NaN,NaN,NaN,NaN,NaN,NaN,-0.0366999991238117,0.139699995517731,0.989499986171722,-51.1599998474121,116.76000213623,861.599975585938
346466.3852195,835.8,0.00449180463328958,0.0831924643367529,0,0,0,0,0,0,0,NaN,NaN,NaN,NaN,NaN,NaN,-0.010499999858439,0.139799997210503,0.990100026130676,-21.2399997711182,87.8000030517578,660.219970703125
346466.3957457,838.8,0.004240607842803,0.08255873657763,0,0,0,0,0,0,0,NaN,NaN,NaN,NaN,NaN,NaN,0.000699999975040555,0.142599999904633,0.989799976348877,-13.2299995422363,83.9199981689453,619.330017089844
346466.4063477,841.8,0.00478999642655253,0.0822294246405363,0,0,0,0,0,0,0,NaN,NaN,NaN,NaN,NaN,NaN,0,0,0,0,0,0
346466.4168732,844.8,0.00441196607425809,0.0832501169294119,0,0,0,0,0,0,0,NaN,NaN,NaN,NaN,NaN,NaN,0,0,0,0,0,0
346466.427395,847.8,0.00461281929165125,0.0820997770875692,0,0,0,0,0,0,0,NaN,NaN,NaN,NaN,NaN,NaN,0,0,0,0,0,0
346466.4378878,850.8,0.00523867132142186,0.082512142509222,0,0,0,0,0,0,0,NaN,NaN,NaN,NaN,NaN,NaN,0,0,0,0,0,0
346466.4483545,853.8,0.00485835829749703,0.0822582695633173,0,0,0,0,0,0,0,NaN,NaN,NaN,NaN,NaN,NaN,0,0,0,0,0,0
346466.4587737,856.8,0.00490872748196125,0.0828069936484098,0,0,0,0,0,0,0,NaN,NaN,NaN,NaN,NaN,NaN,0,0,0,0,0,0
346466.4692405,859.8,0.00464194361120462,0.0828396812081337,0,0,0,0,0,0,0,NaN,NaN,NaN,NaN,NaN,NaN,0,0,0,0,0,0
346466.4798634,862.8,0.00505012273788452,0.0829089008271694,0,0,0,0,0,0,0,NaN,NaN,NaN,NaN,NaN,NaN,0,0,0,0,0,0
346466.4903454,865.8,0.00476082088425756,0.0829015396535397,0,0,0,0,0,0,0,NaN,NaN,NaN,NaN,NaN,NaN,0,0,0,0,0,0
346466.500748,868.8,0.00459530716761947,0.0820750392973423,0,0,0,0,0,0,0,NaN,NaN,NaN,NaN,NaN,NaN,0,0,0,0,0,0
346466.5111975,871.8,0.00372615340165794,0.0830216560512781,0,0,0,0,0,0,0,NaN,NaN,NaN,NaN,NaN,NaN,0,0,0,0,0,0
346466.5216609,874.8,0.00449756206944585,0.0819494895637035,0,0,0,0,0,0,0,NaN,NaN,NaN,NaN,NaN,NaN,0,0,0,0,0,0
346466.5331496,877.8,0.00376654113642871,0.0817499630153179,0,0,0,0,0,0,0,NaN,NaN,NaN,NaN,NaN,NaN,0.0227000005543232,0.139200001955032,0.990000009536743,4.17999982833862,107.769996643066,802.349975585938
346466.543665,880.8,0.00315639935433865,0.0829870667308569,0,-83.5248998876018,-20.3161125327131,1620.44742908351,48.0105221569872,-12.4550550399724,1606.6140462506,NaN,NaN,NaN,NaN,NaN,NaN,0.0232999995350838,0.134399995207787,0.990700006484985,-1.20000004768372,80.7099990844727,632.489990234375
346466.5542407,883.8,0.00522616831585765,0.0800803624093533,0,-83.4532942008447,-20.3556859869788,1620.41262643458,48.058275435242,-12.5026658782109,1606.60704119201,NaN,NaN,NaN,NaN,NaN,NaN,0.00930000003427267,0.137999996542931,0.990400016307831,-4.38000011444092,83.4300003051758,645.22998046875
346466.5646594,886.8,0.00431974465027452,0.0820693898946047,0,-83.3840839024226,-20.4186407050058,1620.36427056682,48.1058550468269,-12.5334683431446,1606.59613609828,NaN,NaN,NaN,NaN,NaN,NaN,0.0162000004202127,0.140400007367134,0.990000009536743,-4.65000009536743,100.480003356934,742.890014648438
346466.5751207,889.8,0.0040072831325233,0.0814135078340769,0,-83.3069660132159,-20.4576615282326,1620.32916315678,48.1190301064114,-12.5737189287577,1606.56110747721,NaN,NaN,NaN,NaN,NaN,NaN,0.0108000002801418,0.145400002598763,0.989300012588501,-2.54999995231628,113.110000610352,809.169982910156
346466.5856148,892.8,0.003845069790259,0.0819178618490696,0,-83.2520209708484,-20.5075614575291,1620.27582080759,48.1645117682014,-12.6421294493205,1606.55342932078,NaN,NaN,NaN,NaN,NaN,NaN,0.0214000009000301,0.144999995827675,0.989199995994568,-1.27999997138977,110.650001525879,788.02001953125
346466.5960696,895.8,0.00322783878073096,0.0817450493574143,0,-83.215785228651,-20.5426911050664,1620.22776591585,48.1691280852195,-12.7005258966782,1606.51107976625,NaN,NaN,NaN,NaN,NaN,NaN,0,0,0,0,0,0
346466.6064933,898.8,0.00387540482915938,0.0816879443824291,0,-83.1795731140619,-20.597700267244,1620.18328550236,48.1729212809044,-12.7372973660465,1606.47506777098,NaN,NaN,NaN,NaN,NaN,NaN,0,0,0,0,0,0
346466.6169623,901.8,0.00358721427619457,0.0819207172840834,0,-83.109010078724,-20.655988528252,1620.1244069692,48.1969531247305,-12.7664112495625,1606.48435868877,NaN,NaN,NaN,NaN,NaN,NaN,0,0,0,0,0,0
346466.6304676,904.8,0.00342375901527703,0.0816946759819984,0,-83.0844417977658,-20.6872376808819,1620.09306400282,48.2061239126687,-12.828008345477,1606.45163586223,NaN,NaN,NaN,NaN,NaN,NaN,0,0,0,0,0,0
346466.6409403,907.8,0.00339708221144974,0.0818483516573906,0,-83.0451489624622,-20.7457045130686,1620.04225999317,48.2450182952713,-12.8997126454274,1606.44843393295,NaN,NaN,NaN,NaN,NaN,NaN,0,0,0,0,0,0
346466.6515285,910.8,0.00323472288437188,0.0814398977905512,0,-83.0638976949147,-20.7530227330321,1620.0169497525,48.239824465895,-12.9367113313259,1606.3961881131,NaN,NaN,NaN,NaN,NaN,NaN,0,0,0,0,0,0
346466.662016,913.8,0.00315183307975531,0.0818450305610895,0,-83.0611079963882,-20.7970217206081,1619.9706577046,48.2396779890085,-12.9508394167808,1606.36838880384,NaN,NaN,NaN,NaN,NaN,NaN,0,0,0,0,0,0
346466.6725267,916.8,0.00338444672524929,0.0812314976006746,0,-83.0455048494716,-20.8490483096473,1619.94392713702,48.2918280289274,-13.0423901640631,1606.35823365053,NaN,NaN,NaN,NaN,NaN,NaN,0.0276999995112419,0.137500002980232,0.990100026130676,6.40999984741211,66.3300018310547,530.440002441406
346466.683014,919.8,0.00315146963112056,0.0816389586776495,0,-83.0642658557607,-20.8946006481016,1619.90961443416,48.3673488613202,-13.0769626348828,1606.36660162144,NaN,NaN,NaN,NaN,NaN,NaN,0.0408000014722347,0.140400007367134,0.989199995994568,9.21000003814697,84.0500030517578,626.429992675781
346466.6934841,922.8,0.00272710504941642,0.0814457409083843,0,-83.0544486050737,-20.9327240591058,1619.89353355001,48.3741052460071,-13.1508009828657,1606.31908409868,NaN,NaN,NaN,NaN,NaN,NaN,0.032200001180172,0.145300000905991,0.988900005817413,11.4399995803833,88.1500015258789,643.330017089844
346466.7039067,925.8,0.00256930361501873,0.0815013092011213,0,-83.0320838320046,-20.968839130528,1619.87495782464,48.366490303578,-13.1909665035108,1606.28006989672,NaN,NaN,NaN,NaN,NaN,NaN,0.0500999987125397,0.146300002932549,0.987999975681305,13.9399995803833,93.7099990844727,668.909973144531
346466.7143774,928.8,0.00220320606604218,0.0805228319019079,0,-83.023651215535,-20.9909465503484,1619.85988398275,48.4009018859009,-13.2690483320624,1606.28421839265,NaN,NaN,NaN,NaN,NaN,NaN,0.0381999984383583,0.148100003600121,0.988200008869171,16.0799999237061,97.2399978637695,687.169982910156
346466.7248206,931.8,0.00242148200049996,0.0816785864531994,0,-83.035606822651,-20.9929649217465,1619.82372978545,48.4117299993839,-13.3465365530378,1606.24899236563,NaN,NaN,NaN,NaN,NaN,NaN,0.0544000007212162,0.14920000731945,0.987299978733063,19.5900001525879,104.769996643066,729.789978027344
346466.7352788,934.8,0.0024911321233958,0.0811576139181852,0,-82.984134261992,-21.0343975192494,1619.8312106189,48.4316414890794,-13.425051494446,1606.23891833989,NaN,NaN,NaN,NaN,NaN,NaN,0.045499999076128,0.147799998521805,0.987999975681305,21.1200008392334,100.970001220703,710.440002441406
346466.7457395,937.8,0.00270518148317933,0.0806222449988127,0,-83.0052500693804,-21.0633743051995,1619.79305027699,48.3829880289555,-13.6193622669632,1606.14112407933,NaN,NaN,NaN,NaN,NaN,NaN,0,0,0,0,0,0
346466.7562145,940.8,0.00307460338808596,0.082028653845191,0,-82.9679435800384,-21.0907387036518,1619.80668250505,48.3772797023567,-13.6495806746444,1606.14860302549,NaN,NaN,NaN,NaN,NaN,NaN,0,0,0,0,0,0
346466.7666293,943.8,0.00221520499326289,0.0808653127402067,0,-82.9688141039171,-21.1360791324841,1619.80344001332,48.3347745313507,-13.7486990592865,1606.09695280238,NaN,NaN,NaN,NaN,NaN,NaN,0,0,0,0,0,0
346466.7770704,946.8,0.00200992659665644,0.0812507815659046,0,-83.02925839324,-21.1403324395314,1619.72862409453,48.3045676989267,-13.855289282262,1606.06833958444,NaN,NaN,NaN,NaN,NaN,NaN,0,0,0,0,0,0
346466.7907523,949.8,0.0033956456463784,0.0818270336836577,0,0,0,0,0,0,0,NaN,NaN,NaN,NaN,NaN,NaN,0,0,0,0,0,0
346466.8011527,952.8,0.00244237016886473,0.0804564975202084,0,0,0,0,0,0,0,NaN,NaN,NaN,NaN,NaN,NaN,0,0,0,0,0,0
346466.8115828,955.8,0.00166976428590715,0.0808276575058699,0,0,0,0,0,0,0,NaN,NaN,NaN,NaN,NaN,NaN,0,0,0,0,0,0
346466.8220175,958.8,0.00183333177119493,0.0806557707488537,0,0,0,0,0,0,0,NaN,NaN,NaN,NaN,NaN,NaN,0,0,0,0,0,0
346466.8325071,961.8,0.00118344975635409,0.0802537597715855,0,0,0,0,0,0,0,NaN,NaN,NaN,NaN,NaN,NaN,0.0692000016570091,0.140599995851517,0.987600028514862,39.8400001525879,95.9700012207031,713.690002441406
346466.8428987,964.8,0.00157241150736809,0.0807190932333469,0,0,0,0,0,0,0,NaN,NaN,NaN,NaN,NaN,NaN,0.0824000015854836,0.139899998903275,0.986699998378754,43.1500015258789,100.459999084473,747.559997558594
346466.8533662,967.8,0.00183724903035909,0.080456180870533,0,0,0,0,0,0,0,NaN,NaN,NaN,NaN,NaN,NaN,0.0741000026464462,0.140499994158745,0.987299978733063,46.5900001525879,104.169998168945,768.960021972656
346466.8638149,970.8,0.00204468355514109,0.0806041028350592,0,0,0,0,0,0,0,NaN,NaN,NaN,NaN,NaN,NaN,0.0885000005364418,0.143500000238419,0.985700011253357,53.3400001525879,115.25,837.380004882812
346466.8742809,973.8,0.00227270997129381,0.0796705171465874,0,0,0,0,0,0,0,NaN,NaN,NaN,NaN,NaN,NaN,0.0834000036120415,0.142399996519089,0.986299991607666,57.1399993896484,118.180000305176,851.400024414062
346466.88474,976.8,0.00214838888496161,0.0813396334648132,0,0,0,0,0,0,0,NaN,NaN,NaN,NaN,NaN,NaN,0.0948999971151352,0.145500004291534,0.984799981117249,60.8600006103516,119.830001831055,855.760009765625
346466.8952336,979.8,0.0014384756796062,0.08067332431674,0,0,0,0,0,0,0,NaN,NaN,NaN,NaN,NaN,NaN,0.092799998819828,0.143700003623962,0.985300004482269,67.5299987792969,126.080001831055,898.380004882812
346466.9059386,982.8,0.00141591450665146,0.0805407598614693,0,0,0,0,0,0,0,NaN,NaN,NaN,NaN,NaN,NaN,0,0,0,0,0,0
346466.9164853,985.8,0.00193782884161919,0.0794522766023874,0,-82.855569287942,-22.4681916003071,1619.58209465624,48.4263464511947,-15.0576234730388,1606.00745911303,NaN,NaN,NaN,NaN,NaN,NaN,0,0,0,0,0,0
346466.9269548,988.8,0.00125245784875005,0.0804304335266352,0,-82.8558120230451,-22.5849072981516,1619.57814666363,48.5411092824478,-15.2178804618621,1606.01493342321,NaN,NaN,NaN,NaN,NaN,NaN,0,0,0,0,0,0
346466.9374405,991.8,0.00142347882501781,0.0800801016390324,0,-82.8552243451206,-22.6808264275974,1619.56832149462,48.6519852197559,-15.3580998725869,1606.06705226989,NaN,NaN,NaN,NaN,NaN,NaN,0,0,0,0,0,0
346466.9479205,994.8,0.00136616022791713,0.0803800638765097,0,-82.8283796837686,-22.763028647992,1619.5453829523,48.6914801743146,-15.4740681160955,1606.04426371351,NaN,NaN,NaN,NaN,NaN,NaN,0,0,0,0,0,0
346466.9583968,997.8,0.00133070338051766,0.0805882908403873,0,0,0,0,0,0,0,NaN,NaN,NaN,NaN,NaN,NaN,0,0,0,0,0,0
346466.9690735,1000.8,0.00186754984315485,0.0809478130191565,0,0,0,0,0,0,0,NaN,NaN,NaN,NaN,NaN,NaN,0,0,0,0,0,0
346466.9796823,1003.8,0.00185931008309126,0.080388080701232,0,0,0,0,0,0,0,NaN,NaN,NaN,NaN,NaN,NaN,0,0,0,0,0,0
346466.9900819,1006.8,0.00177488184999675,0.0805903881788254,0,0,0,0,0,0,0,NaN,NaN,NaN,NaN,NaN,NaN,0,0,0,0,0,0
346467.0004846,1009.8,0.00237481482326984,0.0801681470125914,0,0,0,0,0,0,0,NaN,NaN,NaN,NaN,NaN,NaN,0,0,0,0,0,0
346467.0109892,1012.8,0.00170271995011717,0.0801947046071291,0,0,0,0,0,0,0,NaN,NaN,NaN,NaN,NaN,NaN,0,0,0,0,0,0
346467.0213939,1015.8,0.00170075474306941,0.0809403643012047,0,0,0,0,0,0,0,NaN,NaN,NaN,NaN,NaN,NaN,0,0,0,0,0,0
346467.0318355,1018.8,0.00177914008963853,0.0804725013673306,0,0,0,0,0,0,0,NaN,NaN,NaN,NaN,NaN,NaN,0,0,0,0,0,0
346467.042264,1021.8,0.00065937009640038,0.0796122163534164,0,0,0,0,0,0,0,NaN,NaN,NaN,NaN,NaN,NaN,0.140499994158745,0.150099992752075,0.978600025177002,135.699996948242,159.699996948242,1082.21997070312
346467.0527206,1024.8,0.000984844285994768,0.0807283598929644,0,0,0,0,0,0,0,NaN,NaN,NaN,NaN,NaN,NaN,0.141800001263618,0.147400006651878,0.978900015354156,142.050003051758,160.669998168945,1104.06005859375
346467.0642161,1027.8,0.00146690814290196,0.0806100968271494,0,0,0,0,0,0,0,NaN,NaN,NaN,NaN,NaN,NaN,0.148399993777275,0.148399993777275,0.977699995040894,153.199996948242,167.229995727539,1163.82995605469
346467.074668,1030.8,0.00199261796660721,0.0795049987733364,0,0,0,0,0,0,0,NaN,NaN,NaN,NaN,NaN,NaN,0.148399993777275,0.145300000905991,0.978200018405914,160.419998168945,169.729995727539,1188.16003417969
346467.0852037,1033.8,0.00136988295707852,0.0808204863220453,0,0,0,0,0,0,0,NaN,NaN,NaN,NaN,NaN,NaN,0.157000005245209,0.146599993109703,0.976700007915497,156.770004272461,158.210006713867,1127.31994628906
346467.0956892,1036.8,0.00206035142764449,0.0810523837804794,0,0,0,0,0,0,0,NaN,NaN,NaN,NaN,NaN,NaN,0,0,0,0,0,0
346467.1061557,1039.8,0.00178108678665012,0.0806191939860582,0,0,0,0,0,0,0,NaN,NaN,NaN,NaN,NaN,NaN,0,0,0,0,0,0
346467.1171619,1042.8,0.00177355390042067,0.0809228796511889,0,0,0,0,0,0,0,NaN,NaN,NaN,NaN,NaN,NaN,0,0,0,0,0,0
346467.1275336,1045.8,0.00119769084267318,0.0814432915300131,0,0,0,0,0,0,0,NaN,NaN,NaN,NaN,NaN,NaN,0,0,0,0,0,0
346467.1380018,1048.8,0.00107306812424213,0.0802595265209675,0,0,0,0,0,0,0,NaN,NaN,NaN,NaN,NaN,NaN,0,0,0,0,0,0
346467.1483902,1051.8,0.00214973883703351,0.0814077522605658,0,0,0,0,0,0,0,NaN,NaN,NaN,NaN,NaN,NaN,0,0,0,0,0,0
346467.1589389,1054.8,0.00217922870069742,0.080756051838398,0,0,0,0,0,0,0,NaN,NaN,NaN,NaN,NaN,NaN,0,0,0,0,0,0
346467.1702295,1057.8,0.000748559716157615,0.0809401817619801,0,0,0,0,0,0,0,NaN,NaN,NaN,NaN,NaN,NaN,0,0,0,0,0,0
346467.1808088,1060.8,0.00170706852804869,0.0816684108227491,0,0,0,0,0,0,0,NaN,NaN,NaN,NaN,NaN,NaN,0,0,0,0,0,0
346467.1912466,1063.8,0.00189464574214071,0.0811724647879601,0,0,0,0,0,0,0,NaN,NaN,NaN,NaN,NaN,NaN,0,0,0,0,0,0
346467.2017391,1066.8,0.00215944461524487,0.0810404032468796,0,0,0,0,0,0,0,NaN,NaN,NaN,NaN,NaN,NaN,0,0,0,0,0,0
346467.2122423,1069.8,0.00214688247069716,0.0815058056265116,0,0,0,0,0,0,0,NaN,NaN,NaN,NaN,NaN,NaN,0,0,0,0,0,0
346467.2227141,1072.8,0.00257714535109699,0.0817209839820862,0,0,0,0,0,0,0,NaN,NaN,NaN,NaN,NaN,NaN,0.250699996948242,0.136500000953674,0.958400011062622,176.809997558594,83.9700012207031,663.22998046875
346467.233205,1075.8,0.00197557616047561,0.082280358672142,0,0,0,0,0,0,0,NaN,NaN,NaN,NaN,NaN,NaN,0.265199989080429,0.129999995231628,0.955399990081787,184.770004272461,88.6100006103516,690.239990234375
346467.2436709,1078.8,0.00238466542214155,0.0819848425686359,0,0,0,0,0,0,0,NaN,NaN,NaN,NaN,NaN,NaN,0.255400002002716,0.136700004339218,0.957099974155426,179.380004882812,83.8000030517578,659.549987792969
346467.254295,1081.8,0.00274670124053955,0.0820853285491467,0,0,0,0,0,0,0,NaN,NaN,NaN,NaN,NaN,NaN,0.272899985313416,0.129899993538857,0.953199982643127,192.5,89.8899993896484,698.049987792969
346467.264787,1084.8,0.00242115883156657,0.0825423583388329,0,0,0,0,0,0,0,NaN,NaN,NaN,NaN,NaN,NaN,0.263599991798401,0.134100005030632,0.955299973487854,180.889999389648,81.5500030517578,646.5
346467.275234,1087.8,0.00254524452611804,0.0826487991958857,0,0,0,0,0,0,0,NaN,NaN,NaN,NaN,NaN,NaN,0.281899988651276,0.122400000691414,0.951600015163422,155.460006713867,63.7099990844727,539.97998046875
346467.2856618,1090.8,0.00210409122519195,0.0829568173736334,0,0,0,0,0,0,0,NaN,NaN,NaN,NaN,NaN,NaN,0,0,0,0,0,0
346467.2960227,1093.8,0.00123223022092134,0.0832618348300457,0,0,0,0,0,0,0,NaN,NaN,NaN,NaN,NaN,NaN,0,0,0,0,0,0
346467.3064342,1096.8,0.00232604308985174,0.0832589663565159,0,0,0,0,0,0,0,NaN,NaN,NaN,NaN,NaN,NaN,0,0,0,0,0,0
346467.3168583,1099.8,0.00233305850997567,0.0835474546998739,0,0,0,0,0,0,0,NaN,NaN,NaN,NaN,NaN,NaN,0,0,0,0,0,0
346467.3272581,1102.8,0.00203107483685017,0.0832924995571375,0,0,0,0,0,0,0,NaN,NaN,NaN,NaN,NaN,NaN,0,0,0,0,0,0
346467.3376751,1105.8,0.00189428264275193,0.0838325865566731,0,0,0,0,0,0,0,NaN,NaN,NaN,NaN,NaN,NaN,0,0,0,0,0,0
346467.3480599,1108.8,0.00142419594340026,0.0834172185510397,0,0,0,0,0,0,0,NaN,NaN,NaN,NaN,NaN,NaN,0,0,0,0,0,0
346467.3585145,1111.8,0.00192458054516464,0.0840555228292942,0,0,0,0,0,0,0,NaN,NaN,NaN,NaN,NaN,NaN,0,0,0,0,0,0
346467.3702937,1114.8,0.0021034344099462,0.0837608765810728,0,0,0,0,0,0,0,NaN,NaN,NaN,NaN,NaN,NaN,0,0,0,0,0,0
346467.3807168,1117.8,0.00134271429851651,0.0846784928813577,0,0,0,0,0,0,0,NaN,NaN,NaN,NaN,NaN,NaN,0,0,0,0,0,0
346467.3910973,1120.8,0.00229827640578151,0.0840662442147732,0,0,0,0,0,0,0,NaN,NaN,NaN,NaN,NaN,NaN,0,0,0,0,0,0
346467.4015307,1123.8,0.00295775290578604,0.0841841831803322,0,0,0,0,0,0,0,NaN,NaN,NaN,NaN,NaN,NaN,0,0,0,0,0,0
346467.4119448,1126.8,0.00278458558022976,0.0837840329855681,0,0,0,0,0,0,0,NaN,NaN,NaN,NaN,NaN,NaN,0,0,0,0,0,0
346467.4223859,1129.8,0.00380300614051521,0.0835929907858372,0,0,0,0,0,0,0,NaN,NaN,NaN,NaN,NaN,NaN,0.256999999284744,0.130999997258186,0.957499980926514,153.470001220703,69.7300033569336,568.820007324219
346467.4328574,1132.8,0.00291869486682117,0.0835866503417492,0,0,0,0,0,0,0,NaN,NaN,NaN,NaN,NaN,NaN,0.262699991464615,0.126399993896484,0.95660001039505,133.5,56.5400009155273,485.809997558594
346467.4433571,1135.8,0.00254098535515368,0.083923327177763,0,0,0,0,0,0,0,NaN,NaN,NaN,NaN,NaN,NaN,0.260699987411499,0.13120000064373,0.956499993801117,136.539993286133,58.25,492.329986572266
346467.453833,1138.8,0.00243393494747579,0.0841642193496227,0,0,0,0,0,0,0,NaN,NaN,NaN,NaN,NaN,NaN,0.267599999904633,0.129299998283386,0.954800009727478,146.339996337891,64.1800003051758,525.150024414062
346467.4644688,1141.8,0.00296004675328732,0.0842600412666798,0,0,0,0,0,0,0,NaN,NaN,NaN,NaN,NaN,NaN,0.264999985694885,0.132499992847443,0.955099999904633,140.880004882812,60.2400016784668,499.510009765625
346467.4750456,1144.8,0.00227434746921062,0.0837107118219137,0,-84.1098422398638,-29.0685011884873,1619.27084186931,47.4097498667242,-21.2358954700421,1606.14758288199,NaN,NaN,NaN,NaN,NaN,NaN,0.273200005292892,0.127399995923042,0.953499972820282,131.929992675781,54.25,460.760009765625
346467.485456,1147.8,0.00348847452551126,0.0841267932206392,0,0,0,0,0,0,0,NaN,NaN,NaN,NaN,NaN,NaN,0.269699990749359,0.131500005722046,0.95389997959137,115.940002441406,44.9599990844727,398.230010986328
346467.4958879,1150.8,0.00335304765030742,0.0845253434032202,0,0,0,0,0,0,0,NaN,NaN,NaN,NaN,NaN,NaN,0,0,0,0,0,0
346467.5062403,1153.8,0.00259541906416416,0.0848169237375259,0,0,0,0,0,0,0,NaN,NaN,NaN,NaN,NaN,NaN,0,0,0,0,0,0
346467.5166538,1156.8,0.00385447544977069,0.0849972287192941,0,0,0,0,0,0,0,NaN,NaN,NaN,NaN,NaN,NaN,0,0,0,0,0,0
346467.530221,1159.8,0.0037820867728442,0.0852350763976574,0,0,0,0,0,0,0,NaN,NaN,NaN,NaN,NaN,NaN,0,0,0,0,0,0
346467.5407706,1162.8,0.00381477829068899,0.0849383337423205,0,0,0,0,0,0,0,NaN,NaN,NaN,NaN,NaN,NaN,0,0,0,0,0,0
346467.5512346,1165.8,0.00474476907402277,0.0845689050853252,0,0,0,0,0,0,0,NaN,NaN,NaN,NaN,NaN,NaN,0,0,0,0,0,0
346467.5616256,1168.8,0.00356482295319438,0.0850372588261962,0,0,0,0,0,0,0,NaN,NaN,NaN,NaN,NaN,NaN,0,0,0,0,0,0
346467.5721487,1171.8,0.0035313640255481,0.0848755272105336,0,0,0,0,0,0,0,NaN,NaN,NaN,NaN,NaN,NaN,0,0,0,0,0,0
346467.582511,1174.8,0.00369831966236234,0.0853245271369815,0,0,0,0,0,0,0,NaN,NaN,NaN,NaN,NaN,NaN,0.304500013589859,0.126200005412102,0.944100022315979,199.169998168945,79.2900009155273,634.070007324219
346467.5929279,1177.8,0.0034182695671916,0.0839518945664167,0,0,0,0,0,0,0,NaN,NaN,NaN,NaN,NaN,NaN,0.305000007152557,0.123700000345707,0.9442999958992,189.289993286133,73.0899963378906,601.400024414062
346467.6033934,1180.8,0.00400598393753171,0.0852447025477886,0,0,0,0,0,0,0,NaN,NaN,NaN,NaN,NaN,NaN,0.305400013923645,0.123499996960163,0.944199979305267,198.899993896484,76.5100021362305,628.440002441406
346467.6138939,1183.8,0.00442608445882797,0.0845589743927121,0,0,0,0,0,0,0,NaN,NaN,NaN,NaN,NaN,NaN,0.313499987125397,0.124600000679493,0.941399991512299,203.720001220703,78.5199966430664,636.330017089844
346467.6243581,1186.8,0.00395513698458672,0.0846988068893552,0,-84.8731118471338,-30.1125317565976,1619.60972977789,46.6706775311757,-22.1876348124134,1606.49910958757,NaN,NaN,NaN,NaN,NaN,NaN,0.309599995613098,0.125,0.942600011825562,193.289993286133,72.9000015258789,595.169982910156
346467.6349679,1189.8,0.00300967087969184,0.0854626292362809,0,-84.8656149433328,-30.3103695279505,1619.5822927978,46.6435862198133,-22.3048080365063,1606.50350115981,NaN,NaN,NaN,NaN,NaN,NaN,0.32150000333786,0.123499996960163,0.938799977302551,186.229995727539,68.620002746582,565.299987792969
346467.6454306,1192.8,0.00467995647341013,0.0853616692125797,0,-85.3393214270107,-30.6720055384017,1619.55801147888,46.641232658732,-22.3864541516164,1606.53551318334,NaN,NaN,NaN,NaN,NaN,NaN,0.314000010490417,0.12610000371933,0.940999984741211,170.309997558594,61.1599998474121,508.549987792969
346467.6559124,1195.8,0.00420718174427748,0.0849973786622286,0,-85.4274459344161,-30.8787436213703,1619.51277268736,46.5655074937825,-22.5077188790662,1606.48860813157,NaN,NaN,NaN,NaN,NaN,NaN,0,0,0,0,0,0
346467.6662944,1198.8,0.00450090365484357,0.0845892218872905,0,0,0,0,0,0,0,NaN,NaN,NaN,NaN,NaN,NaN,0,0,0,0,0,0
346467.6766769,1201.8,0.00532968854531646,0.0858383229002357,0,0,0,0,0,0,0,NaN,NaN,NaN,NaN,NaN,NaN,0,0,0,0,0,0
346467.68858,1204.8,0.004964261315763,0.0842741917818785,0,0,0,0,0,0,0,NaN,NaN,NaN,NaN,NaN,NaN,0,0,0,0,0,0
346467.6990324,1207.8,0.00454274751245975,0.085573448240757,0,0,0,0,0,0,0,NaN,NaN,NaN,NaN,NaN,NaN,0,0,0,0,0,0
346467.7095167,1210.8,0.00442359689623117,0.0847358334809542,0,0,0,0,0,0,0,NaN,NaN,NaN,NaN,NaN,NaN,0,0,0,0,0,0
346467.7199488,1213.8,0.00431149546056986,0.0844773234799504,0,0,0,0,0,0,0,NaN,NaN,NaN,NaN,NaN,NaN,0,0,0,0,0,0
346467.7303608,1216.8,0.00444346806034446,0.0849973767995834,0,0,0,0,0,0,0,NaN,NaN,NaN,NaN,NaN,NaN,0,0,0,0,0,0
346467.7415939,1219.8,0.00437976978719234,0.0855132531374693,0,0,0,0,0,0,0,NaN,NaN,NaN,NaN,NaN,NaN,0,0,0,0,0,0
346467.7520576,1222.8,0.00486738746985793,0.0854440055787563,0,0,0,0,0,0,0,NaN,NaN,NaN,NaN,NaN,NaN,0,0,0,0,0,0
346467.762505,1225.8,0.00502787437289953,0.0850055687129498,0,0,0,0,0,0,0,NaN,NaN,NaN,NaN,NaN,NaN,0.338200002908707,0.1216000020504,0.933200001716614,251.880004882812,87.4100036621094,733.219970703125
346467.7729167,1228.8,0.00500633008778095,0.0857109449803829,0,-85.2322951682392,-32.7018341966202,1619.0453593023,46.1240847587382,-24.2339482448836,1606.05621423871,NaN,NaN,NaN,NaN,NaN,NaN,0.339399993419647,0.123099997639656,0.932500004768372,264.859985351562,92.9599990844727,764.820007324219
346467.7833403,1231.8,0.00518792355433106,0.0856111779808998,0,0,0,0,0,0,0,NaN,NaN,NaN,NaN,NaN,NaN,0.340000003576279,0.124200001358986,0.932200014591217,280.790008544922,99.8300018310547,801.440002441406
346467.7947331,1234.8,0.00467210402712226,0.0856249121949077,0,0,0,0,0,0,0,NaN,NaN,NaN,NaN,NaN,NaN,0.348399996757507,0.127499997615814,0.928600013256073,268.010009765625,94.6600036621094,752.369995117188
346467.8053415,1237.8,0.00472693145275116,0.0853704078122973,0,0,0,0,0,0,0,NaN,NaN,NaN,NaN,NaN,NaN,0.341600000858307,0.12780000269413,0.931100010871887,254.830001831055,89.5599975585938,697.119995117188
346467.815923,1240.8,0.00435025338083506,0.0860200565308332,0,0,0,0,0,0,0,NaN,NaN,NaN,NaN,NaN,NaN,0,0,0,0,0,0
346467.8263827,1243.8,0.00385537650436163,0.0854717329144478,0,0,0,0,0,0,0,NaN,NaN,NaN,NaN,NaN,NaN,0,0,0,0,0,0
346467.8368353,1246.8,0.00443291803821921,0.0865137375891209,0,0,0,0,0,0,0,NaN,NaN,NaN,NaN,NaN,NaN,0,0,0,0,0,0
346467.8476946,1249.8,0.00453530671074986,0.0861535215750337,0,0,0,0,0,0,0,NaN,NaN,NaN,NaN,NaN,NaN,0,0,0,0,0,0
346467.8580919,1252.8,0.00415047258138657,0.0860188961029053,0,0,0,0,0,0,0,NaN,NaN,NaN,NaN,NaN,NaN,0,0,0,0,0,0
346467.8685116,1255.8,0.00451676873490214,0.0862967850640416,0,0,0,0,0,0,0,NaN,NaN,NaN,NaN,NaN,NaN,0,0,0,0,0,0
346467.8789863,1258.8,0.00441717030480504,0.0865022571757436,0,0,0,0,0,0,0,NaN,NaN,NaN,NaN,NaN,NaN,0,0,0,0,0,0
346467.8895142,1261.8,0.00466380082070827,0.0862666428089142,0,0,0,0,0,0,0,NaN,NaN,NaN,NaN,NaN,NaN,0,0,0,0,0,0
346467.8999467,1264.8,0.00489064073190093,0.0866851065307856,0,0,0,0,0,0,0,NaN,NaN,NaN,NaN,NaN,NaN,0,0,0,0,0,0
346467.9104061,1267.8,0.00535561004653573,0.0863028079271317,0,0,0,0,0,0,0,NaN,NaN,NaN,NaN,NaN,NaN,0,0,0,0,0,0
346467.9208191,1270.8,0.00447670463472605,0.0864385090768337,0,0,0,0,0,0,0,NaN,NaN,NaN,NaN,NaN,NaN,0,0,0,0,0,0
346467.931252,1273.8,0.00409071147441864,0.0870061157271266,0,0,0,0,0,0,0,NaN,NaN,NaN,NaN,NaN,NaN,0,0,0,0,0,0
346467.9417559,1276.8,0.00484742084518075,0.0874477377161384,0,0,0,0,0,0,0,NaN,NaN,NaN,NaN,NaN,NaN,0,0,0,0,0,0
346467.9522371,1279.8,0.0046915840357542,0.0873401382938027,0,0,0,0,0,0,0,NaN,NaN,NaN,NaN,NaN,NaN,0,0,0,0,0,0
346467.96268,1282.8,0.00484911631792784,0.0874166576191783,0,0,0,0,0,0,0,NaN,NaN,NaN,NaN,NaN,NaN,0.377999991178513,0.123700000345707,0.917500019073486,300.480010986328,94.120002746582,759.599975585938
346467.9731918,1285.8,0.00484069902449846,0.0882193198427558,0,0,0,0,0,0,0,NaN,NaN,NaN,NaN,NaN,NaN,0.383799999952316,0.12610000371933,0.914799988269806,295.299987792969,91.4800033569336,739.719970703125
346467.9836903,1288.8,0.00520987017080188,0.0872626410797238,0,0,0,0,0,0,0,NaN,NaN,NaN,NaN,NaN,NaN,0.382099986076355,0.122599996626377,0.916000008583069,287.920013427734,88.3499984741211,714.340026855469
346467.994123,1291.8,0.0041557215154171,0.0879799699410796,0,0,0,0,0,0,0,NaN,NaN,NaN,NaN,NaN,NaN,0.389400005340576,0.126000002026558,0.912400007247925,285.920013427734,87.2399978637695,702.890014648438
346468.0045169,1294.8,0.00437119603157043,0.0878720557317138,0,0,0,0,0,0,0,NaN,NaN,NaN,NaN,NaN,NaN,0.385199993848801,0.125,0.91430002450943,288.239990234375,89.6500015258789,702.890014648438
346468.0150079,1297.8,0.00465943478047848,0.0881658861413598,0,0,0,0,0,0,0,NaN,NaN,NaN,NaN,NaN,NaN,0.390300005674362,0.130300000309944,0.911400020122528,319.260009765625,101.300003051758,779.049987792969
346468.0256309,960,0.00488662347197533,0.0889159668236971,0,0,0,0,0,0,0,NaN,NaN,NaN,NaN,NaN,NaN,0.387499988079071,0.127599999308586,0.912999987602234,328.839996337891,104.220001220703,800.570007324219
346468.0362975,960,0.00442317826673388,0.0885118240490556,0,0,0,0,0,0,0,NaN,NaN,NaN,NaN,NaN,NaN,0,0,0,0,0,0
346468.0475978,960,0.00387352239340544,0.0881673250347376,0,0,0,0,0,0,0,NaN,NaN,NaN,NaN,NaN,NaN,0,0,0,0,0,0
346468.0580375,960,0.00440459977835417,0.089365991204977,0,0,0,0,0,0,0,NaN,NaN,NaN,NaN,NaN,NaN,0,0,0,0,0,0
346468.0687094,960,0.0043973745778203,0.0886172646656632,0,0,0,0,0,0,0,NaN,NaN,NaN,NaN,NaN,NaN,0,0,0,0,0,0
346468.0791754,960,0.00448691286146641,0.0891175655648112,0,0,0,0,0,0,0,NaN,NaN,NaN,NaN,NaN,NaN,0,0,0,0,0,0
346468.0895508,960,0.00397706869989634,0.0885324742645025,0,0,0,0,0,0,0,NaN,NaN,NaN,NaN,NaN,NaN,0,0,0,0,0,0
346468.1000048,960,0.00281557091511786,0.0896449893712997,0,0,0,0,0,0,0,NaN,NaN,NaN,NaN,NaN,NaN,0,0,0,0,0,0
346468.1103844,960,0.00413698982447386,0.0897973453626037,0,0,0,0,0,0,0,NaN,NaN,NaN,NaN,NaN,NaN,0,0,0,0,0,0
346468.1207971,960,0.0048307990655303,0.090253341384232,0,0,0,0,0,0,0,NaN,NaN,NaN,NaN,NaN,NaN,0,0,0,0,0,0
346468.1312854,960,0.00374666345305741,0.0902938846498728,0,0,0,0,0,0,0,NaN,NaN,NaN,NaN,NaN,NaN,0,0,0,0,0,0
346468.141795,960,0.00426386203616858,0.090471787750721,0,0,0,0,0,0,0,NaN,NaN,NaN,NaN,NaN,NaN,0,0,0,0,0,0
346468.152281,960,0.00449644075706601,0.0896208895370364,0,0,0,0,0,0,0,NaN,NaN,NaN,NaN,NaN,NaN,0,0,0,0,0,0
346468.1627085,960,0.00466007925570011,0.0909171415492892,0,0,0,0,0,0,0,NaN,NaN,NaN,NaN,NaN,NaN,0.437999993562698,0.132599994540215,0.88919997215271,352.329986572266,97.6999969482422,746.609985351562
346468.1731928,960,0.00430916948243976,0.0905184358358383,0,0,0,0,0,0,0,NaN,NaN,NaN,NaN,NaN,NaN,0.450399994850159,0.156700000166893,0.879000008106232,295.799987792969,80.5899963378906,607.619995117188
346468.1836344,960,0.00446085352450609,0.0907955452799797,0,0,0,0,0,0,0,NaN,NaN,NaN,NaN,NaN,NaN,0.452600002288818,0.155499994754791,0.878099977970123,254.179992675781,67.2900009155273,524.039978027344
346468.1941112,960,0.00384523812681437,0.0900151416659355,0,0,0,0,0,0,0,NaN,NaN,NaN,NaN,NaN,NaN,0.451099991798401,0.163800001144409,0.877300024032593,241.630004882812,62.9500007629395,496.440002441406
346468.2045731,960,0.00383266340941191,0.0908137759193778,0,0,0,0,0,0,0,NaN,NaN,NaN,NaN,NaN,NaN,0.455900013446808,0.158000007271767,0.875899970531464,242.020004272461,63.5200004577637,495.149993896484
346468.2150741,960,0.00497917179018259,0.0915124820545316,0,0,0,0,0,0,0,NaN,NaN,NaN,NaN,NaN,NaN,0.453000009059906,0.165600001811981,0.875999987125397,245.759994506836,65.5800018310547,502.260009765625
346468.2255712,960,0.0048411744646728,0.0906356260180473,0,0,0,0,0,0,0,NaN,NaN,NaN,NaN,NaN,NaN,0.456900000572205,0.160699993371964,0.874899983406067,244.679992675781,65.7300033569336,498.359985351562
346468.2360133,960,0.00523666106164455,0.0906476642936468,0,0,0,0,0,0,0,NaN,NaN,NaN,NaN,NaN,NaN,0,0,0,0,0,0
346468.2464319,960,0.00549236265942454,0.091198462434113,0,0,0,0,0,0,0,NaN,NaN,NaN,NaN,NaN,NaN,0,0,0,0,0,0
346468.2569098,960,0.00530316773802042,0.0906534450128675,0,0,0,0,0,0,0,NaN,NaN,NaN,NaN,NaN,NaN,0,0,0,0,0,0
346468.2699604,960,0.0050974702462554,0.0910198645666242,0,0,0,0,0,0,0,NaN,NaN,NaN,NaN,NaN,NaN,0,0,0,0,0,0
346468.2805102,960,0.00469724042341113,0.0905608044937253,0,0,0,0,0,0,0,NaN,NaN,NaN,NaN,NaN,NaN,0,0,0,0,0,0
346468.290934,960,0.00502763129770756,0.0912444483488798,0,0,0,0,0,0,0,NaN,NaN,NaN,NaN,NaN,NaN,0,0,0,0,0,0
346468.301309,960,0.00543286744505167,0.0901963593438268,0,0,0,0,0,0,0,NaN,NaN,NaN,NaN,NaN,NaN,0,0,0,0,0,0
346468.3117345,960,0.0042755831964314,0.0907188359647989,0,0,0,0,0,0,0,NaN,NaN,NaN,NaN,NaN,NaN,0,0,0,0,0,0
346468.3222565,960,0.00516677647829056,0.0912022687494755,0,0,0,0,0,0,0,NaN,NaN,NaN,NaN,NaN,NaN,0,0,0,0,0,0
346468.3327208,960,0.00502011459320784,0.0904885860159993,0,0,0,0,0,0,0,NaN,NaN,NaN,NaN,NaN,NaN,0.462199985980988,0.164199993014336,0.871399998664856,231.089996337891,57.4700012207031,461.149993896484
346468.3431428,960,0.00440966384485364,0.0905244819819927,0,0,0,0,0,0,0,NaN,NaN,NaN,NaN,NaN,NaN,0.461699992418289,0.161400005221367,0.872300028800964,232.570007324219,57.4300003051758,464.899993896484
346468.3535748,960,0.00389767810702324,0.0905475303530693,0,0,0,0,0,0,0,NaN,NaN,NaN,NaN,NaN,NaN,0.461199998855591,0.163900002837181,0.871999979019165,231.190002441406,57.1100006103516,462.089996337891
346468.3639386,960,0.00464380951598287,0.0913929458707571,0,0,0,0,0,0,0,NaN,NaN,NaN,NaN,NaN,NaN,0.461499989032745,0.162599995732307,0.872099995613098,230.139999389648,56.8899993896484,459.869995117188
346468.3744131,960,0.00495580397546291,0.0912011194974184,0,0,0,0,0,0,0,NaN,NaN,NaN,NaN,NaN,NaN,0.460999995470047,0.162200003862381,0.872500002384186,234.520004272461,58.0200004577637,469.820007324219
346468.3848729,960,0.00391575088724494,0.0906094782054424,0,0,0,0,0,0,0,NaN,NaN,NaN,NaN,NaN,NaN,0.459699988365173,0.159899994730949,0.873600006103516,237.419998168945,58.8699989318848,477.230010986328
346468.3954287,960,0.00418395735323429,0.0906047908589244,0,0,0,0,0,0,0,NaN,NaN,NaN,NaN,NaN,NaN,0.460399985313416,0.162200003862381,0.87279999256134,231.279998779297,56.439998626709,463.75
346468.4058878,960,0.00396467605605721,0.0915342507883906,0,0,0,0,0,0,0,NaN,NaN,NaN,NaN,NaN,NaN,0,0,0,0,0,0
346468.4164397,960,0.00431630993261933,0.0900136329233646,0,0,0,0,0,0,0,NaN,NaN,NaN,NaN,NaN,NaN,0,0,0,0,0,0
346468.4299433,960,0.00428066775202751,0.0906891202554107,0,0,0,0,0,0,0,NaN,NaN,NaN,NaN,NaN,NaN,0,0,0,0,0,0
346468.4404931,960,0.00479503395035863,0.0910791357979178,0,0,0,0,0,0,0,NaN,NaN,NaN,NaN,NaN,NaN,0,0,0,0,0,0
346468.4509777,960,0.00577716482803226,0.0901291420683265,0,0,0,0,0,0,0,NaN,NaN,NaN,NaN,NaN,NaN,0,0,0,0,0,0
346468.4614553,960,0.00453937519341707,0.0905460234731436,0,0,0,0,0,0,0,NaN,NaN,NaN,NaN,NaN,NaN,0,0,0,0,0,0
346468.4719067,960,0.00490311067551374,0.0908577566966415,0,0,0,0,0,0,0,NaN,NaN,NaN,NaN,NaN,NaN,0,0,0,0,0,0
346468.4823248,960,0.0045839617960155,0.0903215020895004,0,0,0,0,0,0,0,NaN,NaN,NaN,NaN,NaN,NaN,0,0,0,0,0,0
346468.4927452,960,0.00417655101045966,0.0899444319307804,0,0,0,0,0,0,0,NaN,NaN,NaN,NaN,NaN,NaN,0.143700003623962,0.139799997210503,0.979700028896332,59.75,50.3800010681152,418.209991455078
346468.5031979,960,0.00437335157766938,0.0907848117873073,0,0,0,0,0,0,0,NaN,NaN,NaN,NaN,NaN,NaN,0.145600005984306,0.141200006008148,0.979200005531311,69.1699981689453,63.7900009155273,492.220001220703
346468.5137066,960,0.00509197311475873,0.0906859928742051,0,0,0,0,0,0,0,NaN,NaN,NaN,NaN,NaN,NaN,0.144999995827675,0.142499998211861,0.979099988937378,76.0800018310547,72.6699981689453,545.489990234375
346468.5241714,960,0.00464629381895065,0.0901811210438609,0,0,0,0,0,0,0,NaN,NaN,NaN,NaN,NaN,NaN,0.145199999213219,0.14360000193119,0.978900015354156,82.6500015258789,81.7099990844727,598.070007324219
346468.5345754,960,0.00431197974830866,0.0906399883329868,0,0,0,0,0,0,0,NaN,NaN,NaN,NaN,NaN,NaN,0.14640000462532,0.145400002598763,0.978500008583069,89.9499969482422,92.0299987792969,654.260009765625
346468.5450239,960,0.00399365928024054,0.0897525710985065,0,0,0,0,0,0,0,NaN,NaN,NaN,NaN,NaN,NaN,0.145999997854233,0.146200001239777,0.978399991989136,89.1500015258789,91.1699981689453,646.419982910156
346468.5555991,960,0.00429132394492626,0.0901174437254667,0,0,0,0,0,0,0,NaN,NaN,NaN,NaN,NaN,NaN,0.14920000731945,0.145600005984306,0.977999985218048,89.9700012207031,92.4499969482422,653.380004882812
346468.566053,960,0.00445831147953868,0.0898929540067911,0,0,0,0,0,0,0,NaN,NaN,NaN,NaN,NaN,NaN,0,0,0,0,0,0
346468.5764783,960,0.00475041661411524,0.0901786064729095,0,0,0,0,0,0,0,NaN,NaN,NaN,NaN,NaN,NaN,0,0,0,0,0,0
346468.5868482,960,0.00461293337866664,0.090004038438201,0,0,0,0,0,0,0,NaN,NaN,NaN,NaN,NaN,NaN,0,0,0,0,0,0
346468.5972646,960,0.00412147538736463,0.0894659332931042,0,0,0,0,0,0,0,NaN,NaN,NaN,NaN,NaN,NaN,0,0,0,0,0,0
346468.6077037,960,0.00333017855882645,0.0911607978865504,0,0,0,0,0,0,0,NaN,NaN,NaN,NaN,NaN,NaN,0,0,0,0,0,0
346468.6181063,960,0.00460674008354545,0.0901457158848643,0,0,0,0,0,0,0,NaN,NaN,NaN,NaN,NaN,NaN,0,0,0,0,0,0
346468.628584,960,0.00460936175659299,0.0899677829816938,0,0,0,0,0,0,0,NaN,NaN,NaN,NaN,NaN,NaN,0,0,0,0,0,0
346468.6389993,960,0.00395860429853201,0.0893464334309101,0,0,0,0,0,0,0,NaN,NaN,NaN,NaN,NaN,NaN,0,0,0,0,0,0
346468.6501442,960,0.00523216743022203,0.0901502700522542,0,0,0,0,0,0,0,NaN,NaN,NaN,NaN,NaN,NaN,0,0,0,0,0,0
346468.6607443,960,0.00473860185593367,0.0892048994079232,0,0,0,0,0,0,0,NaN,NaN,NaN,NaN,NaN,NaN,0,0,0,0,0,0
346468.6712285,960,0.00377350999042392,0.0885708652436733,0,0,0,0,0,0,0,NaN,NaN,NaN,NaN,NaN,NaN,0,0,0,0,0,0
346468.681673,960,0.00419056555256248,0.0894488910213113,0,0,0,0,0,0,0,NaN,NaN,NaN,NaN,NaN,NaN,0,0,0,0,0,0
346468.6921151,960,0.00464078783988953,0.0890710217878223,0,0,0,0,0,0,0,NaN,NaN,NaN,NaN,NaN,NaN,0,0,0,0,0,0
346468.7025768,960,0.00418382743373513,0.0887999556958675,0,0,0,0,0,0,0,NaN,NaN,NaN,NaN,NaN,NaN,0.0975999981164932,0.13629999756813,0.98580002784729,34.9300003051758,58.9000015258789,463.380004882812
346468.7130075,960,0.00455584330484271,0.0884761152788997,0,-85.7631892582007,-34.8831977063145,1618.41356227505,45.6621005618346,-24.8620972119249,1606.02413041407,NaN,NaN,NaN,NaN,NaN,NaN,0.091499999165535,0.138600006699562,0.986100018024445,34.9500007629395,58.9700012207031,463.459991455078
346468.7234307,960,0.00469961808994412,0.0875007765367627,0,0,0,0,0,0,0,NaN,NaN,NaN,NaN,NaN,NaN,0.096900001168251,0.137999996542931,0.985700011253357,36.5499992370605,62.939998626709,485.790008544922
346468.7338868,960,0.00452276831492782,0.0876385554671288,0,0,0,0,0,0,0,NaN,NaN,NaN,NaN,NaN,NaN,0.092799998819828,0.141100004315376,0.985599994659424,37.5699996948242,64.7099990844727,492.089996337891
346468.7443555,960,0.00422633998095989,0.0872934799641371,0,0,0,0,0,0,0,NaN,NaN,NaN,NaN,NaN,NaN,0.0983999967575073,0.139599993824959,0.985300004482269,37.2999992370605,63.8400001525879,486.040008544922
346468.754821,960,0.00450184056535363,0.0877098947763443,0,0,0,0,0,0,0,NaN,NaN,NaN,NaN,NaN,NaN,0.092399999499321,0.141299992799759,0.985599994659424,37.3600006103516,64.7699966430664,491.850006103516
346468.7652667,960,0.00456956541165709,0.0872907903045416,0,0,0,0,0,0,0,NaN,NaN,NaN,NaN,NaN,NaN,0.0962999984622002,0.14190000295639,0.985199987888336,39.4599990844727,71.2900009155273,528.299987792969
346468.7757621,960,0.004009157884866,0.0868673523887992,0,0,0,0,0,0,0,NaN,NaN,NaN,NaN,NaN,NaN,0,0,0,0,0,0
346468.7862952,960,0.00431358488276601,0.0861926157027483,0,0,0,0,0,0,0,NaN,NaN,NaN,NaN,NaN,NaN,0,0,0,0,0,0
346468.7967638,960,0.00398822501301765,0.0871223345398903,0,0,0,0,0,0,0,NaN,NaN,NaN,NaN,NaN,NaN,0,0,0,0,0,0
346468.8098671,960,0.00452061602845788,0.085944364219904,0,0,0,0,0,0,0,NaN,NaN,NaN,NaN,NaN,NaN,0,0,0,0,0,0
346468.8203333,960,0.00495604518800974,0.0850327996537089,0,0,0,0,0,0,0,NaN,NaN,NaN,NaN,NaN,NaN,0,0,0,0,0,0
346468.8308226,960,0.00480423821136355,0.0855289189144969,0,0,0,0,0,0,0,NaN,NaN,NaN,NaN,NaN,NaN,0,0,0,0,0,0
346468.8412277,960,0.00425431132316589,0.0850735366344452,0,0,0,0,0,0,0,NaN,NaN,NaN,NaN,NaN,NaN,0,0,0,0,0,0
346468.8516958,960,0.00476836459711194,0.0845823235809803,0,0,0,0,0,0,0,NaN,NaN,NaN,NaN,NaN,NaN,0,0,0,0,0,0
346468.8621438,960,0.00449348427355289,0.0845567801967263,0,0,0,0,0,0,0,NaN,NaN,NaN,NaN,NaN,NaN,0,0,0,0,0,0
346468.8726492,960,0.00438718497753143,0.0847096279263496,0,0,0,0,0,0,0,NaN,NaN,NaN,NaN,NaN,NaN,0.10080000013113,0.143299996852875,0.984499990940094,53.6300010681152,93.9100036621094,677.890014648438
346468.8831105,960,0.00440369127318263,0.0840717054903507,0,0,0,0,0,0,0,NaN,NaN,NaN,NaN,NaN,NaN,0.103799998760223,0.147400006651878,0.98360002040863,56.2599983215332,102.569999694824,723.390014648438
346468.893533,960,0.00371221010573208,0.0830909632146359,0,0,0,0,0,0,0,NaN,NaN,NaN,NaN,NaN,NaN,0.0970999971032143,0.147799998521805,0.984200000762939,59.7599983215332,111.970001220703,777.950012207031
346468.9039334,960,0.00449471594765782,0.0829087853431702,0,0,0,0,0,0,0,NaN,NaN,NaN,NaN,NaN,NaN,0.103900000452995,0.147599995136261,0.98360002040863,57.8899993896484,105.959999084473,749.109985351562
346468.9143794,960,0.00453700963407755,0.0829210191965103,0,0,0,0,0,0,0,NaN,NaN,NaN,NaN,NaN,NaN,0.0988999977707863,0.143199995160103,0.98470002412796,54.2400016784668,96.4000015258789,695.900024414062
346468.9248441,960,0.00321511481888592,0.0839331805706024,0,0,0,0,0,0,0,NaN,NaN,NaN,NaN,NaN,NaN,0.104299999773502,0.146799996495247,0.98360002040863,55.3400001525879,100.589996337891,714.809997558594
346468.9352877,960,0.00450870394706726,0.0827278349548578,0,0,0,0,0,0,0,NaN,NaN,NaN,NaN,NaN,NaN,0.0984999984502792,0.14640000462532,0.984300017356873,54.4799995422363,100.150001525879,704.900024414062
346468.9456767,960,0.00481161847710609,0.081392377987504,0,0,0,0,0,0,0,NaN,NaN,NaN,NaN,NaN,NaN,0,0,0,0,0,0
346468.9561297,960,0.00391324423253536,0.0820802696049213,0,-86.7294813309023,-26.7069639932071,1618.42950593865,44.6678918993629,-17.5043553436521,1605.86616195488,NaN,NaN,NaN,NaN,NaN,NaN,0,0,0,0,0,0
346468.9697044,960,0.00395425455644727,0.0816127642989159,0,0,0,0,0,0,0,NaN,NaN,NaN,NaN,NaN,NaN,0,0,0,0,0,0
346468.9801249,960,0.00401722686365247,0.0815117251127958,0,0,0,0,0,0,0,NaN,NaN,NaN,NaN,NaN,NaN,0,0,0,0,0,0
346468.9904997,960,0.00436600297689438,0.0809755720198155,0,0,0,0,0,0,0,NaN,NaN,NaN,NaN,NaN,NaN,0,0,0,0,0,0
346469.0106843,960,0.0037217759527266,0.0811909478157759,0,0,0,0,0,0,0,NaN,NaN,NaN,NaN,NaN,NaN,0.102300003170967,0.144199997186661,0.984300017356873,48.439998626709,84.3300018310547,607.719970703125
346469.0212796,960,0.00388622167520225,0.0808910638093948,0,-86.6370310027272,-25.0676619657749,1618.59206464843,44.6751938963611,-16.1074819121503,1605.94176414506,NaN,NaN,NaN,NaN,NaN,NaN,0,0,0,0,0,0
346469.0319023,960,0.00359061057679355,0.0803808182477951,0,0,0,0,0,0,0,NaN,NaN,NaN,NaN,NaN,NaN,0,0,0,0,0,0
346469.0508022,960,0.00384751986712217,0.0805404990911484,0,0,0,0,0,0,0,NaN,NaN,NaN,NaN,NaN,NaN,0.101000003516674,0.14470000565052,0.984300017356873,54.4799995422363,95.8499984741211,684.059997558594
346469.0613111,960,0.00421852245926857,0.0793924391269684,0,-87.1014485782566,-23.6937289805038,1618.74990856549,44.4443807730219,-14.860344639326,1605.95647458529,NaN,NaN,NaN,NaN,NaN,NaN,0,0,0,0,0,0
346469.071865,960,0.00424646446481347,0.080428010225296,0,-87.1461043237097,-23.5116471435525,1618.70340265485,44.4053378878477,-14.6419820262461,1605.92793879791,NaN,NaN,NaN,NaN,NaN,NaN,0,0,0,0,0,0
346469.0823817,960,0.00331851094961166,0.0800028689205647,0,0,0,0,0,0,0,NaN,NaN,NaN,NaN,NaN,NaN,0.109399996697903,0.141299992799759,0.983900010585785,69.8300018310547,110.150001525879,810.780029296875
346469.0928011,960,0.00397888105362654,0.0800023138523102,0,0,0,0,0,0,0,NaN,NaN,NaN,NaN,NaN,NaN,0.105999998748302,0.133200004696846,0.985400021076202,63.4599990844727,93.4599990844727,728.739990234375
346469.1031992,960,0.00403776438906789,0.0802584499120712,0,0,0,0,0,0,0,NaN,NaN,NaN,NaN,NaN,NaN,0.0838999971747398,0.000600000028498471,0.996500015258789,32.1300010681152,22.3799991607666,514.5
346469.1136209,960,0.00447362242266536,0.0793555773794651,0,0,0,0,0,0,0,NaN,NaN,NaN,NaN,NaN,NaN,0.161200001835823,-0.149299994111061,0.975600004196167,67.0899963378906,-60.4000015258789,582.25
346469.12406,960,0.00400329008698463,0.0802639223635197,0,0,0,0,0,0,0,NaN,NaN,NaN,NaN,NaN,NaN,0,0,0,0,0,0
346469.2325989,960,0.00397916836664081,0.0799053277820349,0,0,0,0,0,0,0,NaN,NaN,NaN,NaN,NaN,NaN,0,0,0,118.879997253418,-180.009994506836,560.580017089844
346469.2432512,960,0.00403819046914577,0.0809764362871647,0,0,0,0,0,0,0,NaN,NaN,NaN,NaN,NaN,NaN,0,0,0,0,0,0
346469.2538043,960,0.00379077554680407,0.0803793113678694,0,0,0,0,0,0,0,NaN,NaN,NaN,NaN,NaN,NaN,0,0,0,0,0,0
346469.264376,960,0.00394425075501204,0.0799933638423681,0,0,0,0,0,0,0,NaN,NaN,NaN,NaN,NaN,NaN,0,0,0,122.660003662109,-97.879997253418,580.960021972656
346469.274894,960,0.00451958691701293,0.0801032561808825,0,0,0,0,0,0,0,NaN,NaN,NaN,NaN,NaN,NaN,0,0,0,86.8300018310547,-74.5899963378906,585.27001953125
346469.285311,960,0.0037286295555532,0.0802641794085503,0,-86.8935758198768,-19.4238922639571,1618.75033329694,44.6189753886821,-10.2564122515088,1605.95742644191,NaN,NaN,NaN,NaN,NaN,NaN,0.097800001502037,-0.0842999964952469,0.991599977016449,47.1300010681152,-45.1399993896484,559.580017089844
346469.2958972,960,0.00424666376784444,0.0799406379461289,0,0,0,0,0,0,0,NaN,NaN,NaN,NaN,NaN,NaN,0,0,0,0,0,0
346469.306304,960,0.00458388775587082,0.0792021531611681,0,0,0,0,0,0,0,NaN,NaN,NaN,NaN,NaN,NaN,0,0,0,0,0,0
346469.3167734,960,0.0037066878285259,0.0792561195790768,0,0,0,0,0,0,0,NaN,NaN,NaN,NaN,NaN,NaN,0,0,0,0,0,0
346469.3273103,960,0.00372048746794462,0.07923051007092,0,0,0,0,0,0,0,NaN,NaN,NaN,NaN,NaN,NaN,0,0,0,0,0,0
346469.3378093,960,0.00403989711776376,0.0791230298578739,0,-86.925642682148,-17.9400495032213,1618.8754918024,44.4224393562544,-8.8014071212587,1606.16113439233,NaN,NaN,NaN,NaN,NaN,NaN,0,0,0,0,0,0
346469.3483084,960,0.00439362972974777,0.0782989993691444,0,-86.8808106454545,-17.7795871854943,1618.87413641073,44.4261315912521,-8.63241362748658,1606.17702408373,NaN,NaN,NaN,NaN,NaN,NaN,0,0,0,0,0,0
346469.3587747,960,0.00385362794622779,0.0793515224009752,0,-86.8781345640526,-17.5786842225406,1618.87880153303,44.3625755815279,-8.42535239032126,1606.14427883869,NaN,NaN,NaN,NaN,NaN,NaN,0,0,0,0,0,0
346469.369277,960,0.00385547103360295,0.0789591208100319,0,-86.8748915244082,-17.4098876915704,1618.90012600325,44.3963856816262,-8.21715713811766,1606.2080381868,NaN,NaN,NaN,NaN,NaN,NaN,0,0,0,0,0,0
346469.3798074,960,0.00348437926732004,0.0786710105836392,0,0,0,0,0,0,0,NaN,NaN,NaN,NaN,NaN,NaN,0,0,0,0,0,0
346469.3902844,960,0.00364269036799669,0.0782488271594048,0,0,0,0,0,0,0,NaN,NaN,NaN,NaN,NaN,NaN,0,0,0,0,0,0
346469.4007023,960,0.00241678487509489,0.078535233065486,0,-86.9071421994637,-16.7626692410197,1618.83038750108,44.4725553347249,-7.5014702417997,1606.32451077969,NaN,NaN,NaN,NaN,NaN,NaN,0,0,0,0,0,0
346469.4111271,960,0.00272569083608687,0.0769295901060104,0,-86.9585354091383,-16.6047790043486,1618.8266883452,44.3958491067886,-7.31874181318412,1606.30463965076,NaN,NaN,NaN,NaN,NaN,NaN,0,0,0,0,0,0
346469.4216996,960,0.00375644257292151,0.0774566385895014,0,-87.0373403098125,-16.3741889428276,1618.84481673881,44.3704395227659,-7.16251251861793,1606.31535380523,NaN,NaN,NaN,NaN,NaN,NaN,0,0,0,0,0,0
346469.4322554,960,0.0030764346010983,0.0774824846535921,0,-86.9691661708137,-16.2324437541899,1618.86763532518,44.3204937492639,-6.95953204075147,1606.29544261925,NaN,NaN,NaN,NaN,NaN,NaN,0,0,0,0,0,0
346469.4427726,960,0.00359476380981505,0.0774646628648043,0,-86.934933258957,-16.0566614776255,1618.88092471854,44.3437537607142,-6.72408504928061,1606.32378266578,NaN,NaN,NaN,NaN,NaN,NaN,0.101199999451637,0.152400001883507,0.98309999704361,52.7099990844727,98.5699996948242,663.900024414062
346469.4532178,960,0.00305468193255365,0.0770486932247877,0,-86.9113600089882,-15.9467360435831,1618.90748579665,44.3879833288747,-6.56126943702318,1606.32210592849,NaN,NaN,NaN,NaN,NaN,NaN,0.0970999971032143,0.152600005269051,0.983500003814697,52.189998626709,97.0899963378906,654.02001953125
346469.4636676,960,0.00242449017241597,0.0776267949491739,0,-86.9009837619049,-15.8513014351185,1618.90031693009,44.4078951223667,-6.42117505966264,1606.29299504532,NaN,NaN,NaN,NaN,NaN,NaN,0.102399997413158,0.151399999856949,0.98309999704361,51.4199981689453,93.5199966430664,635.47998046875
346469.4741559,960,0.00339052570052445,0.0761087466031313,0,-86.9168654350667,-15.7597807129086,1618.87112083346,44.4028259701156,-6.19597690554881,1606.23813836844,NaN,NaN,NaN,NaN,NaN,NaN,0.0971999987959862,0.15090000629425,0.983799993991852,50.0299987792969,90.4800033569336,620.27001953125
346469.4846429,960,0.00299956160597503,0.0759220890700817,0,0,0,0,0,0,0,NaN,NaN,NaN,NaN,NaN,NaN,0.101499997079372,0.15090000629425,0.983299970626831,51.1500015258789,93.4899978637695,637.97998046875
346469.4951077,960,0.00294325919821858,0.0763455986976624,0,0,0,0,0,0,0,NaN,NaN,NaN,NaN,NaN,NaN,0.0970000028610229,0.151600003242493,0.983699977397919,52.939998626709,97.2399978637695,660.049987792969
346469.5055603,960,0.00365398358553648,0.0767805319279432,0,0,0,0,0,0,0,NaN,NaN,NaN,NaN,NaN,NaN,0.10080000013113,0.150600001215935,0.983399987220764,52.6800003051758,96.620002746582,659.719970703125
346469.516073,960,0.00287050241604447,0.0761041961610317,0,-87.0661589788392,-15.463190662544,1618.81349569058,44.2960180325841,-5.64487407783003,1606.0192391301,NaN,NaN,NaN,NaN,NaN,NaN,0,0,0,0,0,0
346469.529529,960,0.00307382666505873,0.0756914768368006,0,-87.1547185998043,-15.3277774438728,1618.77306564906,44.270025748108,-5.528461633024,1605.97818255367,NaN,NaN,NaN,NaN,NaN,NaN,0,0,0,0,0,0
346469.5401557,960,0.0023323695641011,0.0753415584564209,0,-87.2087759814834,-15.2329502939716,1618.76956721087,44.2423494737972,-5.48543679122585,1605.96386603285,NaN,NaN,NaN,NaN,NaN,NaN,0,0,0,0,0,0
346469.5505582,960,0.00333548779599369,0.0752267338335514,0,-87.2518497422487,-15.1683205170179,1618.76983896796,44.2249714050798,-5.43370342753288,1605.92516403592,NaN,NaN,NaN,NaN,NaN,NaN,0,0,0,0,0,0
346469.5610347,960,0.00222932593896985,0.0740942120552063,0,-87.2503029552251,-15.1098005280274,1618.77471627683,44.2197224307008,-5.40701769397695,1605.88666114412,NaN,NaN,NaN,NaN,NaN,NaN,0,0,0,0,0,0
346469.5714614,960,0.00268118665553629,0.0740857798606157,0,-87.2106969674201,-15.0879900228515,1618.73882136731,44.1931781246725,-5.38026490294392,1605.84550120742,NaN,NaN,NaN,NaN,NaN,NaN,0,0,0,0,0,0
346469.5818664,960,0.00176685536280274,0.0730598274618387,0,-87.2249276161373,-15.0864964112284,1618.69056469699,44.2228661165816,-5.41507802262575,1605.8699642397,NaN,NaN,NaN,NaN,NaN,NaN,0,0,0,0,0,0
346469.592318,960,0.00222829263657331,0.0736857656389475,0,-87.1938225496387,-15.0843383766312,1618.63656846206,44.2182674708425,-5.4665164313608,1605.83262617673,NaN,NaN,NaN,NaN,NaN,NaN,0,0,0,0,0,0
346469.6028348,960,0.00275609013624489,0.0727077316492796,0,-87.1433387518123,-15.1018382214773,1618.59515151492,44.2537845459078,-5.46024571367866,1605.74476914503,NaN,NaN,NaN,NaN,NaN,NaN,0.0949999988079071,0.151999995112419,0.983799993991852,53.3600006103516,110.059997558594,745.210021972656
346469.6132733,960,0.00194456556346267,0.07300517372787,0,-87.0892226201518,-15.1277317382395,1618.55388531645,44.3206796920734,-5.46090838958171,1605.69757935788,NaN,NaN,NaN,NaN,NaN,NaN,0.0886000022292137,0.150499999523163,0.984600007534027,52.7099990844727,108.959999084473,741.77001953125
346469.6237087,960,0.00234417896717787,0.0722424037754536,0,-87.0617470013041,-15.1872031078277,1618.48923084926,44.3836914876463,-5.47811054318838,1605.6232068607,NaN,NaN,NaN,NaN,NaN,NaN,0.0948999971151352,0.150299996137619,0.984099984169006,52.1699981689453,107.290000915527,736.590026855469
346469.6342082,960,0.00223979656584561,0.0722499586641789,0,-86.9736272121248,-15.2708076041598,1618.44637078517,44.3993890838527,-5.54141268707669,1605.50847476277,NaN,NaN,NaN,NaN,NaN,NaN,0.0878000035881996,0.148900002241135,0.984899997711182,51.5,105.970001220703,730.580017089844
346469.6446744,960,0.0021406919695437,0.0720093291252852,0,-87.3902592279428,-15.5173176179893,1618.3922498125,44.4709801113295,-5.61196960594426,1605.40844294917,NaN,NaN,NaN,NaN,NaN,NaN,0.093699999153614,0.150999993085861,0.984099984169006,53.8600006103516,112.25,765.929992675781
346469.6552144,960,0.00212302501313388,0.0719973038882017,0,0,0,0,0,0,0,NaN,NaN,NaN,NaN,NaN,NaN,0.0870999991893768,0.150299996137619,0.984799981117249,54.4199981689453,114.019996643066,776.130004882812
346469.6657745,960,0.000652748625725508,0.0698810111731291,0,0,0,0,0,0,0,NaN,NaN,NaN,NaN,NaN,NaN,0,0,0,0,0,0
346469.6762546,960,0.00172973889857531,0.0702879469841719,0,0,0,0,0,0,0,NaN,NaN,NaN,NaN,NaN,NaN,0,0,0,0,0,0
346469.6900233,960,0.00158232962712646,0.0706426747143269,0,0,0,0,0,0,0,NaN,NaN,NaN,NaN,NaN,NaN,0,0,0,0,0,0
346469.700513,960,0.00079559936420992,0.0704695139080286,0,0,0,0,0,0,0,NaN,NaN,NaN,NaN,NaN,NaN,0,0,0,0,0,0
346469.7109658,960,0.00126752851065248,0.0700121134519577,0,-86.6402620512442,-15.9006800819366,1617.80443552255,45.0885083581572,-6.41716341211741,1604.74937084895,NaN,NaN,NaN,NaN,NaN,NaN,0,0,0,0,0,0
346469.7214149,960,0.000496049935463816,0.0695496093481779,0,-86.6927933026826,-15.9419556444319,1617.68435299742,45.1295560908409,-6.53040572943069,1604.65700342672,NaN,NaN,NaN,NaN,NaN,NaN,0,0,0,0,0,0
346469.7318789,960,0.0014354488812387,0.0699317216873169,0,-86.686554269849,-16.0025618758967,1617.54057396393,45.1806284748887,-6.66309716824387,1604.54484372953,NaN,NaN,NaN,NaN,NaN,NaN,0,0,0,0,0,0
346469.7423487,960,0.00159095204435289,0.0711743798106909,0,-86.6766700630141,-16.0596574854802,1617.44387551569,45.2377623194333,-6.81466331307388,1604.50290427294,NaN,NaN,NaN,NaN,NaN,NaN,0,0,0,0,0,0
346469.7528305,960,0.00135837937705219,0.0699623510241509,0,0,0,0,0,0,0,NaN,NaN,NaN,NaN,NaN,NaN,0.109700001776218,0.103299997746944,0.988600015640259,58.6100006103516,58.9799995422363,625.159973144531
346469.763275,960,0.00109512731432915,0.0703510813415051,0,0,0,0,0,0,0,NaN,NaN,NaN,NaN,NaN,NaN,0.115099996328354,0.102600000798702,0.987999975681305,58.0699996948242,57.9799995422363,617.010009765625
346469.7737323,960,0.00175381568260491,0.0701745864003897,0,0,0,0,0,0,0,NaN,NaN,NaN,NaN,NaN,NaN,0.108999997377396,0.103299997746944,0.988699972629547,58.2200012207031,58.25,619.419982910156
346469.7841479,960,0.00173350411932915,0.0708694908767939,0,0,0,0,0,0,0,NaN,NaN,NaN,NaN,NaN,NaN,0.114699997007847,0.102700002491474,0.988099992275238,58.1199989318848,58.25,618.890014648438
346469.794612,960,0.00120114465244114,0.0706307277083397,0,0,0,0,0,0,0,NaN,NaN,NaN,NaN,NaN,NaN,0.108599998056889,0.104000002145767,0.988600015640259,58.6199989318848,58.8899993896484,622.130004882812
346469.8050816,960,0.00145820365287364,0.0695898666977882,0,0,0,0,0,0,0,NaN,NaN,NaN,NaN,NaN,NaN,0.115800000727177,0.103299997746944,0.987900018692017,58.1699981689453,58.3699989318848,615.840026855469
346469.8154776,960,0.000243526621488854,0.0694436881691217,0,0,0,0,0,0,0,NaN,NaN,NaN,NaN,NaN,NaN,0.107600003480911,0.104699999094009,0.988699972629547,56.9700012207031,57.0999984741211,603.909973144531
346469.8259148,960,0.00120382511522621,0.069430610537529,0,0,0,0,0,0,0,NaN,NaN,NaN,NaN,NaN,NaN,0,0,0,0,0,0
346469.836391,960,0.00127262831665576,0.069906160607934,0,0,0,0,0,0,0,NaN,NaN,NaN,NaN,NaN,NaN,0,0,0,0,0,0
346469.8495592,960,0.00165502575691789,0.0685019925236702,0,0,0,0,0,0,0,NaN,NaN,NaN,NaN,NaN,NaN,0,0,0,0,0,0
346469.8599858,960,0.00203277519904077,0.0685783423483372,0,0,0,0,0,0,0,NaN,NaN,NaN,NaN,NaN,NaN,0,0,0,0,0,0
346469.8704418,960,0.0014636815758422,0.0683583825826645,0,0,0,0,0,0,0,NaN,NaN,NaN,NaN,NaN,NaN,0,0,0,0,0,0
346469.8808899,960,0.00194075249601156,0.0687315262854099,0,0,0,0,0,0,0,NaN,NaN,NaN,NaN,NaN,NaN,0,0,0,0,0,0
346469.8913892,960,0.00126594456378371,0.0684775359928608,0,0,0,0,0,0,0,NaN,NaN,NaN,NaN,NaN,NaN,0,0,0,0,0,0
346469.9019206,960,0.00188791390974075,0.0687125608325005,0,0,0,0,0,0,0,NaN,NaN,NaN,NaN,NaN,NaN,0,0,0,0,0,0
346469.9124906,960,0.00130600261036307,0.0688357654958963,0,0,0,0,0,0,0,NaN,NaN,NaN,NaN,NaN,NaN,0.108800001442432,0.119000002741814,0.986899971961975,64.1500015258789,74.0100021362305,665.200012207031
346469.9229046,960,0.00202301167882979,0.0686451256275177,0,0,0,0,0,0,0,NaN,NaN,NaN,NaN,NaN,NaN,0.117299996316433,0.118199996650219,0.986000001430511,63.7400016784668,73.5400009155273,659.940002441406
346469.9333322,960,0.00132792210206389,0.0702925477176905,0,0,0,0,0,0,0,NaN,NaN,NaN,NaN,NaN,NaN,0.108900003135204,0.11879999935627,0.986899971961975,63.8499984741211,73.7300033569336,663.409973144531
346469.9438014,960,0.00156576093286276,0.0692218974232674,0,0,0,0,0,0,0,NaN,NaN,NaN,NaN,NaN,NaN,0.118199996650219,0.117899999022484,0.986000001430511,64.4400024414062,74.7300033569336,673.849975585938
346469.9542277,960,0.0021372155752033,0.0694692250341177,0,0,0,0,0,0,0,NaN,NaN,NaN,NaN,NaN,NaN,0.108000002801418,0.118900001049042,0.986999988555908,59.6300010681152,69.6699981689453,629.710021972656
346469.9646346,960,0.000670355861075222,0.0707086775451899,0,0,0,0,0,0,0,NaN,NaN,NaN,NaN,NaN,NaN,0.109300002455711,0.137700006365776,0.984399974346161,48.0699996948242,72.3300018310547,551.780029296875
346469.9750667,960,0.00236903736367822,0.0699701778590679,0,0,0,0,0,0,0,NaN,NaN,NaN,NaN,NaN,NaN,0.0962999984622002,0.159299999475479,0.982500016689301,50.2000007629395,94.6999969482422,613.450012207031
346469.9855108,960,0.00132229889277369,0.0694806057959795,0,0,0,0,0,0,0,NaN,NaN,NaN,NaN,NaN,NaN,0.104900002479553,0.163499996066093,0.98089998960495,54.5699996948242,106.5,664.5
346469.9959872,960,0.00178100529592484,0.0695909544825554,0,0,0,0,0,0,0,NaN,NaN,NaN,NaN,NaN,NaN,0,0,0,0,0,0
346470.0094093,960,0.0022285976447165,0.0682190679013729,0,0,0,0,0,0,0,NaN,NaN,NaN,NaN,NaN,NaN,0,0,0,0,0,0
346470.0199527,960,0.00139658595435321,0.0694692362099886,0,0,0,0,0,0,0,NaN,NaN,NaN,NaN,NaN,NaN,0,0,0,0,0,0
346470.0304534,960,0.00158921862021089,0.0694044850766659,0,-88.486198511907,-19.2462127363629,1616.53659457062,43.9632776955782,-9.26060497535295,1603.50067596771,NaN,NaN,NaN,NaN,NaN,NaN,0,0,0,0,0,0
346470.0409151,960,0.00121127394959331,0.0694194160401821,0,-88.6794819169967,-19.4497836275428,1616.49747627944,43.732528710833,-9.34137219227154,1603.44684142727,NaN,NaN,NaN,NaN,NaN,NaN,0,0,0,0,0,0
346470.0513926,960,0.000897331978194416,0.0698188286274672,0,0,0,0,0,0,0,NaN,NaN,NaN,NaN,NaN,NaN,0,0,0,0,0,0
346470.0618872,960,0.00127833127044141,0.0688267987221479,0,0,0,0,0,0,0,NaN,NaN,NaN,NaN,NaN,NaN,0,0,0,0,0,0
346470.0724041,960,0.00150663976091892,0.0684346951544285,0,-89.1996120864,-19.9291047628038,1616.3507526332,42.8639186453925,-9.86196386071979,1603.2759046874,139.855974332013,124.838534823067,1399.4572541679,-196.428448002472,128.814107017268,1384.80986408668,0,0,0,0,0,0
346470.0829144,960,0.00108874391298741,0.0686977081000805,0,0,0,0,0,0,0,NaN,NaN,NaN,NaN,NaN,NaN,0.102200001478195,0.166199997067451,0.980799973011017,57.4099998474121,114.98999786377,702.609985351562
346470.0933507,960,0.00147886574268341,0.0681022018194199,0,0,0,0,0,0,0,NaN,NaN,NaN,NaN,NaN,NaN,0.101700000464916,0.165900006890297,0.98089998960495,57.3499984741211,114.180000305176,699.039978027344
346470.1038227,960,0.00134501967113465,0.0683865755796433,0,0,0,0,0,0,0,NaN,NaN,NaN,NaN,NaN,NaN,0.101700000464916,0.165700003504753,0.98089998960495,57.1599998474121,112.949996948242,692.409973144531
346470.1142636,960,0.00143221719190478,0.0678572155535221,0,0,0,0,0,0,0,NaN,NaN,NaN,NaN,NaN,NaN,0.101499997079372,0.165999993681908,0.98089998960495,56.8600006103516,113.150001525879,692.289978027344
346470.1247512,960,0.00192677578888834,0.0681443236768246,0,-91.113706577088,-20.8494347369038,1615.68599706261,41.238421223427,-10.52059723977,1603.10554875104,NaN,NaN,NaN,NaN,NaN,NaN,0.101700000464916,0.166199997067451,0.980799973011017,56.8300018310547,113.849998474121,695.760009765625
346470.1352416,960,0.00144024309702218,0.0687651619315147,0,-91.3508414043191,-20.9895182471885,1615.60358454115,40.7629729034818,-10.7727211705338,1603.0643538347,NaN,NaN,NaN,NaN,NaN,NaN,0.101300001144409,0.16609999537468,0.98089998960495,56.9199981689453,114.019996643066,697.130004882812
346470.1457935,960,0.00193962641060352,0.0687809702008963,0,0,0,0,0,0,0,NaN,NaN,NaN,NaN,NaN,NaN,0,0,0,0,0,0
346470.156215,960,0.00174265110399574,0.0688341449946165,0,0,0,0,0,0,0,NaN,NaN,NaN,NaN,NaN,NaN,0,0,0,0,0,0
346470.1666954,960,0.000888567592483014,0.0687695540487766,0,0,0,0,0,0,0,NaN,NaN,NaN,NaN,NaN,NaN,0,0,0,0,0,0
346470.1771099,960,0.00252071511931717,0.0686436727643013,0,-92.7392720311271,-21.7548367046829,1614.9459178392,39.2727153919978,-11.5952353663604,1602.76121494382,NaN,NaN,NaN,NaN,NaN,NaN,0,0,0,0,0,0
346470.187608,960,0.00227024615742266,0.0691619351506233,0,-93.0325813922293,-22.0271433433601,1614.77090888755,38.9915165620065,-11.7826655396691,1602.75399033053,NaN,NaN,NaN,NaN,NaN,NaN,0,0,0,0,0,0
346470.1980764,960,0.000955514085944742,0.0706019423902035,0,-93.1950218807609,-22.3950654560857,1614.60715644217,38.7384176783687,-11.9610094875519,1602.73802619123,NaN,NaN,NaN,NaN,NaN,NaN,0,0,0,0,0,0
346470.2085681,960,0.00176772102713585,0.0682901687920094,0,-93.258100615364,-22.6766176296887,1614.57866027565,38.5570001832389,-12.0774717998006,1602.72918358622,NaN,NaN,NaN,NaN,NaN,NaN,0,0,0,0,0,0
346470.2191094,960,0.0030898682307452,0.0695820454508066,0,-93.3162359098227,-22.8162596079254,1614.64027318394,38.291946493523,-12.2977628269123,1602.69554162768,NaN,NaN,NaN,NaN,NaN,NaN,0,0,0,0,0,0
346470.2295598,960,0.00207949965260923,0.0686623327434063,0,-93.584023624928,-23.2959417630622,1614.52282095955,37.9675677951129,-12.6119570381332,1602.61643577984,NaN,NaN,NaN,NaN,NaN,NaN,0,0,0,0,0,0
346470.2400588,960,0.00327460607513785,0.0697833675891161,0,-93.978950068725,-23.5846107472945,1614.4001259557,37.6957361665689,-12.8276880806509,1602.5726792273,NaN,NaN,NaN,NaN,NaN,NaN,0,0,0,0,0,0
346470.2504781,960,0.00292785326018929,0.0693387355655432,0,-94.4324878455149,-23.8391999344931,1614.30136369831,37.4625716284354,-13.0341217755797,1602.49803392819,NaN,NaN,NaN,NaN,NaN,NaN,0,0,0,0,0,0
346470.2609276,960,0.00262219412252307,0.0704949799925089,0,-94.84916468337,-24.0200185227842,1614.24525208879,37.1796450605643,-13.1684980141836,1602.40590460098,NaN,NaN,NaN,NaN,NaN,NaN,0,0,0,0,0,0
346470.2714997,960,0.00378070189617574,0.0693164564669132,0,-95.2982086347496,-24.2899842214085,1614.21007965214,37.0194746807735,-13.4112192747486,1602.35350280266,NaN,NaN,NaN,NaN,NaN,NaN,0,0,0,0,0,0
346470.2819256,960,0.0038129985332489,0.0697180856019259,0,-95.5524817254,-24.5946255727032,1614.13093400567,36.7378438356258,-13.7405008452923,1602.30572764518,NaN,NaN,NaN,NaN,NaN,NaN,0,0,0,0,0,0
346470.2924877,960,0.00329307559877634,0.0700497463345528,0,-95.5435957765497,-24.8505668598387,1614.24184613924,36.596861383566,-13.9664216404316,1602.28016949732,NaN,NaN,NaN,NaN,NaN,NaN,0,0,0,0,0,0
346470.3029385,960,0.00447760475799441,0.0702106565237045,0,-95.6254736387619,-25.3827489004581,1614.16546799595,36.2417903138065,-14.3600861544846,1602.22518960717,NaN,NaN,NaN,NaN,NaN,NaN,-0.0377000011503696,0.0540000014007092,0.99779999256134,-65.0400009155273,35.6199989318848,908.469970703125
346470.3134845,960,0.00400196062400937,0.0705332219600678,0,-95.7346898590819,-25.8608166836046,1613.96432296695,35.9231302397856,-14.6388729504372,1602.22799256499,NaN,NaN,NaN,NaN,NaN,NaN,-0.0414999984204769,0.0491999983787537,0.997900009155273,-62.8600006103516,33.0999984741211,873.72998046875
346470.3239313,960,0.0054556792601943,0.0711798019707203,0,-96.2008167157678,-26.1415376729298,1613.66752157855,35.6212371425595,-14.8873126992676,1602.23146417381,NaN,NaN,NaN,NaN,NaN,NaN,-0.0370000004768372,0.0542999990284443,0.99779999256134,-63.7000007629395,33.5299987792969,876.890014648438
346470.3344305,960,0.00438559241592884,0.0702770616859198,0,-96.5817715397893,-26.2763003300785,1613.65625014383,35.3387336219993,-15.0333815912725,1602.14481909064,133.404230582523,122.787241095434,1400.98448068683,-202.50223459074,124.198922910697,1383.38190444508,-0.0406000018119812,0.0516999997198582,0.99779999256134,-64.6800003051758,34.6699981689453,887.840026855469
346470.3450065,960,0.0052201827056706,0.0701829105615616,0,-97.022527220614,-26.5476450587984,1613.49846879653,35.048636585384,-15.2216408141386,1602.02077143198,NaN,NaN,NaN,NaN,NaN,NaN,-0.0362999998033047,0.0559000000357628,0.99779999256134,-63.5800018310547,34.310001373291,877.539978027344
346470.3554481,960,0.00424654223024845,0.0693460538983345,0,-97.2975375154346,-26.8361787176892,1613.51163278386,34.688831880321,-15.5082054276956,1601.93085284301,NaN,NaN,NaN,NaN,NaN,NaN,-0.0390999987721443,0.0549999997019768,0.997699975967407,-65.2699966430664,37.3199996948242,903.789978027344
346470.3659162,960,0.0054835039190948,0.0702928271144629,0,-97.4442626509658,-27.2825759316694,1613.5134311297,34.2853412742694,-15.8898012217183,1601.79900375032,NaN,NaN,NaN,NaN,NaN,NaN,0,0,0,0,0,0
346470.3764012,960,0.00448898086324334,0.0700492490082979,0,-97.7431754903631,-27.9082680697574,1613.17124507807,33.9933787680548,-16.2014678568113,1601.65033800383,NaN,NaN,NaN,NaN,NaN,NaN,0,0,0,0,0,0
346470.3894401,960,0.00537223648279905,0.0711565654724836,0,-98.251944515701,-28.3842433175145,1612.6897750153,33.6041776580149,-16.5285975984023,1601.5780307348,NaN,NaN,NaN,NaN,NaN,NaN,0,0,0,0,0,0
346470.4000384,960,0.0055295848287642,0.070791295170784,0,-98.6603432419652,-28.5343733623102,1612.4690666692,33.3087810513185,-16.9300540728696,1601.55008974502,131.844176046358,121.903665248934,1401.522175192,-204.197035377843,123.193916505876,1382.97583991689,0,0,0,0,0,0
346470.4105604,960,0.00580765586346388,0.0714417308568955,0,-99.0514028234122,-28.772815379584,1612.52756137627,32.8970519767289,-17.2853750393672,1601.36747120549,NaN,NaN,NaN,NaN,NaN,NaN,0,0,0,0,0,0
346470.4209866,960,0.00535563053563237,0.0713171850889921,0,-99.5501801753414,-28.9933849881571,1612.32689176265,32.5021284739737,-17.5703326706961,1601.33400469512,NaN,NaN,NaN,NaN,NaN,NaN,0,0,0,0,0,0
346470.4315079,960,0.00638640904799104,0.0714120887219906,0,-99.8878673805906,-29.1300514351805,1612.17294469294,32.0020371355392,-17.7536587425233,1601.23188693766,131.067832310836,121.346017513521,1401.56885505231,-204.876500369707,122.756908541828,1382.67344914643,0,0,0,0,0,0
346470.4420618,960,0.00587266776710749,0.0723505843430758,0,-100.294425136362,-29.4934586576414,1611.91527058113,31.6450394783897,-17.9220192833259,1601.11954987894,NaN,NaN,NaN,NaN,NaN,NaN,0,0,0,0,0,0
346470.4526309,960,0.00699558993801475,0.0716377649456263,0,-100.723388077604,-29.813651093458,1611.66297842904,31.1629834020459,-18.2911066318758,1600.99423065444,NaN,NaN,NaN,NaN,NaN,NaN,-0.0461000017821789,0.0582999996840954,0.997200012207031,-73.1500015258789,43.1500015258789,942.409973144531
346470.463107,960,0.00558836944401264,0.0719667583703995,0,-100.927710147308,-30.0011549108228,1611.73221737918,30.8920522644892,-18.5220372442826,1600.92282846886,NaN,NaN,NaN,NaN,NaN,NaN,-0.0430000014603138,0.0632999986410141,0.997099995613098,-73.6800003051758,43.7799987792969,947.409973144531
346470.4736305,960,0.0068003605119884,0.0730559233576059,0,-101.20079796253,-30.2851360168761,1611.73966242304,30.4785849833034,-18.770741267849,1600.85943479076,NaN,NaN,NaN,NaN,NaN,NaN,-0.0465999990701675,0.0593999996781349,0.997099995613098,-73.5699996948242,44.5900001525879,944.950012207031
346470.4840937,960,0.00630854535847902,0.0727554768323898,0,-101.611600281933,-30.6109093871893,1611.58519299365,30.1539104610855,-19.1341102882043,1600.84108043429,NaN,NaN,NaN,NaN,NaN,NaN,-0.0439000017940998,0.066100001335144,0.996900022029877,-75.6500015258789,47.4000015258789,968.799987792969
346470.4945709,960,0.00779368355870247,0.0727310836315155,0,-102.137640170516,-30.9445813056026,1611.26279207191,29.9240746251067,-19.4430194165084,1600.83224176766,NaN,NaN,NaN,NaN,NaN,NaN,-0.0480000004172325,0.0617999993264675,0.996900022029877,-77.5299987792969,50.0800018310547,996.950012207031
346470.5049944,960,0.00515262968838215,0.0741347525268793,0,-102.288525240413,-31.0665070954282,1611.19371232411,29.7347723881416,-19.5463623382111,1600.74499633103,NaN,NaN,NaN,NaN,NaN,NaN,0,0,0,0,0,0
346470.5154785,960,0.00712798861786723,0.0732653312385082,0,-102.517281698102,-31.2511157716141,1611.0895726956,29.4193414292491,-19.8364426229507,1600.73506203848,129.229099708975,119.968837642108,1401.94178229536,-206.553067070787,122.074853938815,1382.14316846902,0,0,0,0,0,0
346470.5292815,960,0.00677026901394129,0.0726345743983984,0,-102.904224272896,-31.4774636256291,1611.03792585932,28.9688289057097,-20.3133823831674,1600.75415791837,NaN,NaN,NaN,NaN,NaN,NaN,0,0,0,0,0,0
346470.5399382,960,0.00665232352912426,0.071523517742753,0,-103.157899840153,-31.6697055070548,1611.02402836824,28.6881814893016,-20.5183164191566,1600.73289747191,NaN,NaN,NaN,NaN,NaN,NaN,0,0,0,0,0,0
346470.5503601,960,0.00701185828074813,0.0728419482707977,0,-103.627516248424,-31.8190777534642,1610.93072515665,28.3061009484629,-20.6861791660836,1600.60047505812,NaN,NaN,NaN,NaN,NaN,NaN,0,0,0,0,0,0
346470.5607001,960,0.00637143198400736,0.0729441814124584,0,-104.04899902327,-31.9883426785103,1610.86259012329,28.1157775639476,-20.8231576604327,1600.5528205665,NaN,NaN,NaN,NaN,NaN,NaN,0,0,0,0,0,0
346470.5711704,960,0.00742279179394245,0.0720242377370596,0,-104.391490336426,-32.1182695834711,1610.77269424029,27.8965904262756,-20.9712133695739,1600.54057094734,NaN,NaN,NaN,NaN,NaN,NaN,0,0,0,0,0,0
346470.5816708,960,0.00666740210726857,0.0729780126363039,0,-104.590549600629,-32.1572978261401,1610.84504841883,27.7438167396765,-21.0825538238733,1600.5362665652,NaN,NaN,NaN,NaN,NaN,NaN,0,0,0,0,0,0
346470.5921461,960,0.00654221512377262,0.0731826111674309,0,-104.80223721157,-32.2464848975294,1610.81652272074,27.4581789755761,-21.1894830226349,1600.57896086615,NaN,NaN,NaN,NaN,NaN,NaN,0,0,0,0,0,0
346470.6026505,960,0.00684709101915359,0.0733409006148577,0,-105.061956557654,-32.4236608064994,1610.70017692315,27.015495218777,-21.3730240198352,1600.57353745823,NaN,NaN,NaN,NaN,NaN,NaN,-0.0310999993234873,0.0762000009417534,0.996599972248077,-60.1699981689453,72.8399963378906,1074.68994140625
346470.613256,960,0.00715673249214888,0.0744253903627396,0,-105.302363217691,-32.5259879735316,1610.65842897686,26.8230246470265,-21.5242513645852,1600.57253950098,127.231189003617,118.074236187747,1402.28057838694,-208.529479095219,121.132106565624,1381.68805643638,0.000199999994947575,0.0758000016212463,0.997099995613098,-16.2700004577637,53.2099990844727,791.580017089844
346470.624186,960,0.00713822804391384,0.0735734350979328,0,-105.475353977101,-32.7161940244443,1610.61784606775,26.673466394375,-21.7018719237179,1600.56197128593,127.080710665571,117.858881653816,1402.29950562543,-208.736715927677,121.002007069198,1381.60465415969,0.0241999998688698,0.0777999982237816,0.99669998884201,-5.80999994277954,49.310001373291,741.799987792969
346470.6348461,960,0.00737643241882324,0.0739436879754067,0,-105.61450240368,-32.8065235584204,1610.62580370684,26.5285122681955,-21.8180285564078,1600.52203423213,126.931192896715,117.658311920902,1402.29945887449,-208.88644760225,120.914294386547,1381.53731376342,0.0137000000104308,0.0764999985694885,0.996999979019165,-7.15999984741211,51.1500015258789,756.580017089844
346470.6454439,960,0.00691837957128882,0.0740412328392267,0,-105.913516902022,-32.9943959515532,1610.68802587413,26.2392790944577,-22.0429503568719,1600.52482899402,126.7724717987,117.453156952259,1402.36387266488,-208.99218541746,120.817670245928,1381.52271338556,0.0209999997168779,0.0803999975323677,0.996500015258789,-7.6399998664856,53.75,772.830017089844
346470.6560832,960,0.00748797040432692,0.0743018615990877,0,-106.238446502774,-33.165944916985,1610.79041025872,25.7042341045914,-22.2475581337131,1600.55683091915,126.505647567889,117.230333331946,1402.45031938727,-209.112210024102,120.653648231534,1381.51818907132,0,0,0,0,0,0
346470.6691024,960,0.00769119942560792,0.074196745082736,0,-106.549484910595,-33.309150708053,1610.89836883029,25.4815267008718,-22.4598396420395,1600.68385682074,126.355538957314,117.025925536955,1402.51257484696,-209.351666772602,120.445899572348,1381.57503472183,0,0,0,0,0,0
346470.679684,960,0.00737790111452341,0.0745167270302773,0,-106.711448363682,-33.4415196458576,1610.95814436084,25.3059407766263,-22.6093208994974,1600.6374891129,126.19815573927,116.900411842665,1402.50381974037,-209.50362955846,120.255697358352,1381.58452797167,0,0,0,0,0,0
346470.6902841,960,0.00775476172566414,0.0744339007884264,0,-106.847521242807,-33.5897528666977,1610.89978848939,25.108101598174,-22.8108252508687,1600.57662113393,125.950837332242,116.713796010214,1402.4601915212,-209.644217134658,120.09661904374,1381.4954062559,0,0,0,0,0,0
346470.7008074,960,0.00728960055857897,0.0742498490959406,0,-107.027010113303,-33.8244734797794,1610.75317458519,24.8605154223598,-23.0167873315862,1600.53245890529,125.746651814236,116.544603180747,1402.47881197868,-209.792430657427,119.9330263198,1381.43400191967,0,0,0,0,0,0
346470.7113765,960,0.00808328203856945,0.0749480653554201,0,-107.193073886842,-34.0183346578357,1610.64608949139,24.7107148669487,-23.2522364454511,1600.63483138169,125.603510353469,116.352561011506,1402.46943736934,-209.895848515871,119.824255076911,1381.42403588913,0,0,0,0,0,0
346470.7219097,960,0.00808118563145399,0.0753341227769852,0,-107.377662803773,-34.1894474549002,1610.55437105789,24.4775380104506,-23.3426757915252,1600.61517005453,125.506003671389,116.204003218083,1402.46495992301,-209.949706705292,119.724580769824,1381.3938013607,0,0,0,0,0,0
346470.7324804,960,0.00769349187612534,0.0752511661499739,0,-107.582836461702,-34.39438030923,1610.48839897276,24.2669553819784,-23.4431519239793,1600.65016735167,125.386621158273,116.012967588963,1402.51616507391,-210.143857540287,119.545804925308,1381.35199503619,0.0171000007539988,0.0754999965429306,0.996999979019165,-4.90999984741211,54.4000015258789,811.609985351562
346470.7430714,960,0.00864080153405666,0.0753129966557026,0,-107.8492696133,-34.5011010124618,1610.40462699713,24.1166786455016,-23.5833417716735,1600.67611721648,125.235743299321,115.865643532207,1402.54939061865,-210.310500856424,119.351138018677,1381.33861509103,0.0243999995291233,0.0762000009417534,0.996800005435944,-4.21999979019165,52.7000007629395,803.400024414062
346470.7536407,960,0.00747297145426273,0.0750348255038261,0,-108.114017914284,-34.6913313755632,1610.37850202143,23.9324109903089,-23.7492120075239,1600.71513408567,125.126829988093,115.754279334428,1402.58304968159,-210.495209207102,119.154612231271,1381.31918831737,0.0186999998986721,0.0742999985814095,0.997099995613098,-4,53.4700012207031,814.030029296875
346470.7641515,960,0.00901102460920811,0.075658617913723,0,-108.372523637022,-34.8684498342584,1610.46273424116,23.7630555789757,-23.9872883516315,1600.77391265387,125.007023927837,115.608159284182,1402.56801520297,-210.689849969891,118.957478450304,1381.32955314553,0.0240000002086163,0.0768000036478043,0.996800005435944,-3.85999989509583,54.9000015258789,824.599975585938
346470.774669,960,0.00823434721678495,0.0757318906486034,0,-108.620488507837,-35.0504397470647,1610.53249008254,23.649814278653,-24.1132657928719,1600.80562766069,124.841561314833,115.432451907477,1402.56476494571,-210.900146591829,118.801982170009,1381.31419224811,0.0196000002324581,0.0750000029802322,0.996999979019165,-3.40000009536743,54.7999992370605,824.450012207031
346470.7852285,960,0.00901041366159916,0.0759529251605272,0,-108.823535384854,-35.2143251606783,1610.59505610442,23.4992202799868,-24.2554606934482,1600.77729607962,124.722805946699,115.318116892504,1402.56499019105,-211.007535683549,118.676610300393,1381.35476568642,0.0258000008761883,0.0767000019550323,0.99669998884201,-2.91000008583069,54.5299987792969,824.559997558594
346470.7958492,960,0.00845612119883299,0.0760470762848854,0,-109.052915424808,-35.3723081362975,1610.59960262109,23.2957351172092,-24.4753868942593,1600.76908721853,124.581714253586,115.186787362286,1402.65184365037,-211.07205715547,118.56203985085,1381.40964423641,0,0,0,0,0,0
346470.8091886,960,0.0089843962341547,0.0761696290224791,0,-109.105501248981,-35.5669399157207,1610.60541786701,23.1668610494726,-24.81885043936,1600.78641382962,124.447953860626,115.019106311581,1402.71635937507,-211.163524872879,118.435228775677,1381.38371868712,0,0,0,0,0,0
346470.8197245,960,0.00902855955064297,0.0764311388134956,0,-109.132440333228,-35.6829065824876,1610.5839475806,23.09533889673,-25.0076670550671,1600.80616108128,124.384920269532,114.909910774153,1402.75517849591,-211.281003298017,118.252352728516,1381.36894735355,0,0,0,0,0,0
346470.8302619,960,0.00908801984041929,0.0760106950998306,0,-109.053844326855,-35.9007846685799,1610.55281266708,22.9330442701489,-25.1387463094379,1600.75216997986,124.295173697233,114.818500780175,1402.81284748364,-211.363559307757,118.095678091272,1381.36927822339,0,0,0,0,0,0
346470.8407645,960,0.00914194155484438,0.0766091518104076,0,-109.004095375373,-36.1280563714175,1610.50664805172,22.8464066434237,-25.2506381831133,1600.72159770375,124.158839582562,114.749955436178,1402.8632736826,-211.412283522625,117.961141682589,1381.3899320113,0,0,0,0,0,0
346470.8513461,960,0.00929612386971712,0.0770267568528652,0,-109.04828282561,-36.3944874368769,1610.40566704797,22.8186741243636,-25.3762469676336,1600.70989160401,123.99098044593,114.662647829069,1402.9082657835,-211.514206871832,117.762817798169,1381.30871780292,0,0,0,0,0,0
346470.8618485,960,0.00915511418133974,0.0768641535192728,0,-109.124717963615,-36.5283768160476,1610.3191261903,22.8092061459974,-25.4872696752637,1600.73962540947,123.842506647078,114.571994167069,1402.91533732222,-211.617132469528,117.565747845011,1381.34395439906,0,0,0,0,0,0
346470.8724437,960,0.00965540017932653,0.0770224578678608,0,-109.133324772693,-36.6941104119777,1610.18830106734,22.7147924229552,-25.6044060888336,1600.70580336589,123.747878705506,114.498414631521,1402.93387924656,-211.75618852765,117.363542250679,1381.32776171385,0,0,0,0,0,0
346470.8829983,960,0.00960821472108364,0.0774461481720209,0,-109.216087669662,-36.8479772848185,1610.13875857326,22.4451788657421,-25.7718448778617,1600.56994815742,123.589331502309,114.380458833959,1402.90789806712,-211.924397782096,117.123613169223,1381.33639893241,0.0309999994933605,0.0769999995827675,0.996599972248077,-1.25999999046326,51.7999992370605,807.090026855469
346470.8936062,960,0.0094454912468791,0.0770165458321571,0,-109.326650043769,-36.9473623688054,1610.12782661474,22.3094442194859,-25.9111892413307,1600.4912124514,123.478052305987,114.316159451444,1402.89802393757,-212.041432123719,116.967484871113,1381.35750415356,0.0232999995350838,0.0731000006198883,0.997099995613098,-1.45000004768372,50.8400001525879,794.409973144531
346470.9042118,960,0.0102461352944374,0.0766155630350113,0,-109.449694828984,-37.0528858614787,1610.13557162684,22.2731734482039,-25.9279958564275,1600.50079234255,123.416059082264,114.248698027951,1402.879859701,-212.16394544436,116.823493681762,1381.30595278648,0.031199999153614,0.0775000005960464,0.996500015258789,-1.17999994754791,52.1399993896484,807.409973144531
346470.9147941,960,0.00998141337186098,0.0773540757596493,0,-109.620367955298,-37.1303108288812,1610.12637123977,22.2350596198648,-25.9809445129525,1600.56608202987,123.33368947452,114.162936384833,1402.89389587748,-212.287291216172,116.633377592992,1381.28678727291,0.0229000002145767,0.0741000026464462,0.996999979019165,-1.62999999523163,53.7099990844727,823.390014648438
346470.9252917,960,0.00917851179838181,0.0776940438896418,0,-109.74603712452,-37.1896815535959,1610.15517981904,22.1490799524632,-26.0061809396195,1600.52558022436,123.221186029287,114.070110232695,1402.87126404622,-212.37731165406,116.502716115725,1381.25420827288,0.0267999991774559,0.0784000009298325,0.996599972248077,-2.07999992370605,60.5900001525879,902.809997558594
346470.9358301,960,0.0100154122337699,0.0780686348676682,0,-109.949169845764,-37.2200027127349,1610.22351199243,22.1137142875351,-26.0647771211489,1600.5986100393,123.095682891422,113.953537439537,1402.89120499192,-212.523154246694,116.302401565865,1381.14104667911,0,0,0,0,0,0
346470.9492078,960,0.0100826313719153,0.0776679053902626,0,-110.056801163594,-37.2893908439176,1610.2719495229,22.1000764670564,-26.0810981490794,1600.6409422686,123.028072435341,113.89037761614,1402.91472733024,-212.628864987958,116.161876101306,1381.0620624272,0,0,0,0,0,0
346470.9600095,960,0.00939792394638062,0.0773316513746977,0,-110.206424267169,-37.3526072662097,1610.33733755946,22.0548384114296,-26.113285192662,1600.72347214913,122.893112508586,113.780479046695,1402.91231192238,-212.827931060808,115.89138652089,1380.9197130729,0,0,0,0,0,0
346470.9705487,960,0.0101746283471584,0.0780209064483643,0,-110.339921901134,-37.3380344045711,1610.52012262706,21.988856439064,-26.1253971149636,1600.79963272096,122.804145254946,113.719192270239,1402.93188661645,-213.030018171259,115.550412721311,1380.94087364654,0,0,0,0,0,0
346470.9810982,960,0.00904551334679127,0.0777553379535675,0,-110.387167729486,-37.4082089616367,1610.66868516386,21.9291425346784,-26.1483772120911,1600.87007622347,122.68026888187,113.624742433296,1402.93312181702,-213.189280946122,115.251210680619,1381.02794363023,0,0,0,0,0,0
346470.9917242,960,0.00962242670357227,0.0775469712913036,0,-110.448598765421,-37.525939058085,1610.77347129794,21.8830411213617,-26.1612394033327,1600.96339017287,122.565489958165,113.524557183885,1402.98906896495,-213.238656455078,114.933009097237,1381.14030759022,0,0,0,0,0,0
346471.0022384,960,0.0103448703885078,0.0765964392572641,0,-110.429849458462,-37.6797843467343,1610.87491050349,21.8080082897748,-26.1634122180484,1601.01911483877,122.412615606612,113.383313292547,1403.0279588165,-213.297580831602,114.649547591542,1381.1151033207,0,0,0,0,0,0
346471.0128279,960,0.00978846754878759,0.0775384720414877,0,-110.442448731139,-37.839199886508,1610.94926222151,21.7055012756638,-26.1708085600489,1601.13513487072,122.253553504787,113.187304659606,1403.03881601578,-213.398057738027,114.350889123547,1381.05172133252,0.11370000243187,0.222699999809265,0.968200027942657,99.1500015258789,227.139999389648,1085.05004882812
346471.0233758,960,0.00839776452630758,0.0784773662686348,0,-110.333606680659,-38.0795920220298,1611.1314971002,21.6529530858126,-26.1640467110479,1601.19287630519,122.163081204701,113.069145460009,1403.05708306515,-213.432505421678,114.166463942266,1380.998554719,0.115299999713898,0.202099993824959,0.972599983215332,86.0199966430664,184.139999389648,915.299987792969
NaN,NaN,NaN,NaN,NaN,NaN,NaN,NaN,NaN,NaN,NaN,NaN,NaN,NaN,NaN,NaN,NaN,NaN,NaN,NaN,NaN,NaN,NaN
NaN,NaN,NaN,NaN,NaN,NaN,NaN,NaN,NaN,NaN,NaN,NaN,NaN,NaN,NaN,NaN,NaN,NaN,NaN,NaN,NaN,NaN,NaN
NaN,NaN,NaN,NaN,NaN,NaN,NaN,NaN,NaN,NaN,NaN,NaN,NaN,NaN,NaN,NaN,NaN,NaN,NaN,NaN,NaN,NaN,NaN
NaN,NaN,NaN,NaN,NaN,NaN,NaN,NaN,NaN,NaN,NaN,NaN,NaN,NaN,NaN,NaN,NaN,NaN,NaN,NaN,NaN,NaN,NaN
NaN,NaN,NaN,NaN,NaN,NaN,NaN,NaN,NaN,NaN,NaN,NaN,NaN,NaN,NaN,NaN,NaN,NaN,NaN,NaN,NaN,NaN,NaN
NaN,NaN,NaN,NaN,NaN,NaN,NaN,NaN,NaN,NaN,NaN,NaN,NaN,NaN,NaN,NaN,NaN,NaN,NaN,NaN,NaN,NaN,NaN
NaN,NaN,NaN,NaN,NaN,NaN,NaN,NaN,NaN,NaN,NaN,NaN,NaN,NaN,NaN,NaN,NaN,NaN,NaN,NaN,NaN,NaN,NaN
NaN,NaN,NaN,NaN,NaN,NaN,NaN,NaN,NaN,NaN,NaN,NaN,NaN,NaN,NaN,NaN,NaN,NaN,NaN,NaN,NaN,NaN,NaN
NaN,NaN,NaN,NaN,NaN,NaN,NaN,NaN,NaN,NaN,NaN,NaN,NaN,NaN,NaN,NaN,NaN,NaN,NaN,NaN,NaN,NaN,NaN
NaN,NaN,NaN,NaN,NaN,NaN,NaN,NaN,NaN,NaN,NaN,NaN,NaN,NaN,NaN,NaN,NaN,NaN,NaN,NaN,NaN,NaN,NaN
NaN,NaN,NaN,NaN,NaN,NaN,NaN,NaN,NaN,NaN,NaN,NaN,NaN,NaN,NaN,NaN,NaN,NaN,NaN,NaN,NaN,NaN,NaN
NaN,NaN,NaN,NaN,NaN,NaN,NaN,NaN,NaN,NaN,NaN,NaN,NaN,NaN,NaN,NaN,NaN,NaN,NaN,NaN,NaN,NaN,NaN
NaN,NaN,NaN,NaN,NaN,NaN,NaN,NaN,NaN,NaN,NaN,NaN,NaN,NaN,NaN,NaN,NaN,NaN,NaN,NaN,NaN,NaN,NaN
NaN,NaN,NaN,NaN,NaN,NaN,NaN,NaN,NaN,NaN,NaN,NaN,NaN,NaN,NaN,NaN,NaN,NaN,NaN,NaN,NaN,NaN,NaN
NaN,NaN,NaN,NaN,NaN,NaN,NaN,NaN,NaN,NaN,NaN,NaN,NaN,NaN,NaN,NaN,NaN,NaN,NaN,NaN,NaN,NaN,NaN
NaN,NaN,NaN,NaN,NaN,NaN,NaN,NaN,NaN,NaN,NaN,NaN,NaN,NaN,NaN,NaN,NaN,NaN,NaN,NaN,NaN,NaN,NaN
NaN,NaN,NaN,NaN,NaN,NaN,NaN,NaN,NaN,NaN,NaN,NaN,NaN,NaN,NaN,NaN,NaN,NaN,NaN,NaN,NaN,NaN,NaN
NaN,NaN,NaN,NaN,NaN,NaN,NaN,NaN,NaN,NaN,NaN,NaN,NaN,NaN,NaN,NaN,NaN,NaN,NaN,NaN,NaN,NaN,NaN
NaN,NaN,NaN,NaN,NaN,NaN,NaN,NaN,NaN,NaN,NaN,NaN,NaN,NaN,NaN,NaN,NaN,NaN,NaN,NaN,NaN,NaN,NaN
NaN,NaN,NaN,NaN,NaN,NaN,NaN,NaN,NaN,NaN,NaN,NaN,NaN,NaN,NaN,NaN,NaN,NaN,NaN,NaN,NaN,NaN,NaN
NaN,NaN,NaN,NaN,NaN,NaN,NaN,NaN,NaN,NaN,NaN,NaN,NaN,NaN,NaN,NaN,NaN,NaN,NaN,NaN,NaN,NaN,NaN
NaN,NaN,NaN,NaN,NaN,NaN,NaN,NaN,NaN,NaN,NaN,NaN,NaN,NaN,NaN,NaN,NaN,NaN,NaN,NaN,NaN,NaN,NaN
NaN,NaN,NaN,NaN,NaN,NaN,NaN,NaN,NaN,NaN,NaN,NaN,NaN,NaN,NaN,NaN,NaN,NaN,NaN,NaN,NaN,NaN,NaN
NaN,NaN,NaN,NaN,NaN,NaN,NaN,NaN,NaN,NaN,NaN,NaN,NaN,NaN,NaN,NaN,NaN,NaN,NaN,NaN,NaN,NaN,NaN
NaN,NaN,NaN,NaN,NaN,NaN,NaN,NaN,NaN,NaN,NaN,NaN,NaN,NaN,NaN,NaN,NaN,NaN,NaN,NaN,NaN,NaN,NaN
NaN,NaN,NaN,NaN,NaN,NaN,NaN,NaN,NaN,NaN,NaN,NaN,NaN,NaN,NaN,NaN,NaN,NaN,NaN,NaN,NaN,NaN,NaN
NaN,NaN,NaN,NaN,NaN,NaN,NaN,NaN,NaN,NaN,NaN,NaN,NaN,NaN,NaN,NaN,NaN,NaN,NaN,NaN,NaN,NaN,NaN
NaN,NaN,NaN,NaN,NaN,NaN,NaN,NaN,NaN,NaN,NaN,NaN,NaN,NaN,NaN,NaN,NaN,NaN,NaN,NaN,NaN,NaN,NaN
NaN,NaN,NaN,NaN,NaN,NaN,NaN,NaN,NaN,NaN,NaN,NaN,NaN,NaN,NaN,NaN,NaN,NaN,NaN,NaN,NaN,NaN,NaN
NaN,NaN,NaN,NaN,NaN,NaN,NaN,NaN,NaN,NaN,NaN,NaN,NaN,NaN,NaN,NaN,NaN,NaN,NaN,NaN,NaN,NaN,NaN
NaN,NaN,NaN,NaN,NaN,NaN,NaN,NaN,NaN,NaN,NaN,NaN,NaN,NaN,NaN,NaN,NaN,NaN,NaN,NaN,NaN,NaN,NaN
NaN,NaN,NaN,NaN,NaN,NaN,NaN,NaN,NaN,NaN,NaN,NaN,NaN,NaN,NaN,NaN,NaN,NaN,NaN,NaN,NaN,NaN,NaN
NaN,NaN,NaN,NaN,NaN,NaN,NaN,NaN,NaN,NaN,NaN,NaN,NaN,NaN,NaN,NaN,NaN,NaN,NaN,NaN,NaN,NaN,NaN
NaN,NaN,NaN,NaN,NaN,NaN,NaN,NaN,NaN,NaN,NaN,NaN,NaN,NaN,NaN,NaN,NaN,NaN,NaN,NaN,NaN,NaN,NaN
NaN,NaN,NaN,NaN,NaN,NaN,NaN,NaN,NaN,NaN,NaN,NaN,NaN,NaN,NaN,NaN,NaN,NaN,NaN,NaN,NaN,NaN,NaN
NaN,NaN,NaN,NaN,NaN,NaN,NaN,NaN,NaN,NaN,NaN,NaN,NaN,NaN,NaN,NaN,NaN,NaN,NaN,NaN,NaN,NaN,NaN
NaN,NaN,NaN,NaN,NaN,NaN,NaN,NaN,NaN,NaN,NaN,NaN,NaN,NaN,NaN,NaN,NaN,NaN,NaN,NaN,NaN,NaN,NaN
NaN,NaN,NaN,NaN,NaN,NaN,NaN,NaN,NaN,NaN,NaN,NaN,NaN,NaN,NaN,NaN,NaN,NaN,NaN,NaN,NaN,NaN,NaN
NaN,NaN,NaN,NaN,NaN,NaN,NaN,NaN,NaN,NaN,NaN,NaN,NaN,NaN,NaN,NaN,NaN,NaN,NaN,NaN,NaN,NaN,NaN
NaN,NaN,NaN,NaN,NaN,NaN,NaN,NaN,NaN,NaN,NaN,NaN,NaN,NaN,NaN,NaN,NaN,NaN,NaN,NaN,NaN,NaN,NaN
NaN,NaN,NaN,NaN,NaN,NaN,NaN,NaN,NaN,NaN,NaN,NaN,NaN,NaN,NaN,NaN,NaN,NaN,NaN,NaN,NaN,NaN,NaN
NaN,NaN,NaN,NaN,NaN,NaN,NaN,NaN,NaN,NaN,NaN,NaN,NaN,NaN,NaN,NaN,NaN,NaN,NaN,NaN,NaN,NaN,NaN
NaN,NaN,NaN,NaN,NaN,NaN,NaN,NaN,NaN,NaN,NaN,NaN,NaN,NaN,NaN,NaN,NaN,NaN,NaN,NaN,NaN,NaN,NaN
NaN,NaN,NaN,NaN,NaN,NaN,NaN,NaN,NaN,NaN,NaN,NaN,NaN,NaN,NaN,NaN,NaN,NaN,NaN,NaN,NaN,NaN,NaN
NaN,NaN,NaN,NaN,NaN,NaN,NaN,NaN,NaN,NaN,NaN,NaN,NaN,NaN,NaN,NaN,NaN,NaN,NaN,NaN,NaN,NaN,NaN
NaN,NaN,NaN,NaN,NaN,NaN,NaN,NaN,NaN,NaN,NaN,NaN,NaN,NaN,NaN,NaN,NaN,NaN,NaN,NaN,NaN,NaN,NaN
NaN,NaN,NaN,NaN,NaN,NaN,NaN,NaN,NaN,NaN,NaN,NaN,NaN,NaN,NaN,NaN,NaN,NaN,NaN,NaN,NaN,NaN,NaN
NaN,NaN,NaN,NaN,NaN,NaN,NaN,NaN,NaN,NaN,NaN,NaN,NaN,NaN,NaN,NaN,NaN,NaN,NaN,NaN,NaN,NaN,NaN
NaN,NaN,NaN,NaN,NaN,NaN,NaN,NaN,NaN,NaN,NaN,NaN,NaN,NaN,NaN,NaN,NaN,NaN,NaN,NaN,NaN,NaN,NaN
NaN,NaN,NaN,NaN,NaN,NaN,NaN,NaN,NaN,NaN,NaN,NaN,NaN,NaN,NaN,NaN,NaN,NaN,NaN,NaN,NaN,NaN,NaN
NaN,NaN,NaN,NaN,NaN,NaN,NaN,NaN,NaN,NaN,NaN,NaN,NaN,NaN,NaN,NaN,NaN,NaN,NaN,NaN,NaN,NaN,NaN
NaN,NaN,NaN,NaN,NaN,NaN,NaN,NaN,NaN,NaN,NaN,NaN,NaN,NaN,NaN,NaN,NaN,NaN,NaN,NaN,NaN,NaN,NaN
NaN,NaN,NaN,NaN,NaN,NaN,NaN,NaN,NaN,NaN,NaN,NaN,NaN,NaN,NaN,NaN,NaN,NaN,NaN,NaN,NaN,NaN,NaN
NaN,NaN,NaN,NaN,NaN,NaN,NaN,NaN,NaN,NaN,NaN,NaN,NaN,NaN,NaN,NaN,NaN,NaN,NaN,NaN,NaN,NaN,NaN
NaN,NaN,NaN,NaN,NaN,NaN,NaN,NaN,NaN,NaN,NaN,NaN,NaN,NaN,NaN,NaN,NaN,NaN,NaN,NaN,NaN,NaN,NaN
NaN,NaN,NaN,NaN,NaN,NaN,NaN,NaN,NaN,NaN,NaN,NaN,NaN,NaN,NaN,NaN,NaN,NaN,NaN,NaN,NaN,NaN,NaN
NaN,NaN,NaN,NaN,NaN,NaN,NaN,NaN,NaN,NaN,NaN,NaN,NaN,NaN,NaN,NaN,NaN,NaN,NaN,NaN,NaN,NaN,NaN
NaN,NaN,NaN,NaN,NaN,NaN,NaN,NaN,NaN,NaN,NaN,NaN,NaN,NaN,NaN,NaN,NaN,NaN,NaN,NaN,NaN,NaN,NaN
NaN,NaN,NaN,NaN,NaN,NaN,NaN,NaN,NaN,NaN,NaN,NaN,NaN,NaN,NaN,NaN,NaN,NaN,NaN,NaN,NaN,NaN,NaN
NaN,NaN,NaN,NaN,NaN,NaN,NaN,NaN,NaN,NaN,NaN,NaN,NaN,NaN,NaN,NaN,NaN,NaN,NaN,NaN,NaN,NaN,NaN
NaN,NaN,NaN,NaN,NaN,NaN,NaN,NaN,NaN,NaN,NaN,NaN,NaN,NaN,NaN,NaN,NaN,NaN,NaN,NaN,NaN,NaN,NaN
NaN,NaN,NaN,NaN,NaN,NaN,NaN,NaN,NaN,NaN,NaN,NaN,NaN,NaN,NaN,NaN,NaN,NaN,NaN,NaN,NaN,NaN,NaN
NaN,NaN,NaN,NaN,NaN,NaN,NaN,NaN,NaN,NaN,NaN,NaN,NaN,NaN,NaN,NaN,NaN,NaN,NaN,NaN,NaN,NaN,NaN
NaN,NaN,NaN,NaN,NaN,NaN,NaN,NaN,NaN,NaN,NaN,NaN,NaN,NaN,NaN,NaN,NaN,NaN,NaN,NaN,NaN,NaN,NaN
NaN,NaN,NaN,NaN,NaN,NaN,NaN,NaN,NaN,NaN,NaN,NaN,NaN,NaN,NaN,NaN,NaN,NaN,NaN,NaN,NaN,NaN,NaN
NaN,NaN,NaN,NaN,NaN,NaN,NaN,NaN,NaN,NaN,NaN,NaN,NaN,NaN,NaN,NaN,NaN,NaN,NaN,NaN,NaN,NaN,NaN
NaN,NaN,NaN,NaN,NaN,NaN,NaN,NaN,NaN,NaN,NaN,NaN,NaN,NaN,NaN,NaN,NaN,NaN,NaN,NaN,NaN,NaN,NaN
NaN,NaN,NaN,NaN,NaN,NaN,NaN,NaN,NaN,NaN,NaN,NaN,NaN,NaN,NaN,NaN,NaN,NaN,NaN,NaN,NaN,NaN,NaN
NaN,NaN,NaN,NaN,NaN,NaN,NaN,NaN,NaN,NaN,NaN,NaN,NaN,NaN,NaN,NaN,NaN,NaN,NaN,NaN,NaN,NaN,NaN
NaN,NaN,NaN,NaN,NaN,NaN,NaN,NaN,NaN,NaN,NaN,NaN,NaN,NaN,NaN,NaN,NaN,NaN,NaN,NaN,NaN,NaN,NaN
NaN,NaN,NaN,NaN,NaN,NaN,NaN,NaN,NaN,NaN,NaN,NaN,NaN,NaN,NaN,NaN,NaN,NaN,NaN,NaN,NaN,NaN,NaN
NaN,NaN,NaN,NaN,NaN,NaN,NaN,NaN,NaN,NaN,NaN,NaN,NaN,NaN,NaN,NaN,NaN,NaN,NaN,NaN,NaN,NaN,NaN
NaN,NaN,NaN,NaN,NaN,NaN,NaN,NaN,NaN,NaN,NaN,NaN,NaN,NaN,NaN,NaN,NaN,NaN,NaN,NaN,NaN,NaN,NaN
NaN,NaN,NaN,NaN,NaN,NaN,NaN,NaN,NaN,NaN,NaN,NaN,NaN,NaN,NaN,NaN,NaN,NaN,NaN,NaN,NaN,NaN,NaN
NaN,NaN,NaN,NaN,NaN,NaN,NaN,NaN,NaN,NaN,NaN,NaN,NaN,NaN,NaN,NaN,NaN,NaN,NaN,NaN,NaN,NaN,NaN
NaN,NaN,NaN,NaN,NaN,NaN,NaN,NaN,NaN,NaN,NaN,NaN,NaN,NaN,NaN,NaN,NaN,NaN,NaN,NaN,NaN,NaN,NaN
NaN,NaN,NaN,NaN,NaN,NaN,NaN,NaN,NaN,NaN,NaN,NaN,NaN,NaN,NaN,NaN,NaN,NaN,NaN,NaN,NaN,NaN,NaN
NaN,NaN,NaN,NaN,NaN,NaN,NaN,NaN,NaN,NaN,NaN,NaN,NaN,NaN,NaN,NaN,NaN,NaN,NaN,NaN,NaN,NaN,NaN
NaN,NaN,NaN,NaN,NaN,NaN,NaN,NaN,NaN,NaN,NaN,NaN,NaN,NaN,NaN,NaN,NaN,NaN,NaN,NaN,NaN,NaN,NaN
NaN,NaN,NaN,NaN,NaN,NaN,NaN,NaN,NaN,NaN,NaN,NaN,NaN,NaN,NaN,NaN,NaN,NaN,NaN,NaN,NaN,NaN,NaN
NaN,NaN,NaN,NaN,NaN,NaN,NaN,NaN,NaN,NaN,NaN,NaN,NaN,NaN,NaN,NaN,NaN,NaN,NaN,NaN,NaN,NaN,NaN
NaN,NaN,NaN,NaN,NaN,NaN,NaN,NaN,NaN,NaN,NaN,NaN,NaN,NaN,NaN,NaN,NaN,NaN,NaN,NaN,NaN,NaN,NaN
NaN,NaN,NaN,NaN,NaN,NaN,NaN,NaN,NaN,NaN,NaN,NaN,NaN,NaN,NaN,NaN,NaN,NaN,NaN,NaN,NaN,NaN,NaN
NaN,NaN,NaN,NaN,NaN,NaN,NaN,NaN,NaN,NaN,NaN,NaN,NaN,NaN,NaN,NaN,NaN,NaN,NaN,NaN,NaN,NaN,NaN
NaN,NaN,NaN,NaN,NaN,NaN,NaN,NaN,NaN,NaN,NaN,NaN,NaN,NaN,NaN,NaN,NaN,NaN,NaN,NaN,NaN,NaN,NaN
NaN,NaN,NaN,NaN,NaN,NaN,NaN,NaN,NaN,NaN,NaN,NaN,NaN,NaN,NaN,NaN,NaN,NaN,NaN,NaN,NaN,NaN,NaN
NaN,NaN,NaN,NaN,NaN,NaN,NaN,NaN,NaN,NaN,NaN,NaN,NaN,NaN,NaN,NaN,NaN,NaN,NaN,NaN,NaN,NaN,NaN
NaN,NaN,NaN,NaN,NaN,NaN,NaN,NaN,NaN,NaN,NaN,NaN,NaN,NaN,NaN,NaN,NaN,NaN,NaN,NaN,NaN,NaN,NaN
NaN,NaN,NaN,NaN,NaN,NaN,NaN,NaN,NaN,NaN,NaN,NaN,NaN,NaN,NaN,NaN,NaN,NaN,NaN,NaN,NaN,NaN,NaN
NaN,NaN,NaN,NaN,NaN,NaN,NaN,NaN,NaN,NaN,NaN,NaN,NaN,NaN,NaN,NaN,NaN,NaN,NaN,NaN,NaN,NaN,NaN
NaN,NaN,NaN,NaN,NaN,NaN,NaN,NaN,NaN,NaN,NaN,NaN,NaN,NaN,NaN,NaN,NaN,NaN,NaN,NaN,NaN,NaN,NaN
NaN,NaN,NaN,NaN,NaN,NaN,NaN,NaN,NaN,NaN,NaN,NaN,NaN,NaN,NaN,NaN,NaN,NaN,NaN,NaN,NaN,NaN,NaN
NaN,NaN,NaN,NaN,NaN,NaN,NaN,NaN,NaN,NaN,NaN,NaN,NaN,NaN,NaN,NaN,NaN,NaN,NaN,NaN,NaN,NaN,NaN
NaN,NaN,NaN,NaN,NaN,NaN,NaN,NaN,NaN,NaN,NaN,NaN,NaN,NaN,NaN,NaN,NaN,NaN,NaN,NaN,NaN,NaN,NaN
NaN,NaN,NaN,NaN,NaN,NaN,NaN,NaN,NaN,NaN,NaN,NaN,NaN,NaN,NaN,NaN,NaN,NaN,NaN,NaN,NaN,NaN,NaN
NaN,NaN,NaN,NaN,NaN,NaN,NaN,NaN,NaN,NaN,NaN,NaN,NaN,NaN,NaN,NaN,NaN,NaN,NaN,NaN,NaN,NaN,NaN
NaN,NaN,NaN,NaN,NaN,NaN,NaN,NaN,NaN,NaN,NaN,NaN,NaN,NaN,NaN,NaN,NaN,NaN,NaN,NaN,NaN,NaN,NaN
NaN,NaN,NaN,NaN,NaN,NaN,NaN,NaN,NaN,NaN,NaN,NaN,NaN,NaN,NaN,NaN,NaN,NaN,NaN,NaN,NaN,NaN,NaN
NaN,NaN,NaN,NaN,NaN,NaN,NaN,NaN,NaN,NaN,NaN,NaN,NaN,NaN,NaN,NaN,NaN,NaN,NaN,NaN,NaN,NaN,NaN
NaN,NaN,NaN,NaN,NaN,NaN,NaN,NaN,NaN,NaN,NaN,NaN,NaN,NaN,NaN,NaN,NaN,NaN,NaN,NaN,NaN,NaN,NaN
NaN,NaN,NaN,NaN,NaN,NaN,NaN,NaN,NaN,NaN,NaN,NaN,NaN,NaN,NaN,NaN,NaN,NaN,NaN,NaN,NaN,NaN,NaN
NaN,NaN,NaN,NaN,NaN,NaN,NaN,NaN,NaN,NaN,NaN,NaN,NaN,NaN,NaN,NaN,NaN,NaN,NaN,NaN,NaN,NaN,NaN
NaN,NaN,NaN,NaN,NaN,NaN,NaN,NaN,NaN,NaN,NaN,NaN,NaN,NaN,NaN,NaN,NaN,NaN,NaN,NaN,NaN,NaN,NaN
NaN,NaN,NaN,NaN,NaN,NaN,NaN,NaN,NaN,NaN,NaN,NaN,NaN,NaN,NaN,NaN,NaN,NaN,NaN,NaN,NaN,NaN,NaN
NaN,NaN,NaN,NaN,NaN,NaN,NaN,NaN,NaN,NaN,NaN,NaN,NaN,NaN,NaN,NaN,NaN,NaN,NaN,NaN,NaN,NaN,NaN
NaN,NaN,NaN,NaN,NaN,NaN,NaN,NaN,NaN,NaN,NaN,NaN,NaN,NaN,NaN,NaN,NaN,NaN,NaN,NaN,NaN,NaN,NaN
NaN,NaN,NaN,NaN,NaN,NaN,NaN,NaN,NaN,NaN,NaN,NaN,NaN,NaN,NaN,NaN,NaN,NaN,NaN,NaN,NaN,NaN,NaN
NaN,NaN,NaN,NaN,NaN,NaN,NaN,NaN,NaN,NaN,NaN,NaN,NaN,NaN,NaN,NaN,NaN,NaN,NaN,NaN,NaN,NaN,NaN
NaN,NaN,NaN,NaN,NaN,NaN,NaN,NaN,NaN,NaN,NaN,NaN,NaN,NaN,NaN,NaN,NaN,NaN,NaN,NaN,NaN,NaN,NaN
NaN,NaN,NaN,NaN,NaN,NaN,NaN,NaN,NaN,NaN,NaN,NaN,NaN,NaN,NaN,NaN,NaN,NaN,NaN,NaN,NaN,NaN,NaN
NaN,NaN,NaN,NaN,NaN,NaN,NaN,NaN,NaN,NaN,NaN,NaN,NaN,NaN,NaN,NaN,NaN,NaN,NaN,NaN,NaN,NaN,NaN
NaN,NaN,NaN,NaN,NaN,NaN,NaN,NaN,NaN,NaN,NaN,NaN,NaN,NaN,NaN,NaN,NaN,NaN,NaN,NaN,NaN,NaN,NaN
NaN,NaN,NaN,NaN,NaN,NaN,NaN,NaN,NaN,NaN,NaN,NaN,NaN,NaN,NaN,NaN,NaN,NaN,NaN,NaN,NaN,NaN,NaN
NaN,NaN,NaN,NaN,NaN,NaN,NaN,NaN,NaN,NaN,NaN,NaN,NaN,NaN,NaN,NaN,NaN,NaN,NaN,NaN,NaN,NaN,NaN
NaN,NaN,NaN,NaN,NaN,NaN,NaN,NaN,NaN,NaN,NaN,NaN,NaN,NaN,NaN,NaN,NaN,NaN,NaN,NaN,NaN,NaN,NaN
NaN,NaN,NaN,NaN,NaN,NaN,NaN,NaN,NaN,NaN,NaN,NaN,NaN,NaN,NaN,NaN,NaN,NaN,NaN,NaN,NaN,NaN,NaN
NaN,NaN,NaN,NaN,NaN,NaN,NaN,NaN,NaN,NaN,NaN,NaN,NaN,NaN,NaN,NaN,NaN,NaN,NaN,NaN,NaN,NaN,NaN
NaN,NaN,NaN,NaN,NaN,NaN,NaN,NaN,NaN,NaN,NaN,NaN,NaN,NaN,NaN,NaN,NaN,NaN,NaN,NaN,NaN,NaN,NaN
NaN,NaN,NaN,NaN,NaN,NaN,NaN,NaN,NaN,NaN,NaN,NaN,NaN,NaN,NaN,NaN,NaN,NaN,NaN,NaN,NaN,NaN,NaN
NaN,NaN,NaN,NaN,NaN,NaN,NaN,NaN,NaN,NaN,NaN,NaN,NaN,NaN,NaN,NaN,NaN,NaN,NaN,NaN,NaN,NaN,NaN
NaN,NaN,NaN,NaN,NaN,NaN,NaN,NaN,NaN,NaN,NaN,NaN,NaN,NaN,NaN,NaN,NaN,NaN,NaN,NaN,NaN,NaN,NaN
NaN,NaN,NaN,NaN,NaN,NaN,NaN,NaN,NaN,NaN,NaN,NaN,NaN,NaN,NaN,NaN,NaN,NaN,NaN,NaN,NaN,NaN,NaN
NaN,NaN,NaN,NaN,NaN,NaN,NaN,NaN,NaN,NaN,NaN,NaN,NaN,NaN,NaN,NaN,NaN,NaN,NaN,NaN,NaN,NaN,NaN
NaN,NaN,NaN,NaN,NaN,NaN,NaN,NaN,NaN,NaN,NaN,NaN,NaN,NaN,NaN,NaN,NaN,NaN,NaN,NaN,NaN,NaN,NaN
NaN,NaN,NaN,NaN,NaN,NaN,NaN,NaN,NaN,NaN,NaN,NaN,NaN,NaN,NaN,NaN,NaN,NaN,NaN,NaN,NaN,NaN,NaN
NaN,NaN,NaN,NaN,NaN,NaN,NaN,NaN,NaN,NaN,NaN,NaN,NaN,NaN,NaN,NaN,NaN,NaN,NaN,NaN,NaN,NaN,NaN
NaN,NaN,NaN,NaN,NaN,NaN,NaN,NaN,NaN,NaN,NaN,NaN,NaN,NaN,NaN,NaN,NaN,NaN,NaN,NaN,NaN,NaN,NaN
NaN,NaN,NaN,NaN,NaN,NaN,NaN,NaN,NaN,NaN,NaN,NaN,NaN,NaN,NaN,NaN,NaN,NaN,NaN,NaN,NaN,NaN,NaN
NaN,NaN,NaN,NaN,NaN,NaN,NaN,NaN,NaN,NaN,NaN,NaN,NaN,NaN,NaN,NaN,NaN,NaN,NaN,NaN,NaN,NaN,NaN
NaN,NaN,NaN,NaN,NaN,NaN,NaN,NaN,NaN,NaN,NaN,NaN,NaN,NaN,NaN,NaN,NaN,NaN,NaN,NaN,NaN,NaN,NaN
NaN,NaN,NaN,NaN,NaN,NaN,NaN,NaN,NaN,NaN,NaN,NaN,NaN,NaN,NaN,NaN,NaN,NaN,NaN,NaN,NaN,NaN,NaN
NaN,NaN,NaN,NaN,NaN,NaN,NaN,NaN,NaN,NaN,NaN,NaN,NaN,NaN,NaN,NaN,NaN,NaN,NaN,NaN,NaN,NaN,NaN
NaN,NaN,NaN,NaN,NaN,NaN,NaN,NaN,NaN,NaN,NaN,NaN,NaN,NaN,NaN,NaN,NaN,NaN,NaN,NaN,NaN,NaN,NaN
NaN,NaN,NaN,NaN,NaN,NaN,NaN,NaN,NaN,NaN,NaN,NaN,NaN,NaN,NaN,NaN,NaN,NaN,NaN,NaN,NaN,NaN,NaN
NaN,NaN,NaN,NaN,NaN,NaN,NaN,NaN,NaN,NaN,NaN,NaN,NaN,NaN,NaN,NaN,NaN,NaN,NaN,NaN,NaN,NaN,NaN
NaN,NaN,NaN,NaN,NaN,NaN,NaN,NaN,NaN,NaN,NaN,NaN,NaN,NaN,NaN,NaN,NaN,NaN,NaN,NaN,NaN,NaN,NaN
NaN,NaN,NaN,NaN,NaN,NaN,NaN,NaN,NaN,NaN,NaN,NaN,NaN,NaN,NaN,NaN,NaN,NaN,NaN,NaN,NaN,NaN,NaN
NaN,NaN,NaN,NaN,NaN,NaN,NaN,NaN,NaN,NaN,NaN,NaN,NaN,NaN,NaN,NaN,NaN,NaN,NaN,NaN,NaN,NaN,NaN
NaN,NaN,NaN,NaN,NaN,NaN,NaN,NaN,NaN,NaN,NaN,NaN,NaN,NaN,NaN,NaN,NaN,NaN,NaN,NaN,NaN,NaN,NaN
NaN,NaN,NaN,NaN,NaN,NaN,NaN,NaN,NaN,NaN,NaN,NaN,NaN,NaN,NaN,NaN,NaN,NaN,NaN,NaN,NaN,NaN,NaN
NaN,NaN,NaN,NaN,NaN,NaN,NaN,NaN,NaN,NaN,NaN,NaN,NaN,NaN,NaN,NaN,NaN,NaN,NaN,NaN,NaN,NaN,NaN
NaN,NaN,NaN,NaN,NaN,NaN,NaN,NaN,NaN,NaN,NaN,NaN,NaN,NaN,NaN,NaN,NaN,NaN,NaN,NaN,NaN,NaN,NaN
NaN,NaN,NaN,NaN,NaN,NaN,NaN,NaN,NaN,NaN,NaN,NaN,NaN,NaN,NaN,NaN,NaN,NaN,NaN,NaN,NaN,NaN,NaN
NaN,NaN,NaN,NaN,NaN,NaN,NaN,NaN,NaN,NaN,NaN,NaN,NaN,NaN,NaN,NaN,NaN,NaN,NaN,NaN,NaN,NaN,NaN
NaN,NaN,NaN,NaN,NaN,NaN,NaN,NaN,NaN,NaN,NaN,NaN,NaN,NaN,NaN,NaN,NaN,NaN,NaN,NaN,NaN,NaN,NaN
NaN,NaN,NaN,NaN,NaN,NaN,NaN,NaN,NaN,NaN,NaN,NaN,NaN,NaN,NaN,NaN,NaN,NaN,NaN,NaN,NaN,NaN,NaN
NaN,NaN,NaN,NaN,NaN,NaN,NaN,NaN,NaN,NaN,NaN,NaN,NaN,NaN,NaN,NaN,NaN,NaN,NaN,NaN,NaN,NaN,NaN
NaN,NaN,NaN,NaN,NaN,NaN,NaN,NaN,NaN,NaN,NaN,NaN,NaN,NaN,NaN,NaN,NaN,NaN,NaN,NaN,NaN,NaN,NaN
NaN,NaN,NaN,NaN,NaN,NaN,NaN,NaN,NaN,NaN,NaN,NaN,NaN,NaN,NaN,NaN,NaN,NaN,NaN,NaN,NaN,NaN,NaN
NaN,NaN,NaN,NaN,NaN,NaN,NaN,NaN,NaN,NaN,NaN,NaN,NaN,NaN,NaN,NaN,NaN,NaN,NaN,NaN,NaN,NaN,NaN
NaN,NaN,NaN,NaN,NaN,NaN,NaN,NaN,NaN,NaN,NaN,NaN,NaN,NaN,NaN,NaN,NaN,NaN,NaN,NaN,NaN,NaN,NaN
NaN,NaN,NaN,NaN,NaN,NaN,NaN,NaN,NaN,NaN,NaN,NaN,NaN,NaN,NaN,NaN,NaN,NaN,NaN,NaN,NaN,NaN,NaN
NaN,NaN,NaN,NaN,NaN,NaN,NaN,NaN,NaN,NaN,NaN,NaN,NaN,NaN,NaN,NaN,NaN,NaN,NaN,NaN,NaN,NaN,NaN
NaN,NaN,NaN,NaN,NaN,NaN,NaN,NaN,NaN,NaN,NaN,NaN,NaN,NaN,NaN,NaN,NaN,NaN,NaN,NaN,NaN,NaN,NaN
NaN,NaN,NaN,NaN,NaN,NaN,NaN,NaN,NaN,NaN,NaN,NaN,NaN,NaN,NaN,NaN,NaN,NaN,NaN,NaN,NaN,NaN,NaN
NaN,NaN,NaN,NaN,NaN,NaN,NaN,NaN,NaN,NaN,NaN,NaN,NaN,NaN,NaN,NaN,NaN,NaN,NaN,NaN,NaN,NaN,NaN
NaN,NaN,NaN,NaN,NaN,NaN,NaN,NaN,NaN,NaN,NaN,NaN,NaN,NaN,NaN,NaN,NaN,NaN,NaN,NaN,NaN,NaN,NaN
NaN,NaN,NaN,NaN,NaN,NaN,NaN,NaN,NaN,NaN,NaN,NaN,NaN,NaN,NaN,NaN,NaN,NaN,NaN,NaN,NaN,NaN,NaN
NaN,NaN,NaN,NaN,NaN,NaN,NaN,NaN,NaN,NaN,NaN,NaN,NaN,NaN,NaN,NaN,NaN,NaN,NaN,NaN,NaN,NaN,NaN
NaN,NaN,NaN,NaN,NaN,NaN,NaN,NaN,NaN,NaN,NaN,NaN,NaN,NaN,NaN,NaN,NaN,NaN,NaN,NaN,NaN,NaN,NaN
NaN,NaN,NaN,NaN,NaN,NaN,NaN,NaN,NaN,NaN,NaN,NaN,NaN,NaN,NaN,NaN,NaN,NaN,NaN,NaN,NaN,NaN,NaN
NaN,NaN,NaN,NaN,NaN,NaN,NaN,NaN,NaN,NaN,NaN,NaN,NaN,NaN,NaN,NaN,NaN,NaN,NaN,NaN,NaN,NaN,NaN
NaN,NaN,NaN,NaN,NaN,NaN,NaN,NaN,NaN,NaN,NaN,NaN,NaN,NaN,NaN,NaN,NaN,NaN,NaN,NaN,NaN,NaN,NaN
NaN,NaN,NaN,NaN,NaN,NaN,NaN,NaN,NaN,NaN,NaN,NaN,NaN,NaN,NaN,NaN,NaN,NaN,NaN,NaN,NaN,NaN,NaN
NaN,NaN,NaN,NaN,NaN,NaN,NaN,NaN,NaN,NaN,NaN,NaN,NaN,NaN,NaN,NaN,NaN,NaN,NaN,NaN,NaN,NaN,NaN
NaN,NaN,NaN,NaN,NaN,NaN,NaN,NaN,NaN,NaN,NaN,NaN,NaN,NaN,NaN,NaN,NaN,NaN,NaN,NaN,NaN,NaN,NaN
NaN,NaN,NaN,NaN,NaN,NaN,NaN,NaN,NaN,NaN,NaN,NaN,NaN,NaN,NaN,NaN,NaN,NaN,NaN,NaN,NaN,NaN,NaN
NaN,NaN,NaN,NaN,NaN,NaN,NaN,NaN,NaN,NaN,NaN,NaN,NaN,NaN,NaN,NaN,NaN,NaN,NaN,NaN,NaN,NaN,NaN
NaN,NaN,NaN,NaN,NaN,NaN,NaN,NaN,NaN,NaN,NaN,NaN,NaN,NaN,NaN,NaN,NaN,NaN,NaN,NaN,NaN,NaN,NaN
NaN,NaN,NaN,NaN,NaN,NaN,NaN,NaN,NaN,NaN,NaN,NaN,NaN,NaN,NaN,NaN,NaN,NaN,NaN,NaN,NaN,NaN,NaN
NaN,NaN,NaN,NaN,NaN,NaN,NaN,NaN,NaN,NaN,NaN,NaN,NaN,NaN,NaN,NaN,NaN,NaN,NaN,NaN,NaN,NaN,NaN
NaN,NaN,NaN,NaN,NaN,NaN,NaN,NaN,NaN,NaN,NaN,NaN,NaN,NaN,NaN,NaN,NaN,NaN,NaN,NaN,NaN,NaN,NaN
NaN,NaN,NaN,NaN,NaN,NaN,NaN,NaN,NaN,NaN,NaN,NaN,NaN,NaN,NaN,NaN,NaN,NaN,NaN,NaN,NaN,NaN,NaN
NaN,NaN,NaN,NaN,NaN,NaN,NaN,NaN,NaN,NaN,NaN,NaN,NaN,NaN,NaN,NaN,NaN,NaN,NaN,NaN,NaN,NaN,NaN
NaN,NaN,NaN,NaN,NaN,NaN,NaN,NaN,NaN,NaN,NaN,NaN,NaN,NaN,NaN,NaN,NaN,NaN,NaN,NaN,NaN,NaN,NaN
NaN,NaN,NaN,NaN,NaN,NaN,NaN,NaN,NaN,NaN,NaN,NaN,NaN,NaN,NaN,NaN,NaN,NaN,NaN,NaN,NaN,NaN,NaN
NaN,NaN,NaN,NaN,NaN,NaN,NaN,NaN,NaN,NaN,NaN,NaN,NaN,NaN,NaN,NaN,NaN,NaN,NaN,NaN,NaN,NaN,NaN
NaN,NaN,NaN,NaN,NaN,NaN,NaN,NaN,NaN,NaN,NaN,NaN,NaN,NaN,NaN,NaN,NaN,NaN,NaN,NaN,NaN,NaN,NaN
NaN,NaN,NaN,NaN,NaN,NaN,NaN,NaN,NaN,NaN,NaN,NaN,NaN,NaN,NaN,NaN,NaN,NaN,NaN,NaN,NaN,NaN,NaN
NaN,NaN,NaN,NaN,NaN,NaN,NaN,NaN,NaN,NaN,NaN,NaN,NaN,NaN,NaN,NaN,NaN,NaN,NaN,NaN,NaN,NaN,NaN
NaN,NaN,NaN,NaN,NaN,NaN,NaN,NaN,NaN,NaN,NaN,NaN,NaN,NaN,NaN,NaN,NaN,NaN,NaN,NaN,NaN,NaN,NaN
NaN,NaN,NaN,NaN,NaN,NaN,NaN,NaN,NaN,NaN,NaN,NaN,NaN,NaN,NaN,NaN,NaN,NaN,NaN,NaN,NaN,NaN,NaN
NaN,NaN,NaN,NaN,NaN,NaN,NaN,NaN,NaN,NaN,NaN,NaN,NaN,NaN,NaN,NaN,NaN,NaN,NaN,NaN,NaN,NaN,NaN
NaN,NaN,NaN,NaN,NaN,NaN,NaN,NaN,NaN,NaN,NaN,NaN,NaN,NaN,NaN,NaN,NaN,NaN,NaN,NaN,NaN,NaN,NaN
NaN,NaN,NaN,NaN,NaN,NaN,NaN,NaN,NaN,NaN,NaN,NaN,NaN,NaN,NaN,NaN,NaN,NaN,NaN,NaN,NaN,NaN,NaN
NaN,NaN,NaN,NaN,NaN,NaN,NaN,NaN,NaN,NaN,NaN,NaN,NaN,NaN,NaN,NaN,NaN,NaN,NaN,NaN,NaN,NaN,NaN
NaN,NaN,NaN,NaN,NaN,NaN,NaN,NaN,NaN,NaN,NaN,NaN,NaN,NaN,NaN,NaN,NaN,NaN,NaN,NaN,NaN,NaN,NaN
NaN,NaN,NaN,NaN,NaN,NaN,NaN,NaN,NaN,NaN,NaN,NaN,NaN,NaN,NaN,NaN,NaN,NaN,NaN,NaN,NaN,NaN,NaN
NaN,NaN,NaN,NaN,NaN,NaN,NaN,NaN,NaN,NaN,NaN,NaN,NaN,NaN,NaN,NaN,NaN,NaN,NaN,NaN,NaN,NaN,NaN
NaN,NaN,NaN,NaN,NaN,NaN,NaN,NaN,NaN,NaN,NaN,NaN,NaN,NaN,NaN,NaN,NaN,NaN,NaN,NaN,NaN,NaN,NaN
NaN,NaN,NaN,NaN,NaN,NaN,NaN,NaN,NaN,NaN,NaN,NaN,NaN,NaN,NaN,NaN,NaN,NaN,NaN,NaN,NaN,NaN,NaN
NaN,NaN,NaN,NaN,NaN,NaN,NaN,NaN,NaN,NaN,NaN,NaN,NaN,NaN,NaN,NaN,NaN,NaN,NaN,NaN,NaN,NaN,NaN
NaN,NaN,NaN,NaN,NaN,NaN,NaN,NaN,NaN,NaN,NaN,NaN,NaN,NaN,NaN,NaN,NaN,NaN,NaN,NaN,NaN,NaN,NaN
NaN,NaN,NaN,NaN,NaN,NaN,NaN,NaN,NaN,NaN,NaN,NaN,NaN,NaN,NaN,NaN,NaN,NaN,NaN,NaN,NaN,NaN,NaN
NaN,NaN,NaN,NaN,NaN,NaN,NaN,NaN,NaN,NaN,NaN,NaN,NaN,NaN,NaN,NaN,NaN,NaN,NaN,NaN,NaN,NaN,NaN
NaN,NaN,NaN,NaN,NaN,NaN,NaN,NaN,NaN,NaN,NaN,NaN,NaN,NaN,NaN,NaN,NaN,NaN,NaN,NaN,NaN,NaN,NaN
NaN,NaN,NaN,NaN,NaN,NaN,NaN,NaN,NaN,NaN,NaN,NaN,NaN,NaN,NaN,NaN,NaN,NaN,NaN,NaN,NaN,NaN,NaN
NaN,NaN,NaN,NaN,NaN,NaN,NaN,NaN,NaN,NaN,NaN,NaN,NaN,NaN,NaN,NaN,NaN,NaN,NaN,NaN,NaN,NaN,NaN
NaN,NaN,NaN,NaN,NaN,NaN,NaN,NaN,NaN,NaN,NaN,NaN,NaN,NaN,NaN,NaN,NaN,NaN,NaN,NaN,NaN,NaN,NaN
NaN,NaN,NaN,NaN,NaN,NaN,NaN,NaN,NaN,NaN,NaN,NaN,NaN,NaN,NaN,NaN,NaN,NaN,NaN,NaN,NaN,NaN,NaN
NaN,NaN,NaN,NaN,NaN,NaN,NaN,NaN,NaN,NaN,NaN,NaN,NaN,NaN,NaN,NaN,NaN,NaN,NaN,NaN,NaN,NaN,NaN
NaN,NaN,NaN,NaN,NaN,NaN,NaN,NaN,NaN,NaN,NaN,NaN,NaN,NaN,NaN,NaN,NaN,NaN,NaN,NaN,NaN,NaN,NaN
NaN,NaN,NaN,NaN,NaN,NaN,NaN,NaN,NaN,NaN,NaN,NaN,NaN,NaN,NaN,NaN,NaN,NaN,NaN,NaN,NaN,NaN,NaN
NaN,NaN,NaN,NaN,NaN,NaN,NaN,NaN,NaN,NaN,NaN,NaN,NaN,NaN,NaN,NaN,NaN,NaN,NaN,NaN,NaN,NaN,NaN
NaN,NaN,NaN,NaN,NaN,NaN,NaN,NaN,NaN,NaN,NaN,NaN,NaN,NaN,NaN,NaN,NaN,NaN,NaN,NaN,NaN,NaN,NaN
NaN,NaN,NaN,NaN,NaN,NaN,NaN,NaN,NaN,NaN,NaN,NaN,NaN,NaN,NaN,NaN,NaN,NaN,NaN,NaN,NaN,NaN,NaN
NaN,NaN,NaN,NaN,NaN,NaN,NaN,NaN,NaN,NaN,NaN,NaN,NaN,NaN,NaN,NaN,NaN,NaN,NaN,NaN,NaN,NaN,NaN
NaN,NaN,NaN,NaN,NaN,NaN,NaN,NaN,NaN,NaN,NaN,NaN,NaN,NaN,NaN,NaN,NaN,NaN,NaN,NaN,NaN,NaN,NaN
NaN,NaN,NaN,NaN,NaN,NaN,NaN,NaN,NaN,NaN,NaN,NaN,NaN,NaN,NaN,NaN,NaN,NaN,NaN,NaN,NaN,NaN,NaN
NaN,NaN,NaN,NaN,NaN,NaN,NaN,NaN,NaN,NaN,NaN,NaN,NaN,NaN,NaN,NaN,NaN,NaN,NaN,NaN,NaN,NaN,NaN
NaN,NaN,NaN,NaN,NaN,NaN,NaN,NaN,NaN,NaN,NaN,NaN,NaN,NaN,NaN,NaN,NaN,NaN,NaN,NaN,NaN,NaN,NaN
NaN,NaN,NaN,NaN,NaN,NaN,NaN,NaN,NaN,NaN,NaN,NaN,NaN,NaN,NaN,NaN,NaN,NaN,NaN,NaN,NaN,NaN,NaN
NaN,NaN,NaN,NaN,NaN,NaN,NaN,NaN,NaN,NaN,NaN,NaN,NaN,NaN,NaN,NaN,NaN,NaN,NaN,NaN,NaN,NaN,NaN
NaN,NaN,NaN,NaN,NaN,NaN,NaN,NaN,NaN,NaN,NaN,NaN,NaN,NaN,NaN,NaN,NaN,NaN,NaN,NaN,NaN,NaN,NaN
NaN,NaN,NaN,NaN,NaN,NaN,NaN,NaN,NaN,NaN,NaN,NaN,NaN,NaN,NaN,NaN,NaN,NaN,NaN,NaN,NaN,NaN,NaN
NaN,NaN,NaN,NaN,NaN,NaN,NaN,NaN,NaN,NaN,NaN,NaN,NaN,NaN,NaN,NaN,NaN,NaN,NaN,NaN,NaN,NaN,NaN
NaN,NaN,NaN,NaN,NaN,NaN,NaN,NaN,NaN,NaN,NaN,NaN,NaN,NaN,NaN,NaN,NaN,NaN,NaN,NaN,NaN,NaN,NaN
NaN,NaN,NaN,NaN,NaN,NaN,NaN,NaN,NaN,NaN,NaN,NaN,NaN,NaN,NaN,NaN,NaN,NaN,NaN,NaN,NaN,NaN,NaN
NaN,NaN,NaN,NaN,NaN,NaN,NaN,NaN,NaN,NaN,NaN,NaN,NaN,NaN,NaN,NaN,NaN,NaN,NaN,NaN,NaN,NaN,NaN
NaN,NaN,NaN,NaN,NaN,NaN,NaN,NaN,NaN,NaN,NaN,NaN,NaN,NaN,NaN,NaN,NaN,NaN,NaN,NaN,NaN,NaN,NaN
NaN,NaN,NaN,NaN,NaN,NaN,NaN,NaN,NaN,NaN,NaN,NaN,NaN,NaN,NaN,NaN,NaN,NaN,NaN,NaN,NaN,NaN,NaN
NaN,NaN,NaN,NaN,NaN,NaN,NaN,NaN,NaN,NaN,NaN,NaN,NaN,NaN,NaN,NaN,NaN,NaN,NaN,NaN,NaN,NaN,NaN
NaN,NaN,NaN,NaN,NaN,NaN,NaN,NaN,NaN,NaN,NaN,NaN,NaN,NaN,NaN,NaN,NaN,NaN,NaN,NaN,NaN,NaN,NaN
NaN,NaN,NaN,NaN,NaN,NaN,NaN,NaN,NaN,NaN,NaN,NaN,NaN,NaN,NaN,NaN,NaN,NaN,NaN,NaN,NaN,NaN,NaN
NaN,NaN,NaN,NaN,NaN,NaN,NaN,NaN,NaN,NaN,NaN,NaN,NaN,NaN,NaN,NaN,NaN,NaN,NaN,NaN,NaN,NaN,NaN
NaN,NaN,NaN,NaN,NaN,NaN,NaN,NaN,NaN,NaN,NaN,NaN,NaN,NaN,NaN,NaN,NaN,NaN,NaN,NaN,NaN,NaN,NaN
NaN,NaN,NaN,NaN,NaN,NaN,NaN,NaN,NaN,NaN,NaN,NaN,NaN,NaN,NaN,NaN,NaN,NaN,NaN,NaN,NaN,NaN,NaN
NaN,NaN,NaN,NaN,NaN,NaN,NaN,NaN,NaN,NaN,NaN,NaN,NaN,NaN,NaN,NaN,NaN,NaN,NaN,NaN,NaN,NaN,NaN
NaN,NaN,NaN,NaN,NaN,NaN,NaN,NaN,NaN,NaN,NaN,NaN,NaN,NaN,NaN,NaN,NaN,NaN,NaN,NaN,NaN,NaN,NaN
NaN,NaN,NaN,NaN,NaN,NaN,NaN,NaN,NaN,NaN,NaN,NaN,NaN,NaN,NaN,NaN,NaN,NaN,NaN,NaN,NaN,NaN,NaN
NaN,NaN,NaN,NaN,NaN,NaN,NaN,NaN,NaN,NaN,NaN,NaN,NaN,NaN,NaN,NaN,NaN,NaN,NaN,NaN,NaN,NaN,NaN
NaN,NaN,NaN,NaN,NaN,NaN,NaN,NaN,NaN,NaN,NaN,NaN,NaN,NaN,NaN,NaN,NaN,NaN,NaN,NaN,NaN,NaN,NaN
NaN,NaN,NaN,NaN,NaN,NaN,NaN,NaN,NaN,NaN,NaN,NaN,NaN,NaN,NaN,NaN,NaN,NaN,NaN,NaN,NaN,NaN,NaN
NaN,NaN,NaN,NaN,NaN,NaN,NaN,NaN,NaN,NaN,NaN,NaN,NaN,NaN,NaN,NaN,NaN,NaN,NaN,NaN,NaN,NaN,NaN
NaN,NaN,NaN,NaN,NaN,NaN,NaN,NaN,NaN,NaN,NaN,NaN,NaN,NaN,NaN,NaN,NaN,NaN,NaN,NaN,NaN,NaN,NaN
NaN,NaN,NaN,NaN,NaN,NaN,NaN,NaN,NaN,NaN,NaN,NaN,NaN,NaN,NaN,NaN,NaN,NaN,NaN,NaN,NaN,NaN,NaN
NaN,NaN,NaN,NaN,NaN,NaN,NaN,NaN,NaN,NaN,NaN,NaN,NaN,NaN,NaN,NaN,NaN,NaN,NaN,NaN,NaN,NaN,NaN
NaN,NaN,NaN,NaN,NaN,NaN,NaN,NaN,NaN,NaN,NaN,NaN,NaN,NaN,NaN,NaN,NaN,NaN,NaN,NaN,NaN,NaN,NaN
NaN,NaN,NaN,NaN,NaN,NaN,NaN,NaN,NaN,NaN,NaN,NaN,NaN,NaN,NaN,NaN,NaN,NaN,NaN,NaN,NaN,NaN,NaN
NaN,NaN,NaN,NaN,NaN,NaN,NaN,NaN,NaN,NaN,NaN,NaN,NaN,NaN,NaN,NaN,NaN,NaN,NaN,NaN,NaN,NaN,NaN
NaN,NaN,NaN,NaN,NaN,NaN,NaN,NaN,NaN,NaN,NaN,NaN,NaN,NaN,NaN,NaN,NaN,NaN,NaN,NaN,NaN,NaN,NaN
NaN,NaN,NaN,NaN,NaN,NaN,NaN,NaN,NaN,NaN,NaN,NaN,NaN,NaN,NaN,NaN,NaN,NaN,NaN,NaN,NaN,NaN,NaN
NaN,NaN,NaN,NaN,NaN,NaN,NaN,NaN,NaN,NaN,NaN,NaN,NaN,NaN,NaN,NaN,NaN,NaN,NaN,NaN,NaN,NaN,NaN
NaN,NaN,NaN,NaN,NaN,NaN,NaN,NaN,NaN,NaN,NaN,NaN,NaN,NaN,NaN,NaN,NaN,NaN,NaN,NaN,NaN,NaN,NaN
NaN,NaN,NaN,NaN,NaN,NaN,NaN,NaN,NaN,NaN,NaN,NaN,NaN,NaN,NaN,NaN,NaN,NaN,NaN,NaN,NaN,NaN,NaN
NaN,NaN,NaN,NaN,NaN,NaN,NaN,NaN,NaN,NaN,NaN,NaN,NaN,NaN,NaN,NaN,NaN,NaN,NaN,NaN,NaN,NaN,NaN
NaN,NaN,NaN,NaN,NaN,NaN,NaN,NaN,NaN,NaN,NaN,NaN,NaN,NaN,NaN,NaN,NaN,NaN,NaN,NaN,NaN,NaN,NaN
NaN,NaN,NaN,NaN,NaN,NaN,NaN,NaN,NaN,NaN,NaN,NaN,NaN,NaN,NaN,NaN,NaN,NaN,NaN,NaN,NaN,NaN,NaN
NaN,NaN,NaN,NaN,NaN,NaN,NaN,NaN,NaN,NaN,NaN,NaN,NaN,NaN,NaN,NaN,NaN,NaN,NaN,NaN,NaN,NaN,NaN
NaN,NaN,NaN,NaN,NaN,NaN,NaN,NaN,NaN,NaN,NaN,NaN,NaN,NaN,NaN,NaN,NaN,NaN,NaN,NaN,NaN,NaN,NaN
NaN,NaN,NaN,NaN,NaN,NaN,NaN,NaN,NaN,NaN,NaN,NaN,NaN,NaN,NaN,NaN,NaN,NaN,NaN,NaN,NaN,NaN,NaN
NaN,NaN,NaN,NaN,NaN,NaN,NaN,NaN,NaN,NaN,NaN,NaN,NaN,NaN,NaN,NaN,NaN,NaN,NaN,NaN,NaN,NaN,NaN
NaN,NaN,NaN,NaN,NaN,NaN,NaN,NaN,NaN,NaN,NaN,NaN,NaN,NaN,NaN,NaN,NaN,NaN,NaN,NaN,NaN,NaN,NaN
