Time,target,CoP_x,CoP_y,CoP_z,RightA_x,RightA_y,RightA_z,LeftA_x,LeftA_y,LeftA_z,RightS_x,RightS_y,RightS_z,LeftS_x,LeftS_y,LeftS_z,RightGaze-Ray X,RightGaze-Ray Y,RightGaze-Ray Z,GazePosition_x,GazePosition_y,GazePosition_z
17655.1145103,960,0,0,0,0,0,0,0,0,0,NaN,NaN,NaN,NaN,NaN,NaN,0,0,0,0,0,0
17655.1261437,960,-0.0134135819971561,0.0449727796018124,0,-45.5270503928723,-0.788813604464468,1849.87705303037,87.9714359702127,-1.01083994982494,1831.12109987379,245.079411336243,145.830432343413,1574.484048259,-166.13344235584,190.703734221335,1573.32688951915,0,0,0,0,0,0
17655.1561791,960,-0.012012523598969,0.0466676712036133,0,-45.5170419449498,-0.803333188793725,1849.87206114862,87.970786752863,-1.016493220091,1831.11504495265,245.073344009945,145.826276583709,1574.49065107513,-166.146911581892,190.699885388572,1573.32471675057,-0.062899999320507,0.168799996376038,0.98360002040863,-18.1499996185303,42.9900016784668,399.799987792969
17655.1680539,960,-0.0117224808782339,0.0458761289715767,0,-45.4960016457205,-0.86292435277993,1849.8520748939,87.9849456793349,-0.99659904212807,1831.02187184717,244.98637147546,145.756403348764,1574.52632503775,-166.213528282977,190.597621221905,1573.31612145685,0,0,0,0,0,0
17655.1800946,960,-0.0114244613796473,0.0473925717175007,0,-45.6112977599949,-0.900947480369021,1849.82851733922,87.972125963272,-1.01285850530533,1830.9863900916,244.950434174637,145.719554869717,1574.56511771434,-166.261450063437,190.556161865096,1573.32511080855,0,0,0,0,0,0
17655.194517,960,-0.011903733946383,0.0477294981479645,0,-45.6030583434739,-1.00295212059704,1849.75425125643,87.8657531149296,-1.06748422803266,1830.90299547784,244.905750622601,145.670202725924,1574.63781003454,-166.341597901865,190.473436289387,1573.37925340209,0,0,0,0,0,0
17655.2061215,960,-0.0118441935628653,0.0476277828216553,0,-45.7243721304499,-1.10057061322021,1849.73889710484,87.7820335806489,-1.1354145768913,1830.87358838369,244.764964386333,145.609170616452,1574.74159957856,-166.48905353521,190.394097649752,1573.45442559707,0,0,0,0,0,0
17655.2169428,960,-0.0117501262575388,0.0479284398257732,0,-45.845056708078,-1.14872273700116,1849.75434019278,87.750724732413,-1.20506874755921,1830.86515201004,244.74811061639,145.5940539899,1574.82955323724,-166.50902916764,190.35565167888,1573.50622602316,0,0,0,0,0,0
17655.2276757,960,-0.0123142553493381,0.0483476728200913,0,-45.8916454790836,-1.21719442813812,1849.74276048205,87.7089181783937,-1.23556126957452,1830.86991997386,244.734980204307,145.555383138545,1574.9315234753,-166.629538003814,190.280609470598,1573.65775709957,0,0,0,0,0,0
17655.2384231,960,-0.0112235527485609,0.0466273225843906,0,-45.95552477632,-1.24285104412978,1849.73944131532,87.6921427728921,-1.27379376646328,1830.87948386281,244.692155220119,145.539377956411,1574.99598500578,-166.597637572349,190.248769312977,1573.66075216257,0,0,0,0,0,0
17655.2495181,960,-0.0121423667296767,0.0481874220073223,0,-45.9764255205333,-1.27283181863149,1849.72961660851,87.6801122171589,-1.28436648456564,1830.88375823771,244.665504049857,145.517450289593,1575.0251799328,-166.599221178404,190.249140935582,1573.68107618318,0,0,0,0,0,0
17655.2602243,960,-0.0112924315035343,0.0485332742333412,0,-46.1152500190189,-1.3570634168745,1849.70225123973,87.5096481910756,-1.38158819259147,1830.90865865448,244.566577067,145.478757010189,1575.22813335434,-166.775654009204,190.113998676608,1573.90954058577,0,0,0,0,0,0
17655.2868795,960,-0.0118423635140061,0.0483468309044838,0,-46.1249187026924,-1.38166380919473,1849.71071046946,87.4670194849936,-1.37932868828201,1830.90386620883,244.548204681868,145.483052096704,1575.25529101133,-166.805314022933,190.11552393776,1573.95594560677,-0.0636000037193298,-0.0544999986886978,0.996500015258789,-18.3999996185303,-25.3500003814697,409.670013427734
17655.2976732,960,-0.011717970483005,0.0484706968069077,0,-46.3030380772937,-1.51836353055618,1849.69410008444,87.2750170798912,-1.50475415687109,1830.94546579738,244.439864839151,145.449636110443,1575.53697641467,-166.904513555239,189.99648450321,1574.16388562412,0,0,0,0,0,0
17655.3084546,960,-0.0114541333168745,0.0481622837483883,0,-46.4237695592415,-1.60005539194493,1849.66233288624,87.1417503287968,-1.58003777283432,1830.97955750396,244.358990275254,145.405680435977,1575.6955933954,-166.917093737068,189.902619923664,1574.30119057702,0,0,0,0,0,0
17655.3192305,960,-0.0110285338014364,0.0486887790262699,0,-46.4973473962912,-1.63832238576685,1849.64745445717,87.1440611992786,-1.64636711676948,1831.01563526034,244.349318284022,145.384370251183,1575.76905259457,-166.962441525859,189.86182149942,1574.38917451171,0,0,0,0,0,0
17655.3301049,960,-0.0107454843819141,0.0489277377724648,0,-46.5506414006132,-1.67383137339645,1849.64567225924,87.0520284865069,-1.64287405065933,1830.9899008882,244.333477213739,145.362036963411,1575.82332906236,-166.966805229102,189.804989195295,1574.44180955836,0,0,0,0,0,0
17655.3408184,960,-0.0107869161292911,0.0490867592394352,0,-46.5239730669519,-1.71990018817652,1849.57763149853,87.0120139228265,-1.66365670087582,1830.98452316758,244.331018356208,145.349014187819,1575.86945348429,-166.98920257209,189.734914937002,1574.48528180863,0,0,0,0,0,0
17655.3514073,960,-0.010792275890708,0.0490042589604855,0,-46.459615806101,-1.75268245662679,1849.52459227061,86.9870412703983,-1.68994293353923,1830.98211240966,244.297962996572,145.324374341179,1575.89354480182,-166.971650003949,189.710469372152,1574.53856695215,0,0,0,0,0,0
17655.3621009,960,-0.0104130320250988,0.0485361203551292,0,-46.5421384548957,-1.81012434933373,1849.53970921527,87.014727619346,-1.77604747177917,1831.00814498795,244.278256850092,145.333971786603,1575.90728782747,-166.972342830929,189.638779184408,1574.58373300178,0,0,0,0,0,0
17655.372855,960,-0.0112213231623173,0.0505666643381119,0,-46.5802523658592,-1.87212325045977,1849.46038112763,87.0117552797601,-1.81916994817022,1830.98886206345,244.262693965966,145.395017054703,1575.90870012736,-166.979511669863,189.58777884251,1574.64563960822,0,0,0,0,0,0
17655.3835046,960,-0.0106001207605004,0.0493578113615513,0,-46.5122477765958,-1.9034578962328,1849.40409877393,87.0339778252532,-1.82679420648096,1830.94975075583,244.241504544879,145.452907013092,1575.8863720624,-167.014580662266,189.548937893014,1574.70976381739,0,0,0,0,0,0
17655.3942014,960,-0.0102857798337936,0.04921013712883,0,-46.5315249474911,-1.92788854600255,1849.33709481,87.0002276551366,-1.83176184371778,1830.85567322892,244.250474808809,145.514223364808,1575.87488050572,-167.038979845438,189.524243072211,1574.78274304653,0,0,0,0,0,0
17655.4048763,960,-0.0106364851817489,0.0489007331430912,0,-46.481449681949,-1.9557676316009,1849.30291133187,87.044501807891,-1.8483785376499,1830.823934261,244.25864444747,145.563705094827,1575.85909336685,-167.004082013143,189.497653868393,1574.78980278495,0,0,0,0,0,0
17655.4155221,960,-0.0104758823290467,0.0492325931787491,0,-46.4694200835843,-1.9741384463607,1849.28576452957,87.0597233708353,-1.84785248714275,1830.80229447546,244.259150188161,145.566387778978,1575.85069931233,-167.021101407958,189.506702306689,1574.81332227733,0,0,0,0,0,0
17655.4262448,960,-0.00993300601840019,0.0491410739719868,0,-46.3896146317044,-2.06975036743527,1849.1555398849,87.1520761617585,-1.83575027833937,1830.65080512254,244.245260907397,145.670035670347,1575.82003603099,-167.018379066252,189.539635765625,1574.8758461688,0,0,0,0,0,0
17655.4437013,960,-0.00999727100133896,0.04904575496912,0,-46.3880121000361,-2.06462797074265,1849.13818327864,87.1828669947673,-1.83470230885295,1830.62730283526,244.25170247007,145.68246718266,1575.81753822356,-167.032344428055,189.530266182875,1574.90133155276,0.126800000667572,-0.187900006771088,0.973999977111816,0,0,0
17655.4543921,960,-0.0104771126061678,0.0498020336031914,0,-46.3175351485612,-2.09487876910397,1849.02658062243,87.7404738004928,-1.99177410222848,1830.51008262461,244.226044678454,145.775424026634,1575.79829387689,-167.063765621703,189.547571370924,1574.97455498979,0,0,0,0,0,0
17655.4660297,960,-0.01017608307302,0.0499990716576576,0,-46.2740075660484,-2.11720629822586,1848.98050628166,87.7898279191024,-1.99778675666932,1830.50615942161,244.212288437965,145.792836814042,1575.79462956804,-167.063821724519,189.540254206305,1574.98238447615,0.143099993467331,-0.00480000022798777,0.989700019359589,0,0,0
17655.4767848,960,-0.0102425971999764,0.0492620937526226,0,-46.1046169643429,-2.09546528360776,1848.89714564509,88.0947727831714,-1.94836712775759,1830.31549843255,244.123177607105,145.897148420214,1575.80341476532,-167.126706288856,189.582528227982,1575.14598302343,0,0,0,0,0,0
17655.4874862,960,-0.0103569645434618,0.0489491358399391,0,-46.0204360346935,-2.08024241875072,1848.88341290974,88.1691477846129,-1.86524209655705,1830.24794777033,244.109374566551,145.909234827378,1575.82176406509,-167.183885365455,189.577492672533,1575.23661301297,0,0,0,0,0,0
17655.4982425,960,-0.0103484047576785,0.0487986974418163,0,-45.9756221441021,-2.05829773632638,1848.92768705402,88.0391340973189,-1.74231524266805,1830.21414779107,244.10006483072,145.932104205676,1575.84883548318,-167.193514741169,189.599627352784,1575.30527015931,0,0,0,0,0,0
17655.5089776,960,-0.0103483339771628,0.049145320802927,0,-45.8831306022621,-2.00097372683342,1848.95423799457,88.0812373313635,-1.61593962179773,1830.14329009082,244.051156314314,145.93697858829,1575.87927014212,-167.214719768387,189.628492386441,1575.36476657451,0.148900002241135,-0.02280000038445,0.988600015640259,63.3499984741211,10.2700004577637,397.989990234375
17655.5195795,960,-0.0101828090846539,0.0488119371235371,0,-45.8351839232943,-1.95801699898928,1848.99900355435,88.4515504231504,-1.65687777253981,1830.15916227733,244.032464616019,145.925879947359,1575.90960466178,-167.163974367521,189.631636749118,1575.40921843901,0.130799993872643,0.0122999995946884,0.991299986839294,65.379997253418,9.46000003814697,396.790008544922
17655.5301633,960,-0.0102754114195704,0.0477370455861092,0,-45.7536209436639,-1.94277881423537,1849.0346651514,88.2437873816036,-1.48040427626862,1830.11540190014,244.010992830333,145.92693563693,1575.92729954879,-167.228078646381,189.632671701918,1575.46951731296,0,0,0,0,0,0
17655.5521815,960,-0.00992477405816317,0.0480377212166786,0,-45.7419834860243,-1.92805018007004,1849.05453634402,88.4958046621163,-1.55812073975749,1830.12592595694,244.008310963089,145.913336459431,1575.94461291637,-167.228710644075,189.639907896759,1575.4801864231,0.142599999904633,0.0116999996826053,0.989700019359589,69.1900024414062,21.1599998474121,394.459991455078
17655.5628994,960,-0.00954180769622326,0.0489156864583492,0,-45.6378682478489,-1.83512710645945,1849.11149679696,88.5717074710019,-1.40322564640097,1830.09893707062,243.983857694328,145.870707628052,1576.01596578952,-167.354672269089,189.636200028343,1575.64904787793,0,0,0,0,0,0
17655.5735299,960,-0.0103971259668469,0.0482033513486385,0,-45.5144831224838,-1.73301218359663,1849.1783032365,88.6826918079603,-1.26199070172137,1830.10452835559,243.919599406012,145.795740025351,1576.10620447121,-167.385956275138,189.682506094714,1575.86376161307,0,0,0,0,0,0
17655.5840405,960,-0.00969611760228872,0.0473185539245606,0,-45.4006055464316,-1.65453630278975,1849.25086741127,88.773161106205,-1.12757279308476,1830.0705185871,243.865472974648,145.753740400252,1576.20910891967,-167.471902397142,189.703394946218,1576.0789225759,0,0,0,0,0,0
17655.5984672,960,-0.00965734291821718,0.0480361454188824,0,-45.4033990308785,-1.64421616849234,1849.23479914295,88.7920657574564,-1.10255475727781,1830.06864927039,243.856301684497,145.733178184866,1576.22383212767,-167.473881926018,189.70695393449,1576.11393744404,0.143800005316734,-0.0769999995827675,0.986599981784821,0,0,0
17655.6091317,960,-0.00933497305959463,0.0469862245023251,0,-45.2983211427634,-1.57301128787244,1849.21381924974,88.8558106515078,-0.975172772807193,1830.04548712416,243.833452567823,145.714981343177,1576.32133599413,-167.487993069761,189.750640074664,1576.27689862366,0.254099994897842,0.0763000026345253,0.964200019836426,76.5800018310547,2.9300000667572,388.459991455078
17655.6198011,960,-0.00959040410816669,0.0485472179949284,0,-45.277243609621,-1.53111409430744,1849.21698494029,88.8961374344724,-0.93183829237848,1830.02444005608,243.804193918935,145.707909568804,1576.3653272133,-167.50710893931,189.747426951878,1576.33595209579,0.158600002527237,-0.237100005149841,0.958400011062622,76.7600021362305,1.88999998569489,388.630004882812
17655.6304739,960,-0.00920986477285624,0.0490543976426125,0,-45.2764664462353,-1.50799256738673,1849.19920468074,88.887251266705,-0.912569733379788,1830.00840951481,243.802508935506,145.709453388913,1576.39952360567,-167.511930684619,189.753942836241,1576.38141626841,0,0,0,0,0,0
17655.6429208,960,-0.00950488075613976,0.0483552575111389,0,-45.2751657452563,-1.50186321484572,1849.19085836155,88.9009849679656,-0.911637281352143,1829.99615567953,243.79444423403,145.712908145913,1576.4168939384,-167.521554076956,189.767106181645,1576.41050142326,0.163399994373322,-0.110399998724461,0.980400025844574,0,0,0
17655.653566,960,-0.0102728605270386,0.04810726121068,0,-45.261386189426,-1.43264640945517,1849.15429275856,88.8851976958556,-0.858671342713112,1829.93002959861,243.779649053671,145.717534255678,1576.49365541246,-167.499015756823,189.884507436289,1576.47731711074,0,0,0,0,0,0
17655.6647411,960,-0.0104354685172439,0.0476921670138836,0,-45.2833487424237,-1.38571287551393,1849.08683319861,88.8623869952666,-0.806511799840427,1829.86459915803,243.768112135757,145.771632536007,1576.57691697731,-167.524469868636,189.973434661451,1576.60650892354,0,0,0,0,0,0
17655.6984315,960,-0.0104665411636233,0.0474088400602341,0,-45.2891313954569,-1.36418365992132,1849.06493068505,88.8511677011876,-0.790878531874644,1829.84102237768,243.777980670491,145.775069355084,1576.59277307767,-167.50200825923,190.005405087772,1576.62038003595,0.152999997138977,-0.0832000002264977,0.98470002412796,0,0,0
17655.7091764,960,-0.0099742915481329,0.0480433091521263,0,-45.3237736470358,-1.21092817675137,1848.83320328591,88.7392519316203,-0.716219191237535,1829.65406980453,243.718935999947,145.879789966765,1576.73062589983,-167.574337932655,190.260209482803,1576.79286919305,0,0,0,0,0,0
17655.7198451,960,-0.0101163247600198,0.0484069645404816,0,-45.3048726622624,-1.14383323321979,1848.80130235425,88.7398449582234,-0.672090942341357,1829.61290167737,243.734082830861,145.916577501825,1576.83468189445,-167.576146295785,190.352557892566,1576.87784828667,0.0689999982714653,0.123400002717972,0.990000009536743,54.0200004577637,31.2800006866455,384.079986572266
17655.7304861,960,-0.00973791908472776,0.0477779231965542,0,-45.3274331822123,-1.10179141982425,1848.79065243054,88.7001126451476,-0.622470052979966,1829.57267978631,243.724333577349,145.920766153111,1576.88342783454,-167.552156803806,190.405052855572,1576.94080987045,0,0,0,0,0,0
17655.7411043,960,-0.00996331311762333,0.0483831524848938,0,-45.3699690485799,-1.0267858936384,1848.75952573975,88.694009661318,-0.573979469323404,1829.57092938925,243.721409165662,145.939393622492,1576.95901753996,-167.561373760219,190.451417675503,1577.02294301601,0,0,0,0,0,0
17655.7516657,960,-0.00975128170102835,0.047426799684763,0,-45.3774332688412,-0.962110518036478,1848.78293765528,88.6741733313241,-0.512086642031359,1829.5690723716,243.687683298247,145.943690703289,1577.02957096569,-167.553366141158,190.510039765881,1577.08534577961,0,0,0,0,0,0
17655.7623104,960,-0.00991748832166195,0.0474294073879719,0,-45.3600493556384,-0.781402481203319,1848.8014195266,88.6717054169191,-0.413472468414665,1829.59755422632,243.645657221812,145.973011165101,1577.16508716533,-167.50121534387,190.594903626837,1577.19773135944,0,0,0,0,0,0
17655.7729787,960,-0.0106378998607397,0.0465606138110161,0,-45.3883032467434,-0.705052927672746,1848.81592843958,88.6555991216012,-0.33640230041643,1829.62860264036,243.617207448838,145.994344150083,1577.23741521535,-167.491662891462,190.636355313488,1577.2728373003,0,0,0,0,0,0
17655.7835891,960,-0.00962799414992332,0.0474548064172268,0,-45.4549050097762,-0.56610380523408,1848.85379057518,88.6190468898815,-0.206612677717028,1829.68637470024,243.64600459771,146.022555010989,1577.34586641856,-167.488922348582,190.653264994229,1577.3914458421,0,0,0,0,0,0
17655.7942126,960,-0.00923843588680029,0.0469892233610153,0,-45.5035754699337,-0.467799088994001,1848.86313686003,88.5751068654037,-0.09900329902769,1829.71040152465,243.621117950668,146.057456910002,1577.41071235697,-167.421079255195,190.677542654896,1577.50566621626,0,0,0,0,0,0
17655.8047621,960,-0.00970115792006254,0.0481493346393108,0,-45.5735500023754,-0.391665593781072,1848.88723767486,88.5482885938321,0.0130384414848701,1829.73171593515,243.667094835243,146.133930182512,1577.48773556795,-167.436504694051,190.700077530697,1577.61862321485,0,0,0,0,0,0
17655.8173457,960,-0.00939259026199579,0.0480537697672844,0,-45.5644380871495,-0.359361695300302,1848.89270261349,88.5576874150837,0.0345971526227436,1829.74079575766,243.657583273631,146.140158282152,1577.51616821651,-167.445512364374,190.687305653441,1577.69259681685,0.110500000417233,0.0342999994754791,0.993300020694733,58.5400009155273,18.3999996185303,386.049987792969
17655.8279084,960,-0.00802830420434475,0.0473731108009815,0,-45.593662824079,-0.201193537077059,1848.89954506423,88.5373235750306,0.199519219770108,1829.77281820327,243.670619841524,146.221908121033,1577.60892402428,-167.428529064429,190.756337723205,1577.87813149705,0,0,0,0,0,0
17655.8384624,960,-0.00942728389054537,0.0472435414791107,0,-45.6233743089922,-0.112570584564108,1848.90315411945,88.4817704950699,0.373815746773132,1829.75572591749,243.644749457111,146.286196835844,1577.64768544074,-167.423034083766,190.80256846366,1577.98578796404,0,0,0,0,0,0
17655.8489814,960,-0.0095595121383667,0.0470846019685268,0,-45.6692182540319,-0.0115218257639629,1848.91501307485,88.4711284137236,0.474630033725237,1829.75119355048,243.667865293985,146.349058379141,1577.6906487058,-167.438763606285,190.807049308136,1578.07538109755,0,0,0,0,0,0
17655.8595213,960,-0.00935093872249126,0.0468085430562496,0,-45.6497932425098,0.0909906848579157,1848.89987345949,88.463627267155,0.614073379698304,1829.74139360238,243.640119361953,146.44142609826,1577.72098438644,-167.461033316492,190.843850742259,1578.17106181946,0,0,0,0,0,0
17655.8700677,960,-0.00943125132471323,0.0472238197922707,0,-45.600493027015,0.192449240105228,1848.86391615117,88.4822949122992,0.715690183600995,1829.7210910297,243.654168087399,146.523272943518,1577.75087056864,-167.468109425385,190.883213348233,1578.23028541921,0,0,0,0,0,0
17655.8806287,960,-0.00980669166892767,0.0474158138036728,0,-45.5665581050317,0.289437291160249,1848.8646618943,88.5031653272414,0.84560311597763,1829.71326490567,243.660934325288,146.613284972682,1577.78266771772,-167.466321762596,190.950645123955,1578.31130208748,0,0,0,0,0,0
17655.891198,960,-0.00936238653957844,0.0469246044754982,0,-45.5071699997682,0.478193588384288,1848.82911368095,88.5335428059409,1.00553096147809,1829.69452819008,243.662949791762,146.778587467708,1577.83633008151,-167.486183069813,191.076300154572,1578.39696697402,0,0,0,0,0,0
17655.9017529,960,-0.0108743598684669,0.047044163942337,0,-45.4131991589841,0.583224663665915,1848.78897088906,88.5189686001627,1.1330909546517,1829.6209727642,243.656061121684,146.896535022847,1577.87169450887,-167.483795901815,191.165438922183,1578.45503024829,0,0,0,0,0,0
17655.9122927,960,-0.010012005455792,0.046606170386076,0,-45.3818051489417,0.688793962622537,1848.74785670096,88.3267995348038,1.32359480081846,1829.53592712045,243.640787250442,147.043567209799,1577.90097481369,-167.494189547046,191.260707679442,1578.49830686086,0,0,0,0,0,0
17655.922864,960,-0.00898799579590559,0.0478651434183121,0,-45.2919994004973,0.800836587406871,1848.68443280157,88.5776194616073,1.330030718954,1829.51757553367,243.609379213669,147.191322077995,1577.92551286411,-167.482858790987,191.358651787154,1578.54207508258,0,0,0,0,0,0
17655.9334298,960,-0.00983624067157507,0.0466782063245773,0,-45.311966802115,0.840312267547035,1848.6694712136,88.6028818425811,1.35412377155667,1829.50025404316,243.60019295564,147.262283581865,1577.92935533617,-167.395950405646,191.397428622617,1578.47639981819,0,0,0,0,0,0
17655.9531494,960,-0.00963196903467178,0.0466140158474445,0,-45.2534205492682,0.85845501200883,1848.64996722666,88.5928544725173,1.38640658585989,1829.45626131354,243.589562351554,147.331484805167,1577.94563060606,-167.423081260494,191.428640135917,1578.50832106539,0.10419999808073,0.0239000003784895,0.994300007820129,54.0699996948242,27.2199993133545,385.040008544922
17655.9638006,960,-0.0100568421185017,0.0470773600041866,0,-45.2012387777137,1.04427933533726,1848.57012460981,88.6862764586343,1.61912036999388,1829.37017404308,243.523932898628,147.676339131062,1577.97058796958,-167.51518617007,191.606343235914,1578.54612932514,0,0,0,0,0,0
17655.9923465,960,-0.00999248586595058,0.0468423575162888,0,-45.1319153351085,1.06890040202473,1848.54038206829,88.7230370726752,1.66065341837199,1829.36845193348,243.479531778454,147.736862185958,1577.97343043158,-167.54096615668,191.641276128631,1578.54412549917,0.0728999972343445,-0.0821999981999397,0.994000017642975,86.8399963378906,64.2099990844727,371.850006103516
17656.0030742,960,-0.00984915811568499,0.0476726241409779,0,-45.159054020868,1.25885541413624,1848.50057131795,88.7967117411408,1.93830808750656,1829.28998489862,243.461340952623,148.072688248739,1578.02006791256,-167.525832990261,191.804913708523,1578.59738700573,0,0,0,0,0,0
17656.0139689,960,-0.00976050458848476,0.0472337029874325,0,-45.1450692408587,1.29156646554251,1848.48175015541,88.8389776252535,1.984477911803,1829.28872750679,243.456226669148,148.136038685984,1578.04822990741,-167.559962911607,191.840016183438,1578.61589870554,0.132200002670288,0.0172000005841255,0.991100013256073,0,0,0
17656.0246491,960,-0.00926722679287195,0.0475173987448216,0,-45.1311368933798,1.5844865969692,1848.39860092553,88.6952705673765,2.60331178190146,1829.15533400256,243.406977938329,148.615696241612,1578.18893562972,-167.635800482391,192.132431715905,1578.8080752912,0,0,0,0,0,0
17656.0353337,960,-0.0105326203629375,0.0468913301825523,0,-45.1629663617147,1.83987881666406,1848.32704661579,88.6432754475301,2.99733104699497,1829.12254192775,243.369813435379,148.915649846575,1578.36301629351,-167.784924200197,192.389711729573,1578.90976434994,0,0,0,0,0,0
17656.0530897,960,-0.0103659462183714,0.0466751739382744,0,-45.1214078539025,1.89073121575313,1848.3183606953,88.5550745253655,3.07403913623763,1829.10000551272,243.354761322495,148.960235375712,1578.39360933205,-167.776550993059,192.439204456088,1578.93922148625,0.119000002741814,0.0948999971151352,0.988399982452393,0,0,0
17656.063729,960,-0.00906298775225878,0.045075836032629,0,-45.1281844327119,2.25495893191582,1848.2834940288,88.4256956075718,3.54792064269006,1829.04216510099,243.242786072903,149.328950037139,1578.63319528301,-167.904983647352,192.795325771359,1579.0480697724,0,0,0,0,0,0
17656.086045,960,-0.0106712011620402,0.0466764032840729,0,-45.139579283113,2.30846157190776,1848.29024032942,88.4285919361449,3.60180026797277,1829.03623725761,243.245995921663,149.371944876246,1578.68035312489,-167.888859680942,192.833160336266,1579.06972353174,0.166199997067451,0.0140000004321337,0.986000001430511,0,0,0
17656.0968127,960,-0.0101103400811553,0.0446985349059105,0,-45.2714069137939,2.95804968747243,1848.22928399281,88.2034223713577,4.30255180370695,1828.97100159812,243.035574060856,149.96724672303,1579.02566422196,-168.008638434409,193.225074997401,1579.16466439762,0,0,0,0,0,0
17656.1074339,960,-0.0104889832437038,0.044576945155859,0,-45.4864165430096,3.31925449708088,1848.19949480259,88.0188924158078,4.77981757443974,1828.90949636629,242.92980182962,150.304272679736,1579.22446511944,-166.702228356576,193.396182140381,1578.64806592437,0,0,0,0,0,0
17656.1180589,960,-0.0109515693038702,0.0421984069049358,0,-45.5911925629327,3.53470761761305,1848.17110719804,87.9408955734662,5.04202416855021,1828.92714227834,242.875623918267,150.516270275231,1579.33420422265,-166.216170736311,193.665337649339,1578.39037905914,0.12610000371933,0.0878000035881996,0.988099992275238,67.1999969482422,32.9199981689453,376.570007324219
17656.1296731,960,-0.0108584687113762,0.0435330331325531,0,-45.6677154471868,3.64510357381134,1848.16294898238,87.8672205091893,5.16594084994025,1828.92681584191,242.859366295404,150.611544038344,1579.39218618135,-165.955564645586,193.790162030841,1578.25796361737,0,0,0,0,0,0
17656.1403413,960,-0.0114815225824714,0.0427934102714062,0,-45.8392344145294,3.79419533035846,1848.17116388755,87.8382396711252,5.28422695375367,1828.96299036205,242.85271505387,150.771544017446,1579.47718981636,-165.986415760457,193.893767351676,1578.26651457575,0,0,0,0,0,0
17656.1509405,960,-0.0109032215550542,0.0443182684481144,0,-45.8995487210462,3.97002226284039,1848.18010331263,87.7824092457205,5.45404223850414,1828.94749602832,242.848819430181,150.936697603098,1579.5433480544,-165.763922958949,194.076582347331,1578.13123274773,0,0,0,0,0,0
17656.1615004,960,-0.0108599839732051,0.0436697885394096,0,-46.0015306771979,4.25240468334096,1848.11296333656,87.6821932716621,5.69529499168481,1829.00197917673,242.846712761005,151.179476919245,1579.66195774676,-165.848783332402,194.292069988904,1578.19952943125,0,0,0,0,0,0
17656.1721187,960,-0.0110639734193683,0.0431510269641876,0,-46.0487028890446,4.46121733682753,1848.09604792884,87.5966302220976,5.81601133941327,1829.00479977536,242.792100965791,151.307979112053,1579.73453054303,-165.831406156822,194.468407385587,1578.20464697743,0,0,0,0,0,0
17656.1827301,960,-0.0118940714746714,0.0428980648517609,0,-46.1361373799055,4.62470481455813,1848.03679408528,87.4853912042752,6.01106431198166,1828.99591689781,242.732976150977,151.448218572151,1579.81642675815,-165.820980148571,194.606846490765,1578.19655310472,0,0,0,0,0,0
17656.1934397,960,-0.0111898696050048,0.0432385787367821,0,-46.1907009471867,4.80868404280501,1847.994277035,87.4121946714331,6.19077186410774,1829.00446511908,242.675949483557,151.591319398457,1579.88400455606,-165.827908754128,194.740900428294,1578.2069319702,0,0,0,0,0,0
17656.2045769,960,-0.0104095349088311,0.043963099271059,0,-46.3478525796504,5.05897449923554,1847.91252829928,87.2142763687977,6.51884962895873,1828.94436966181,242.629965687913,151.789570291699,1579.98728827359,-165.90421039558,194.842446687981,1578.26909675227,0,0,0,0,0,0
17656.2174545,960,-0.0113745713606477,0.0431549943983555,0,-46.3841057557186,5.12010314613653,1847.90648248207,87.1840129863689,6.57807016901566,1828.9383641211,242.604995550898,151.835090502581,1580.01520091229,-165.943844148268,194.893096182169,1578.2941687515,0.128299996256828,0.152899995446205,0.979900002479553,62.5,37.6500015258789,381.160003662109
17656.2280887,960,-0.0110819917172194,0.0426382631063461,0,-46.5232756572906,5.35727180362745,1847.85355497282,87.2863729134342,6.72720777139082,1828.97489927864,242.5074563516,152.058853308453,1580.188529965,-165.987158537141,195.122328549592,1578.36909067092,0,0,0,0,0,0
17656.238761,960,-0.0115374382585287,0.0425394535064697,0,-46.652412208844,5.54481443170469,1847.85095933061,87.158617824595,6.94984072607971,1829.00070477102,242.450252331249,152.225512914897,1580.34791176165,-166.071623417543,195.2935682809,1578.46804207392,0.153899997472763,0.034400001168251,0.987500011920929,67.0800018310547,14.539999961853,385.290008544922
17656.2494066,960,-0.0108353672549129,0.0422527141869068,0,-46.6687523333007,5.63740876280844,1847.85294866181,87.0817912849416,7.06555301467537,1829.02365424888,242.434523569992,152.289287182905,1580.43032547552,-166.077232655321,195.356165087181,1578.4950146047,0,0,0,0,0,0
17656.2600597,960,-0.0118256956338882,0.043778682500124,0,-46.697314633628,5.81367575282942,1847.83994216686,86.9786160549667,7.22261263620178,1829.05453831011,242.388675377434,152.393331547864,1580.56295008773,-166.031426577,195.505146861484,1578.51978854652,0,0,0,0,0,0
17656.2706209,960,-0.0111010549589992,0.0423532038927078,0,-46.7941808171973,5.97066401175252,1847.86037555695,86.9923044975996,7.31396187420312,1829.09267379491,242.361942939767,152.485361644419,1580.70301686899,-166.173294891634,195.54836700947,1578.65258384088,0,0,0,0,0,0
17656.2811911,960,-0.0111905708909035,0.041538579761982,0,-46.9628418293913,6.2771257911497,1847.93339696156,86.8312812792733,7.53966885933179,1829.1737386607,242.214198847025,152.620605888799,1580.90599089586,-166.151715821147,195.722389471844,1578.70393754965,0,0,0,0,0,0
17656.291894,960,-0.0111330673098564,0.0412561319768429,0,-47.0512387002441,6.40678874476649,1847.95476636046,86.7391612513638,7.69569580256998,1829.25862519592,242.179967289093,152.664581355885,1581.03990926982,-166.186456807549,195.759857788873,1578.77993285614,0,0,0,0,0,0
17656.3025927,960,-0.0107216378673911,0.0398066401481628,0,-47.1970309290698,6.57646685377672,1847.99489119774,86.6258052721041,7.84138568117094,1829.33536995672,242.110798321272,152.704561584069,1581.17604088812,-166.236373232812,195.787724422723,1578.86271077216,0,0,0,0,0,0
17656.3132519,960,-0.0122387958690524,0.0412738606333733,0,-47.263998634713,6.79476971245136,1847.99117600282,86.4343306407223,8.06079350345386,1829.37906539385,242.039988524757,152.765490364705,1581.36531735399,-166.31106662305,195.82191393922,1579.0261014809,0,0,0,0,0,0
17656.3238246,960,-0.0111770769581199,0.0404868632555008,0,-47.2730776476086,6.92739030996454,1848.0093173918,86.3268615980905,8.23680115069008,1829.34451904966,241.975289916962,152.811668742083,1581.52189089721,-166.428317101913,195.831001769173,1579.17400131722,0,0,0,0,0,0
17656.3344724,960,-0.0111457398161292,0.0403932467103005,0,-47.2933045420376,6.98780716871146,1847.99382908387,86.3273926229558,8.27563232043981,1829.34840169707,241.943687632047,152.822088669046,1581.64275882557,-166.445889831489,195.877805158711,1579.25443708634,0,0,0,0,0,0
17656.3450506,960,-0.0117063159123063,0.0395686388015747,0,-47.2979117211101,7.03145712681662,1847.97271405898,86.3364740882027,8.3241034949564,1829.34956341579,241.915680100692,152.833342172738,1581.70570437979,-166.455163988234,195.883602321922,1579.29574352795,0,0,0,0,0,0
17656.3555933,960,-0.0110142575576901,0.0411382600665093,0,-47.3355714581394,7.09870627452951,1847.97124037624,86.3167983251039,8.44024586636091,1829.3095380711,241.778315533499,152.895232392267,1581.87815179532,-166.526830749114,195.906086105769,1579.44413236071,0,0,0,0,0,0
17656.3685464,960,-0.0116346711292863,0.0423297420144081,0,-47.1255368266903,7.26065789613178,1847.89511787747,86.3955119344345,8.65692457973643,1829.13782144332,241.510341473169,153.001419757398,1582.19961533144,-166.795228177661,195.987201809614,1579.8555934146,0,0,0,0,0,0
17656.3791994,960,-0.0109024243429303,0.0401001669466496,0,-46.9977651407844,7.31577227324718,1847.87388841036,86.552861082305,8.72349376830716,1829.04771825144,241.408264157892,153.048278638121,1582.35749130874,-166.9413336687,195.978348942142,1580.08801125407,0,0,0,0,0,0
17656.3899156,960,-0.00987723562866449,0.0400273486971855,0,-46.7823384136618,7.37173758463686,1847.85692552565,87.2947680847285,8.6517514406955,1828.8921308022,241.22885248289,153.164545998155,1582.56137432509,-167.089132685825,196.026505889358,1580.37630413633,0,0,0,0,0,0
17656.4004705,960,-0.0102721313014627,0.0389457255601883,0,-46.5893192252576,7.38678621544194,1847.88555858131,87.4804949446706,8.71049142569066,1828.80179124427,241.129362581143,153.247932926234,1582.65781105589,-167.184128486799,196.029659669931,1580.55934150182,0,0,0,0,0,0
17656.4110302,960,-0.00894982367753983,0.0400734975934029,0,-46.4346023569131,7.3733866897687,1847.89199859628,87.6282500954915,8.75722122173081,1828.68445357298,241.053259124674,153.334970366522,1582.75283703111,-167.234593275631,196.049687417974,1580.7301207377,0,0,0,0,0,0
17656.4215593,960,-0.00882231444120407,0.0396632201969624,0,-46.2269528702736,7.34558749217919,1847.90583144983,87.7786177646958,8.80286329966422,1828.55089985463,240.957370793015,153.432072515068,1582.86465549549,-167.280913061068,196.097781913265,1580.86856759474,0,0,0,0,0,0
17656.4321893,960,-0.0088654225692153,0.0395163245499134,0,-46.0709072285768,7.29519984206905,1847.9268160443,87.9112222091533,8.81058090666406,1828.46383020464,240.894100495724,153.498340848275,1582.94123373926,-167.424565933408,196.076899555558,1581.0289942742,0.156800001859665,0.164199993014336,0.973900020122528,72.7900009155273,47.2000007629395,376.540008544922
17656.4431496,960,-0.0084729865193367,0.0389560408890247,0,-45.783460587596,7.19472525556861,1847.88190571352,88.162799315979,8.86675623989293,1828.2428966592,240.749045280013,153.68155251987,1583.07205048662,-167.589114706721,196.089433353464,1581.28342320269,0,0,0,0,0,0
17656.4537582,960,-0.00855033565312624,0.0385344870388508,0,-45.5931528980744,7.13304603593583,1847.87941721739,88.2904416778311,8.89407879451771,1828.14771678185,240.668199163672,153.790039299098,1583.15506602112,-167.772709528726,196.051053444404,1581.50031393922,0.196400001645088,0.126300007104874,0.972400009632111,81.0699996948242,33.0099983215332,379.019989013672
17656.4644074,960,-0.00808720383793116,0.0392183050513268,0,-45.2769409025211,7.00553034494586,1847.85986500236,88.725586655991,8.87828430701228,1827.93651649886,240.500770051148,154.055377892678,1583.30001053819,-168.009530954188,195.973117704009,1581.88437659441,0,0,0,0,0,0
17656.4902187,960,-0.00762448040768504,0.0396130554378033,0,-45.2444915665566,6.96271099793264,1847.83418059592,88.8138806913025,8.90821266318333,1827.89990099445,240.488844178396,154.117876925304,1583.33157296652,-168.029721385797,195.956542716411,1581.95798985351,0.156299993395805,0.155300006270409,0.975399971008301,70.3099975585938,46.25,381.350006103516
17656.5008452,960,-0.00775963068008423,0.0383776858448982,0,-44.7870057998298,6.74021004355061,1847.64277561729,89.0198605315872,8.96423791964259,1827.58961810573,240.382719501482,154.466167234633,1583.46451204281,-168.146432682938,195.935420511886,1582.25020336143,0,0,0,0,0,0
17656.5114585,960,-0.00824991520494223,0.039155038446188,0,-44.5052823964651,6.51514154821042,1847.39686945968,89.2807466292043,8.9354907552908,1827.35368726095,240.284765691091,155.000432169712,1583.65863729944,-168.279652316043,195.910690308104,1582.56529347688,0,0,0,0,0,0
17656.5220378,960,-0.00790876243263483,0.038904132694006,0,-44.3111606779321,6.43076415128117,1847.24065876232,89.3960109564876,8.91926902504938,1827.21863654732,240.234820681521,155.227428998513,1583.78526247585,-168.354315593701,195.843214997813,1582.73213999277,0,0,0,0,0,0
17656.5382042,960,-0.00809289328753948,0.0397553466260433,0,-44.2936697555463,6.38279411998585,1847.21619086337,89.3995055448067,8.92377809889464,1827.17531201796,240.222673716966,155.29518245213,1583.82263834872,-168.358190359901,195.86666357616,1582.75006574559,0.11429999768734,0.17739999294281,0.977500021457672,63.8400001525879,63.7700004577637,383.429992675781
17656.5487003,960,-0.00758079392835498,0.0378195554018021,0,-44.2438446553751,6.34155287044838,1847.14430924541,89.47525733485,8.89800055107392,1827.11119353496,240.166580332147,155.430300420055,1583.91160983001,-168.31590628247,195.841690873692,1582.79547979467,0,0,0,0,0,0
17656.5592396,960,-0.00774197187274694,0.0378064386546612,0,-44.152969082441,6.28851605382126,1847.04259741131,89.5483870705205,8.93084113255886,1826.9963497514,240.144693851627,155.642780484035,1584.06044752847,-168.382203338707,195.796930151657,1582.9230935013,0,0,0,0,0,0
17656.5697992,960,-0.00757895456627011,0.0378571324050427,0,-44.0748801739414,6.22069801759871,1846.951342196,89.6156008330198,8.96542448215357,1826.90316147711,240.146746843614,155.819087809594,1584.23751517066,-168.359694372158,195.779234048513,1583.00463309244,0,0,0,0,0,0
17656.5803659,960,-0.00758714135736227,0.0374215751886368,0,-43.9636254036719,6.14395107487276,1846.8220394138,89.7178598983665,8.99660872805978,1826.76727710745,240.198301471934,156.059355587131,1584.58415514078,-168.37815280465,195.721358294834,1583.16112040262,0,0,0,0,0,0
17656.5910984,960,-0.00755032664164901,0.0382883533835411,0,-43.9300825851964,6.12035761360741,1846.77752215572,89.774225878814,8.99093976428782,1826.74380959985,240.218326728677,156.145556663772,1584.76107575249,-168.384393519602,195.697781578708,1583.23511489959,0,0,0,0,0,0
17656.6020558,960,-0.00722996983677149,0.0377678707242012,0,-43.8573358339439,6.10987529079937,1846.71597853427,89.7881069084277,9.01992107393903,1826.67301307032,240.241902894832,156.249191165434,1584.96342602781,-168.426933762977,195.630973990547,1583.35422837522,0,0,0,0,0,0
17656.6126229,960,-0.00775375170633197,0.0367567822337151,0,-43.8346059119933,6.07050786251947,1846.66504778653,89.9058094625069,9.06202646942626,1826.62162411545,240.224814005048,156.389535211656,1585.36530192637,-168.413161969407,195.598548326323,1583.54418756259,0,0,0,0,0,0
17656.6231761,960,-0.00775688700377941,0.0365758374333382,0,-43.7704364692164,6.07581104451998,1846.62216719714,89.9739976983061,9.11047754877114,1826.5681086623,240.291608523455,156.465906330422,1585.56271520561,-168.395668938603,195.59136206153,1583.64755968123,0,0,0,0,0,0
17656.6338758,960,-0.00786978751420975,0.0360873773694038,0,-43.6592741262544,6.09375045246774,1846.54230063252,90.1071449226276,9.21974127230754,1826.4935853754,240.316852570883,156.606683038765,1585.93962638309,-168.304005198316,195.605035670404,1583.84470415668,0,0,0,0,0,0
17656.6445021,960,-0.00849852617830038,0.0368978440761566,0,-43.5960227071144,6.11561059233143,1846.49488355428,90.1699618453093,9.28053746350648,1826.47289284145,240.324846410369,156.648984836647,1586.13006483281,-168.224819303881,195.642649692016,1583.94875766487,0,0,0,0,0,0
17656.6551074,960,-0.00813415087759495,0.0358383268117905,0,-43.6030933956927,6.15157185881685,1846.44760983487,90.2498214716425,9.32852711220853,1826.44487689981,240.358683124912,156.706137872923,1586.30674212366,-168.145586687231,195.664826388289,1584.05358585955,0,0,0,0,0,0
17656.6657208,960,-0.00824235659092665,0.0357476159930229,0,-43.5480171095611,6.20357239838547,1846.38665545254,90.3347756562138,9.42314484853358,1826.41942366644,240.411493192264,156.770420288459,1586.47589697526,-168.06629584045,195.708071253899,1584.16957761621,0,0,0,0,0,0
17656.6763285,960,-0.00846075173467398,0.0351537898182869,0,-43.4715080062128,6.25607729919773,1846.33725462868,90.4213552196156,9.51653954738106,1826.39515853835,240.485989108293,156.811350044055,1586.63969788721,-168.028563684236,195.706828133157,1584.32687776508,0,0,0,0,0,0
17656.6869394,960,-0.00862693227827549,0.0342884868383408,0,-43.3329968334398,6.34995849344672,1846.27748044896,90.4517218204019,9.63709106011905,1826.35416485688,240.539628070625,156.848216431253,1586.80132354845,-168.02225352417,195.731468372051,1584.4910175839,0,0,0,0,0,0
17656.6974915,960,-0.00897294096648693,0.0349639713764191,0,-43.2594016005213,6.47479913297063,1846.2470915799,90.4957495396258,9.74977929087951,1826.33560380158,240.602693301819,156.886861938539,1586.96247811662,-167.934607830717,195.824959090557,1584.60793300124,0,0,0,0,0,0
17656.7093219,960,-0.00912623945623636,0.0345304816961289,0,-43.1672017853865,6.62748443726823,1846.23142631431,90.5388296388183,9.85413657629795,1826.32952611286,240.681489735397,156.904769102423,1587.10988145712,-167.866941834842,195.89575644612,1584.75277166713,0,0,0,0,0,0
17656.7199501,960,-0.00836386624723673,0.033381661772728,0,-43.1676633961183,6.90916825491643,1846.28053362172,90.6057305023867,10.0879496910895,1826.35441060521,240.876859577809,156.935535113243,1587.36725585117,-167.717893777826,196.077150024698,1585.01622925731,0,0,0,0,0,0
17656.7307049,960,-0.0086446525529027,0.0341268092393875,0,-43.1891928727057,6.96555501730575,1846.33584344993,90.6324282336446,10.1277951266962,1826.37163386194,240.931692196333,156.94804968541,1587.41626272818,-167.736878137548,196.072017106304,1585.10530216614,0,0,0,0,0,0
17656.7547587,960,-0.00868753995746374,0.0339408203959465,0,-43.1212876778118,7.0328241206249,1846.33108565546,90.6698724068671,10.1405234809471,1826.39828347295,240.950054956128,156.928188321786,1587.47574256379,-167.605132199127,196.159335435599,1585.09504138241,0.210400000214577,-0.0375999994575977,0.976899981498718,0,0,0
17656.7653601,960,-0.00954516511410475,0.0330056086182594,0,-42.8069638166848,7.87049637068452,1846.36250969068,90.9702379509395,10.8028882658751,1826.50951118944,241.359384884861,157.010241005169,1588.07016737135,-167.136400744173,196.710377735742,1585.57356526287,0,0,0,0,0,0
17656.7777585,960,-0.00973089970648289,0.0336797595024109,0,-42.7865332828707,7.91270930468193,1846.37509834028,91.0138369285824,10.8540194543186,1826.51649463412,241.429191127514,157.02490962033,1588.13612177439,-167.100015395012,196.767616300325,1585.60948773884,0.192499995231628,-0.0337000004947186,0.980700016021729,0,0,0
17656.7883775,960,-0.00973457656800747,0.0321988224983215,0,-42.6536293036346,8.2391077539616,1846.41473127757,91.1563683829146,11.1067210967255,1826.5409439338,241.515295842528,157.031045690908,1588.33839433761,-166.903848691406,196.955709062686,1585.75248919448,0,0,0,0,0,0
17656.799179,960,-0.0096709318459034,0.0318717941641808,0,-42.6229140289681,8.31122245732713,1846.44068205045,91.1975254772463,11.1753257280739,1826.56061894466,241.52717292971,157.03015611452,1588.39036271369,-166.867416007821,196.990995883659,1585.81323174549,0,0,0,0,0,0
17656.8097934,960,-0.0108221396803856,0.0326073154807091,0,-42.2897920433188,8.76039162528965,1846.56363374291,91.5186805065777,11.6534406839953,1826.52959275628,241.740777815924,156.998127209023,1588.78527764594,-169.138659931216,197.117609372617,1587.46162220216,0.140900000929832,0.0694999992847443,0.987600028514862,72.8000030517578,39.8899993896484,377.089996337891
17656.8204195,960,-0.00955790467560291,0.0321389421820641,0,-42.1583987879326,8.87481829281362,1846.5763225783,91.6313639307376,11.7667412838204,1826.5307271364,241.796499304253,156.989988340435,1588.90653785507,-169.048826589094,197.226544867417,1587.56096068146,0,0,0,0,0,0
17656.8312915,960,-0.0102624390274286,0.0310161173343659,0,-41.9886434705819,9.21228100597234,1846.5469204661,91.8902604641104,12.0560601556756,1826.50456593657,241.917102212785,157.00238663965,1589.22090953254,-168.868197682234,197.510647238051,1587.76779718238,0,0,0,0,0,0
17656.8418636,960,-0.00976951234042645,0.0304055720567703,0,-41.8960701271568,9.41884526221143,1846.49114878162,92.0094238173265,12.2783465110886,1826.47873138272,242.014693482582,157.001325760009,1589.40052507427,-168.734027641793,197.648308797053,1587.9084970985,0,0,0,0,0,0
17656.8524447,960,-0.00979140587151051,0.0304200634360313,0,-41.7954236272886,9.46677159378771,1846.44987450418,92.047820052275,12.3382928160904,1826.4673057205,242.052335366561,157.012093975419,1589.45426431717,-168.664591796495,197.711851949992,1587.94735785031,0,0,0,0,0,0
17656.8739208,960,-0.0100248921662569,0.0307365342974663,0,-41.7307355556149,9.53622718079422,1846.43588488375,92.0807268181295,12.3953606285921,1826.45987004511,242.081602727111,157.032279549068,1589.51966317652,-168.619598015436,197.755433628195,1587.99228956314,0.0142000000923872,0.158800005912781,0.987200021743774,26.0900001525879,46.1300010681152,380.489990234375
17656.8846379,960,-0.0101047037169337,0.030482879281044,0,-41.6396021059591,9.65562172856257,1846.40487851094,92.1606420955557,12.5457293166793,1826.44376879123,242.181387459844,157.057265508537,1589.63921610846,-168.528741597124,197.869600700832,1588.1016503296,0,0,0,0,0,0
17656.8952356,960,-0.0110578080639243,0.0295701608061791,0,-41.3110322615453,10.0266124412662,1846.39754140936,92.3345282350812,13.0504560249052,1826.34678701937,242.423987117738,157.168440671792,1589.96997496629,-168.230018064375,198.191187073583,1588.4074956457,0,0,0,0,0,0
17656.9058891,960,-0.0104016801342368,0.0286831170320511,0,-41.0107436772872,10.5669443902377,1846.379845088,92.7836817201235,13.5413004128218,1826.35499256495,242.718991036315,157.292421533121,1590.46351237084,-167.754878541041,198.60325296278,1588.89183352086,0,0,0,0,0,0
17656.9164816,960,-0.0102657796815038,0.0289982542395592,0,-40.9316053645423,10.8078824938195,1846.38245452834,92.8765842317995,13.7619764964615,1826.34042853526,242.890809453551,157.393047104547,1590.69497702695,-167.522106462169,198.77871887814,1589.14260568755,0,0,0,0,0,0
17656.9270571,960,-0.0101141128689051,0.0267203137278557,0,-40.8540506422883,11.1364255178453,1846.37262278274,92.9582142924128,13.9494898465751,1826.3329514177,243.051884086194,157.547500988648,1590.91005584421,-167.347736740858,198.987710675623,1589.42571884659,0.152600005269051,0.164700001478195,0.974500000476837,83.5699996948242,38.689998626709,378.529998779297
17656.9375524,960,-0.0102087175473571,0.0281612858176231,0,-40.7926964405747,11.2867749617916,1846.33991898747,93.0085236152227,14.0502401078438,1826.32478258065,243.098674884213,157.61144981022,1590.99552657503,-167.267481237208,199.070205218867,1589.53569869292,0,0,0,0,0,0
17656.9550774,960,-0.0100975157693028,0.0284371510148048,0,-40.7588879021083,11.3579640539337,1846.30656427182,93.0243861271635,14.0996316947271,1826.31939219136,243.130555489368,157.655976498603,1591.02824902612,-167.223580453044,199.114945819778,1589.57737525087,0.00540000014007092,0.165800005197525,0.986100018024445,0,0,0
17656.9676059,960,-0.0104731898754835,0.0280150160193443,0,-40.5861195880902,12.0043671332583,1846.10816479659,93.1902018440347,14.5963680605402,1826.24457349714,243.385293977226,158.033456737425,1591.21432687095,-166.880803386028,199.445509257372,1590.0101272564,0,0,0,0,0,0
17656.9782289,960,-0.0102052893489599,0.0279728680849075,0,-40.5159189758861,12.2184448182247,1846.03663050884,93.2295088217223,14.8039392829517,1826.17276017098,243.468973241272,158.187243614629,1591.22820877369,-166.776343267365,199.608578431397,1590.13424384162,0,0,0,0,0,0
17657.0048646,960,-0.00996427517384291,0.0281847923994064,0,-40.5710323644034,12.2808349602592,1846.04942541353,93.2216507195779,14.8587217326388,1826.14622283173,243.499805911809,158.242561484018,1591.2239003263,-166.785048570054,199.658546342443,1590.18589434444,-0.0151000004261732,0.138799995183945,0.990199983119965,0,0,0
17657.0155267,960,-0.0103918369859457,0.0292348474264145,0,-40.5815177576594,12.6592771331864,1846.00078445336,93.2862290817148,15.2183874094221,1826.03429879621,243.68204621086,158.53633402221,1591.20767753443,-166.647223652361,199.918791903254,1590.36127662117,0,0,0,0,0,0
17657.0268461,960,-0.00939792860299349,0.0288437962532044,0,-40.5158972843917,13.144505435074,1845.93055889543,93.4042627271097,15.484710109632,1826.00470800877,243.880999101816,158.922332819307,1591.14747923612,-166.460794652823,200.140086264274,1590.52801235373,0,0,0,0,0,0
17657.0374895,960,-0.00991812534630299,0.0285885021090508,0,-40.4328732347852,13.6230676658541,1845.80447285196,93.4737229075166,15.7994127183691,1825.91950771494,244.096183218528,159.307912666119,1591.10819094164,-166.261847012084,200.367766580056,1590.63595990443,0,0,0,0,0,0
17657.0560361,960,-0.00979447364807129,0.0284725859761238,0,-40.3992104647445,13.68198577028,1845.7577238494,93.4609977122662,15.8870911157527,1825.8918186736,244.127514765699,159.369288095359,1591.09876213205,-166.256416037168,200.397364717545,1590.633779652,0.0692000016570091,0.0405000001192093,0.996800005435944,0,0,0
17657.0666019,960,-0.0102888345718384,0.028991474211216,0,-40.1594967185632,14.209413043224,1845.65093683001,93.6052642852501,16.523622916461,1825.83783642956,244.39968494313,159.862216775965,1591.14732038034,-166.003322726023,200.726469436549,1590.74622581085,0,0,0,0,0,0
17657.0771746,960,-0.0102245379239321,0.0301267042756081,0,-40.0957158186158,14.4655458828125,1845.67992991502,93.6850270510368,16.8290622133356,1825.8606965613,244.479092222082,160.068734541301,1591.20784302243,-165.877291436552,200.879207199979,1590.76982373201,0.108400002121925,0.112800002098083,0.98769998550415,66.7300033569336,40.6100006103516,381.130004882812
17657.0877764,960,-0.0102367009967566,0.0284973070025444,0,-40.1177781526628,14.5953559238017,1845.73059844074,93.7350565038345,16.9977493185743,1825.88606125205,244.521835539199,160.1525374811,1591.25672338539,-165.858460278418,200.940524968529,1590.7978702832,0,0,0,0,0,0
17657.0983537,960,-0.00870238430798054,0.0289535135030747,0,-40.0666448201465,14.858786977335,1845.76905639716,93.8155549763561,17.3207308653583,1825.92909739762,244.565237958914,160.286456189986,1591.35060513621,-165.744841353243,201.075531009215,1590.82175368332,0.0882000029087067,0.133599996566772,0.987100005149841,58.4700012207031,44.5800018310547,381.700012207031
17657.1089342,960,-0.0100558139383793,0.0285961911082268,0,-40.0588010869451,15.0620896066184,1845.84350143011,93.8615839654384,17.5196610113676,1826.02414868821,244.629651830094,160.382688295503,1591.43904826261,-165.724832477277,201.181401752213,1590.84179853211,0.101800002157688,0.103399999439716,0.989400029182434,64.3600006103516,43.1100006103516,380.619995117188
17657.1196022,960,-0.0109903961420059,0.0274876564741135,0,-39.9786178176894,15.2646872711597,1845.88186508209,93.8824685984971,17.7000504784995,1826.13255906767,244.665574972879,160.453124668593,1591.50746935786,-165.59805014686,201.286988092829,1590.84906276952,0.149800002574921,0.0694999992847443,0.986299991607666,71.1600036621094,38.689998626709,379.790008544922
17657.1301681,960,-0.0104628438130021,0.0279093369841576,0,-39.9396952977035,15.3844744527416,1845.93723853683,93.9100676885563,17.8236821386116,1826.2354570469,244.709077407884,160.490543043379,1591.5552729977,-165.561392164077,201.346933961479,1590.83920843004,0,0,0,0,0,0
17657.140867,960,-0.0107665862888098,0.0284984320402145,0,-39.8479356519044,15.6701401750147,1846.13537619481,93.9019810639292,18.146291601362,1826.49678376382,244.80969170322,160.584603230261,1591.65886382698,-165.43010635002,201.506485117932,1590.76924560151,0,0,0,0,0,0
17657.151437,960,-0.0108677502721548,0.0286244362592697,0,-39.8456499912215,15.7252890309579,1846.19100410934,93.9104451128535,18.1728552119707,1826.55740190305,244.816840693753,160.607383578709,1591.66526312926,-165.398717742607,201.540802716603,1590.742173527,0,0,0,0,0,0
17657.1620616,960,-0.0103804506361485,0.0275637045502663,0,-39.9202264397852,16.0413559051248,1846.4593509031,93.8728673642083,18.4495638753455,1826.84974518706,244.89860815145,160.624903594223,1591.72362012344,-165.299509708917,201.672860148411,1590.56613564957,0,0,0,0,0,0
17657.1735433,960,-0.0124103631824255,0.0273191168904305,0,-39.9512066438154,16.269254614888,1846.65701974885,93.9024124323956,18.6053286556258,1827.08740576296,244.967140759517,160.627451403333,1591.73749427758,-165.238052192275,201.79373237239,1590.39933668464,0,0,0,0,0,0
17657.1840522,960,-0.0115146655589342,0.0270406737923622,0,-40.0065793133193,16.4326743944879,1846.80173281909,93.8686938547335,18.707864591074,1827.23550126157,245.026859696257,160.594391890656,1591.73617958853,-165.205095474465,201.900413342587,1590.21484744651,0,0,0,0,0,0
17657.1946272,960,-0.0105721820145845,0.0279336631298065,0,-40.1052479389887,16.5787603632755,1846.95664857937,93.7581989670769,18.8145720322882,1827.43059355519,245.057673551443,160.559072350302,1591.71922750935,-165.18373399744,201.983881958146,1590.06270069343,0,0,0,0,0,0
17657.2052776,960,-0.0112504540011287,0.027523285150528,0,-40.2664454889416,16.7364972891066,1847.18000485239,93.6332248836039,18.9114700556249,1827.63134779741,245.131477298702,160.495093515832,1591.7222120218,-165.165090073118,202.025829851651,1589.93119524763,0,0,0,0,0,0
17657.215887,960,-0.0120510896667838,0.0283077493309975,0,-40.320759398516,16.8654279395993,1847.2714884532,93.4976415580745,19.0169537330124,1827.76453615237,245.165459450349,160.40753931193,1591.69914169004,-165.130976732225,202.075787619461,1589.77152240274,0,0,0,0,0,0
17657.2282263,960,-0.0108675817027688,0.0263469874858856,0,-40.483889057736,17.054852449464,1847.45001409661,93.3900938439518,19.1548905768861,1827.94248134536,245.23021784714,160.279154107874,1591.68840143531,-165.052798285249,202.111233760499,1589.58628649956,0.115699999034405,-0.0986000001430511,0.988399982452393,99.7099990844727,76.2699966430664,366.570007324219
17657.2388688,960,-0.0113492636010051,0.028090825676918,0,-40.5940925786077,17.1553274535474,1847.54138231249,93.3553077274905,19.1497367351351,1828.07474113535,245.249624110137,160.16639189986,1591.66321047828,-164.997128204285,202.148396131132,1589.45883015298,0.163399994373322,-0.0854000002145767,0.982800006866455,102.360000610352,72.370002746582,367.239990234375
17657.2494683,960,-0.0112892482429743,0.0301846995949745,0,-40.6877927253383,17.2219208266444,1847.5988796583,93.2724773503312,19.2212937151035,1828.13311916446,245.28642307665,160.095104802086,1591.65025880273,-164.916313283203,202.139773143457,1589.37694280168,0,0,0,0,0,0
17657.2698438,960,-0.0127075612545013,0.02680374532938,0,-40.7491261327269,17.2655754561391,1847.57978421541,93.2199132874125,19.2613308435353,1828.15500278369,245.295618421236,160.057955469743,1591.63593625644,-164.914546019961,202.155995661441,1589.32702246208,0.131600007414818,-0.0540999993681908,0.989799976348877,104.480003356934,71.7399978637695,367.179992675781
17657.280434,960,-0.0110893519595265,0.029251603782177,0,-40.8858576768196,17.3855861438272,1847.68591440582,93.0643182934509,19.2244571991082,1828.3118635965,245.381162986782,159.863816309662,1591.58529499746,-164.935723772356,202.13508025379,1589.20863087212,0,0,0,0,0,0
17657.2910299,960,-0.0118220429867506,0.0290422350168228,0,-41.0888438306017,17.4544963407462,1847.78069088289,92.8474351484926,19.1518513359193,1828.55153210825,245.450137688857,159.617175387726,1591.42756803225,-164.852855315882,202.105684846158,1588.99344624939,0,0,0,0,0,0
17657.3016531,960,-0.0118504865095019,0.0298080429434776,0,-41.2019471111686,17.5032707650644,1847.87021344412,92.7010761024694,18.9961173128464,1828.71181992933,245.492306673071,159.392051102717,1591.26987634712,-164.784277007649,202.08285037804,1588.82054619107,0,0,0,0,0,0
17657.3122057,960,-0.0123077910393476,0.0285649061203003,0,-41.2516133751634,17.5402841587695,1847.95988110691,92.604901964597,18.9272912985147,1828.78300631426,245.51807205514,159.25200862588,1591.18606195696,-164.753807701916,202.073678821827,1588.78328101328,0,0,0,0,0,0
17657.3230312,960,-0.0102946311235428,0.027850104868412,0,-41.3118531116329,17.543025875903,1848.02974271126,92.3353219473739,18.8975814349686,1828.84498996839,245.530000473322,159.084082402431,1591.11292434913,-164.735067681812,202.110435490018,1588.73362105614,0,0,0,0,0,0
17657.3336536,960,-0.0113295186311007,0.0290888532996178,0,-41.3034596228858,17.4963089190815,1848.11892972309,92.2899550094253,18.8078438508806,1828.91011190387,245.552116587174,158.902157108854,1591.06896554148,-164.715260155879,202.104699982887,1588.66008194124,0,0,0,0,0,0
17657.3442037,960,-0.0114463297650218,0.0295796975493431,0,-41.4247535437822,17.4292358622854,1848.26465047908,92.1752551105406,18.7166640816046,1828.95923600538,245.526078265395,158.631461075164,1590.99765417372,-164.697794990867,202.119087633119,1588.61241513039,0,0,0,0,0,0
17657.3599577,960,-0.0117135839536786,0.0286820739507675,0,-41.4463885668356,17.4116482226159,1848.28421578834,92.1383612543785,18.690219770476,1828.9652644496,245.516084790051,158.558939097571,1590.98417653362,-164.715813007295,202.101023871613,1588.58319560738,0.103900000452995,-0.025900000706315,0.994199991226196,0,0,0
17657.3705662,960,-0.0114340772852302,0.0290129244327545,0,-41.5281260824001,17.3017251717377,1848.36025431181,91.9441206643376,18.5679749724314,1828.96671879977,245.482973965593,158.213864991737,1590.93158117633,-164.663021090742,202.04572236634,1588.51029249795,0,0,0,0,0,0
17657.3810735,960,-0.0120257586240768,0.0289164394140244,0,-41.6777505811674,17.1362436828377,1848.4404108436,92.3904749934558,18.1487916674259,1829.07343855983,245.511399764924,157.910635880146,1590.85934894494,-164.672443280227,201.920990129509,1588.41252029576,0,0,0,0,0,0
17657.391708,960,-0.0122843729332089,0.0285803362727165,0,-41.7230800926869,17.1078211380489,1848.45404903866,92.3568941448903,18.1242412933367,1829.06880958948,245.505788908318,157.855926605832,1590.84031485232,-164.685736314317,201.924883941583,1588.39392947672,0,0,0,0,0,0
17657.4076096,960,-0.0116057312116027,0.0290690794587135,0,-41.8103907899485,16.8534598335836,1848.52408932577,92.2388519548523,17.9042269997933,1829.13134220093,245.460624134315,157.525880217913,1590.68070129107,-164.663673898502,201.714535219734,1588.21203089843,0,0,0,0,0,0
17657.4216327,960,-0.0117887519299984,0.0288308769464493,0,-41.8381090442411,16.8066192031795,1848.52546312304,92.1984781066707,17.8499723084513,1829.12962975105,245.467461804516,157.475382337001,1590.65548055339,-164.676132094034,201.709368228789,1588.1915471125,0.0687000006437302,0.107699997723103,0.991800010204315,0,0,0
17657.4322947,960,-0.0120700541883707,0.0296637028455734,0,-41.9884843466138,16.440205722665,1848.54864628413,91.9710281444962,17.5129170402633,1829.19788948774,245.499103286251,157.137431954842,1590.46542723969,-164.644290204156,201.442569973113,1587.90277475536,0,0,0,0,0,0
17657.4428162,960,-0.0118482522666454,0.028936168551445,0,-42.0772692720167,16.2869541383926,1848.56503409735,91.8918963165718,17.3464178627439,1829.23562915803,245.505908099781,156.99597885162,1590.38280527385,-164.677394414557,201.298271725174,1587.77214119587,0,0,0,0,0,0
17657.4534258,960,-0.0114104328677058,0.0284325167536736,0,-42.1372316355799,16.2269724893721,1848.55628856251,91.8192103282674,17.312055736553,1829.21055540845,245.501898066296,156.947962020637,1590.35232206338,-164.68492098342,201.274341790946,1587.7426073771,0,0,0,0,0,0
17657.4639995,960,-0.0128006581217051,0.0290740266442299,0,-42.3228312508996,15.8920841791985,1848.4862701099,91.7120334454343,16.964524218702,1829.21186802272,245.44346541242,156.669745854713,1590.17631189935,-164.710792535424,201.004968424727,1587.46438830892,0,0,0,0,0,0
17657.4822331,960,-0.0106790261343122,0.0296786487102509,0,-42.3110953028221,15.8323041156569,1848.44862694004,91.6916523123553,16.9151243960335,1829.20666072498,245.434932836554,156.624653635522,1590.15551955324,-164.742280147405,200.963851693747,1587.42373496192,0.141200006008148,0.0877000018954277,0.986100018024445,0,0,0
17657.4928253,960,-0.0112751508131623,0.0317309185862541,0,-42.4634536293947,15.3798733818704,1848.37764356698,91.552093492453,16.4053126972043,1829.20609853145,245.339311679392,156.280510491873,1589.94822163421,-164.881861396644,200.665677275569,1587.11803737958,0,0,0,0,0,0
17657.503392,960,-0.011964401230216,0.0307962283492088,0,-42.5069889879714,15.3301612626746,1848.36049214871,91.5350315480404,16.3188422288918,1829.22600852114,245.332143782775,156.232021876854,1589.92516513095,-164.862501106601,200.614361187582,1587.06421990054,0,0,0,0,0,0
17657.5139747,960,-0.0124037247151136,0.0316904023289681,0,-42.7541925839206,14.8526250882989,1848.31607021626,91.1552496377596,15.8358189583307,1829.24380741386,245.176128297411,155.927440397208,1589.77544237866,-164.946199767524,200.315649122847,1586.81275484283,0,0,0,0,0,0
17657.5279662,960,-0.0113464947789907,0.0294541552662849,0,-42.9400257036502,14.5884465114968,1848.32090040784,90.9904022507059,15.6014699526149,1829.26794244431,245.113978957511,155.793400813991,1589.70932069333,-165.050914401151,200.13730342445,1586.66305684,0,0,0,0,0,0
17657.5385899,960,-0.0119151044636965,0.0306572303175926,0,-43.13202957821,14.2024615421254,1848.28116350503,90.8562765064656,15.2559011318674,1829.27664442995,245.038696205054,155.6276736278,1589.64331631155,-165.15238795369,199.969168833791,1586.50354591094,0.112000003457069,0.238800004124641,0.964600026607513,67.1999969482422,73.129997253418,372.799987792969
17657.5492488,960,-0.0125146303325891,0.0325728267431259,0,-43.2179672234685,14.0402208183933,1848.25706997896,90.8110278628405,15.1186430453567,1829.26297735561,245.004432291111,155.540846917289,1589.61218256337,-165.224331650194,199.844733116325,1586.44858198666,0,0,0,0,0,0
17657.5599109,960,-0.0118596078827977,0.0312662333250046,0,-43.2542921802383,13.7109231200031,1848.15518228576,90.7222625745877,14.8397224225274,1829.2127457182,244.919028275212,155.383430281779,1589.5570405726,-165.319413257782,199.64152963227,1586.36118877141,0.114200003445148,0.244100004434586,0.962999999523163,68.4499969482422,76.2699966430664,373.579986572266
17657.5705251,960,-0.0106883235275745,0.0327607080340385,0,-43.2605408777397,13.5159555616792,1848.08975515568,90.6570029555109,14.63491449162,1829.19744660917,244.879330875485,155.309519891975,1589.53769324194,-165.359508810931,199.528475844219,1586.30188317318,0,0,0,0,0,0
17657.5812793,960,-0.0116918589919806,0.0325487911701202,0,-43.5618152199146,12.9828490738123,1848.04177743111,90.5016723437503,14.1301106811525,1829.18821430185,244.802171678207,155.128300288774,1589.46543222328,-165.533547759385,199.173254302385,1586.16116456499,0,0,0,0,0,0
17657.5918418,960,-0.0113889770582318,0.0321693107485771,0,-43.6670484178596,12.6856065710178,1847.99983874486,90.4288853698557,13.8270268005046,1829.16491995415,244.741016099482,155.027839708892,1589.39723087298,-165.678737073353,199.017279663939,1586.00036844166,0,0,0,0,0,0
17657.6024271,960,-0.0115933027118444,0.0331962764263153,0,-43.6517269283686,12.3240771488216,1847.92326381795,90.3415332428461,13.5744532441686,1829.11682984896,244.649655676182,154.923366770226,1589.31172409624,-165.6802165037,198.84373896818,1585.85770652135,0,0,0,0,0,0
17657.613169,960,-0.0103978039696813,0.0327562525868416,0,-43.7663606931263,12.0088390308104,1847.87058813372,90.3098379981186,13.3368628116503,1829.08958439867,244.575354625725,154.820715510437,1589.21684300255,-165.743376433255,198.644928805728,1585.73450934594,0,0,0,0,0,0
17657.625061,960,-0.0105186868458986,0.0330611452460289,0,-43.7574496417157,11.6019991631373,1847.77686326901,90.2477294913565,13.0501759821959,1829.00102479151,244.458672939108,154.697571049548,1589.09667192678,-165.90994917307,198.372044120667,1585.56156727944,0,0,0,0,0,0
17657.6356628,960,-0.0105047365650535,0.0329665154218674,0,-43.821821293147,11.25021934666,1847.77439731827,90.2205431426188,12.7861303393758,1828.99005785334,244.346266573313,154.60517487493,1588.98741846345,-166.018130017126,198.140189475925,1585.4092417008,0,0,0,0,0,0
17657.6462375,960,-0.0105244573205709,0.032976134121418,0,-43.9500153477247,10.8875546489342,1847.78595708566,90.175692229189,12.4843609136813,1828.9550307575,244.24245357333,154.523064719193,1588.89322472492,-166.180371981176,197.932569680707,1585.29059895453,0,0,0,0,0,0
17657.6698802,960,-0.0101923970505595,0.0333646669983864,0,-43.9501210180401,10.7738710265686,1847.78862439549,90.1825934979075,12.3688773302538,1828.97111209934,244.21223270131,154.487557080277,1588.87238219742,-166.227372230205,197.863114960265,1585.28173273238,0.10249999910593,0.277999997138977,0.955099999904633,55.9500007629395,83.9700012207031,379.600006103516
17657.6805797,960,-0.0095471041277051,0.0326013922691345,0,-44.1934576165182,10.1591303510604,1847.76850663036,90.0465133977121,11.8677516864701,1828.92833397834,244.053162369614,154.376849102463,1588.74324001733,-166.455946487427,197.525177444033,1585.11053609618,0,0,0,0,0,0
17657.6913072,960,-0.0091175464913249,0.0334780275821686,0,-44.2133644308974,9.52691652674356,1847.57939685006,89.8550280819361,11.3389127944932,1828.77805447159,243.849340798552,154.251964009608,1588.5830538838,-166.752056582009,196.971079577247,1584.93171121114,0,0,0,0,0,0
17657.7019854,960,-0.00919219106435776,0.0344822093844414,0,-44.3076306230619,8.98860018602773,1847.38623192732,89.8369098387824,10.9831168173657,1828.69876471313,243.682451794657,154.16172331805,1588.40871027268,-167.00328222455,196.600725331461,1584.72653941466,0,0,0,0,0,0
17657.712615,960,-0.00879560317844152,0.0332540631294251,0,-44.4230300037693,8.62925056005164,1847.34311557421,89.7765996911112,10.7829624980317,1828.62499358214,243.609286847663,154.123440013852,1588.29658909784,-167.140792396622,196.374880085443,1584.57651250855,0,0,0,0,0,0
17657.7232134,960,-0.00811923202127218,0.0347836077213287,0,-44.5151727477877,8.28530407981463,1847.22150263636,89.7496744871652,10.5484437592769,1828.59914340872,243.521055478016,154.074841548732,1588.19799920958,-167.269901333838,196.128515203531,1584.45399511602,0,0,0,0,0,0
17657.7337689,960,-0.0082339309155941,0.0336153790354729,0,-44.5982302802871,7.82393109748705,1847.10261394711,89.6606642193835,10.1794869739526,1828.51332148748,243.441829851295,154.045654517845,1588.03508995481,-167.46377883901,195.850483478648,1584.236045863,0,0,0,0,0,0
17657.7442795,960,-0.00857919547706842,0.0333673119544983,0,-44.6272568106736,7.53486703173661,1847.01774352825,89.5699276005084,9.90774488155084,1828.45644888423,243.329344487549,154.030490840243,1587.93547042431,-167.599553399831,195.620167920409,1584.07463519449,0,0,0,0,0,0
17657.7549309,960,-0.00837760698050261,0.033246061205864,0,-44.5486757778873,7.45017170304736,1846.98906226749,89.5300719098824,9.82615303690259,1828.44813713792,243.307393960379,154.011840311004,1587.89886447118,-167.618708396897,195.553956915415,1584.01340367668,0.151199996471405,0.0395999997854233,0.98769998550415,63.7000007629395,33.5099983215332,391.179992675781
17657.7667544,960,-0.00781947560608387,0.0336711242794991,0,-44.5874671130476,6.96092059959422,1846.96435876391,89.3676150848999,9.45043767484642,1828.35599214722,243.122426302733,153.914656947906,1587.75320719905,-167.812907916468,195.14765801,1583.75674163822,0,0,0,0,0,0
17657.7773415,960,-0.00948169361799955,0.0333011880517006,0,-44.6827244829885,6.64925916494676,1846.98916195228,89.2863236220815,9.21910219558858,1828.33714979309,243.04095310733,153.800660877456,1587.68319046814,-167.875167115678,194.873867070395,1583.61208832476,0,0,0,0,0,0
17657.7882568,960,-0.00832636374980211,0.0338766112923622,0,-44.8383843749038,6.30051488405642,1846.99313012458,89.1992181040354,9.03294223159457,1828.27598523343,242.928518597212,153.672529942447,1587.62732429438,-167.931012795164,194.665565646433,1583.45536187984,0,0,0,0,0,0
17657.8029345,960,-0.00803204998373985,0.0338774755597115,0,-44.890685510634,6.2175057531178,1846.98474129667,89.1437947385229,8.9947151025651,1828.2594881931,242.900220184312,153.629984259747,1587.6085241577,-167.955548272446,194.587811296733,1583.39971486263,0.0948999971151352,0.0241999998688698,0.995199978351593,0,0,0
17657.8134619,960,-0.00841439329087734,0.0336457177996635,0,-45.2028998815341,5.74814278609432,1846.98779569421,88.9201440273574,8.60579989182688,1828.26128258291,242.809486490345,153.38835274065,1587.57314627634,-168.075669326029,194.209323302124,1583.1177734967,0,0,0,0,0,0
17657.8241447,960,-0.00847519561648369,0.0342736229300499,0,-45.405880333694,5.21659731639252,1846.88155107829,88.542333449995,8.03606713330625,1828.37447282165,242.742565921172,153.045043488599,1587.54745809633,-168.185798287541,193.667252937242,1582.79221214613,0,0,0,0,0,0
17657.8349464,960,-0.00785201881080866,0.0333488941192627,0,-45.5085085700123,5.03600949746271,1846.8480666417,88.4388002308902,7.84428783167942,1828.41228828861,242.733808542313,152.91545295489,1587.5371871851,-168.244413519183,193.547335805052,1582.71509207908,0,0,0,0,0,0
17657.8478039,960,-0.00835557281970978,0.0338189214468002,0,-45.7776467586301,4.64375755187005,1846.83560550888,88.3059303886198,7.45185970268213,1828.49264831904,242.638090783385,152.581220925726,1587.5031062865,-168.306511498367,193.208868561821,1582.54581404818,0,0,0,0,0,0
17657.8603089,960,-0.00798990949988365,0.0348093047738075,0,-45.9067563759972,4.52049987974975,1846.85703488214,88.2464286040772,7.35399966125513,1828.48411483901,242.601228320318,152.488695173374,1587.49690193716,-168.33811418738,193.132243581052,1582.49480057245,0.100400000810623,0.0526000000536442,0.993499994277954,0,0,0
17657.8709007,960,-0.00816256552934647,0.0349896311759949,0,-46.1970932807667,4.04709185332012,1846.76076196513,87.9259488376646,6.89733781703494,1828.52149411987,242.500452846653,152.052265992727,1587.48171601953,-168.310734937363,192.711210012377,1582.21892350401,0,0,0,0,0,0
17657.8815174,960,-0.00794679578393698,0.035980424284935,0,-46.4980404248017,3.53955982573886,1846.66690277201,87.5920029233759,6.43195674218212,1828.58744682701,242.587253419277,151.628782711879,1587.52812519364,-168.327616201973,192.386390069639,1581.99401725324,0,0,0,0,0,0
17657.8920767,960,-0.00892871525138617,0.0354880675673485,0,-46.6860215900368,3.29349963549199,1846.67401931465,87.5276620227073,6.00523689418391,1828.67330203189,242.629323850075,151.350384547002,1587.54015291139,-168.258812181476,192.163741434774,1581.76187010859,0,0,0,0,0,0
17657.9026609,960,-0.00873278733342886,0.035663603246212,0,-46.8632044098722,2.98418019327083,1846.6954005431,87.4037989174357,5.70194158874389,1828.69262787814,242.640659779707,151.043102171753,1587.54762523234,-168.275180455507,191.919791537574,1581.60662172581,0,0,0,0,0,0
17657.9132813,960,-0.00910331308841705,0.0365123733878136,0,-46.9186146372359,2.89980177783347,1846.71109829986,87.3718698067519,5.58780434963943,1828.71868697148,242.65253959932,150.939403248614,1587.55221871547,-168.276908506888,191.864999206428,1581.5766497522,0,0,0,0,0,0
17657.9278913,960,-0.00934812612831593,0.0353393539786339,0,-47.1377317775902,2.20209331517392,1846.6427678797,87.1308200663341,4.89491922615659,1828.76426310867,242.656596292565,150.323796093382,1587.55705913581,-168.193343478339,191.408807940275,1581.30438809259,0,0,0,0,0,0
17657.9384191,960,-0.0098672229796648,0.0357312917709351,0,-47.3231469653978,1.7624268953791,1846.59962982967,86.9917432269464,4.40602310605036,1828.84464975429,242.704285506924,149.888033605023,1587.55108981587,-168.106054218065,191.059864853821,1581.17726912404,-0.0627000033855438,0.095100000500679,0.993499994277954,73.2099990844727,63.8600006103516,377.049987792969
17657.9489921,960,-0.00936536677181721,0.0367722868919373,0,-47.2905914915044,1.54363128731937,1846.55522807033,86.9250721789297,4.14527985752134,1828.89309394009,242.761183558113,149.668720882166,1587.54055459466,-168.036807578613,190.871821112381,1581.10205880242,0,0,0,0,0,0
17657.9596804,960,-0.00965138245373964,0.0352570474147797,0,-47.4016584383641,1.23159725373644,1846.49884085376,86.9063404645103,3.70941760686537,1828.98546322029,242.85785246442,149.358204215434,1587.55327474852,-168.022815904179,190.525771132699,1581.0260912092,0,0,0,0,0,0
17657.9703139,960,-0.00871619395911694,0.0362997487187386,0,-47.5012778183952,0.919874324793391,1846.43077671385,86.7997155991964,3.41471092238085,1828.99321960283,242.9500189851,149.0874530547,1587.52270438237,-167.915669103169,190.220773385579,1580.93349649517,0,0,0,0,0,0
17657.9808812,960,-0.00941897369921207,0.0366465285420418,0,-47.6720388734282,0.566933540869184,1846.46377965284,86.6695975367143,3.09414426342944,1829.03679419684,243.052618343127,148.825112395955,1587.50098139708,-167.773386367408,189.922534815235,1580.84659008726,0,0,0,0,0,0
17657.9914396,960,-0.00936415139585733,0.0363850429654121,0,-47.7263980178138,-0.0342185630583902,1846.43377195569,86.5409138473254,2.50795995549612,1829.09094271572,243.156870533102,148.40937495635,1587.43653690147,-167.606550071445,189.40404829001,1580.69655326263,0,0,0,0,0,0
17658.0020217,960,-0.00941721256822348,0.0364962205290794,0,-47.680318721393,-0.131424616863485,1846.40541294032,86.5890673205707,2.32799841100103,1829.1419948864,243.157739643918,148.314752952921,1587.40460207127,-167.58484799834,189.284774811673,1580.67265440587,0,0,0,0,0,0
17658.0127118,960,-0.00983989425003529,0.0371855780482292,0,-47.6348285402236,-0.629387141325817,1846.40418831365,86.7378810943085,1.73994380102506,1829.25048537346,243.312674759159,147.924956298949,1587.32504279254,-167.513777140072,188.889950691289,1580.61802463251,0.1233000010252,0.187199994921684,0.97460001707077,69.870002746582,74.4800033569336,380.399993896484
17658.023352,960,-0.0103256469592452,0.0370358213782311,0,-47.4978018363867,-1.07715615327789,1846.40431858413,86.8011914763475,1.36084663806695,1829.19080544842,243.456475546278,147.532223540872,1587.22235096059,-167.468775501031,188.479888954289,1580.55847388739,0,0,0,0,0,0
17658.0339084,960,-0.0103394147008657,0.0387431852519512,0,-47.4183144654899,-1.59417403076782,1846.44905421021,86.9436825988757,0.876598475059634,1829.13240945446,243.594667926846,147.145659981833,1587.09551752784,-167.395671333797,188.046444789364,1580.57501099622,0,0,0,0,0,0
17658.0774898,960,-0.00985258538275957,0.039729705452919,0,-47.4208475661116,-1.72565752242692,1846.45592194164,86.9582375204142,0.743100353020775,1829.13966275948,243.615228600483,147.062057799143,1587.06785248957,-167.361269381079,187.94648281244,1580.56142778455,0.115000002086163,0.142000004649162,0.983200013637543,61.5800018310547,51.2799987792969,387.369995117188
17658.0881546,960,-0.0105464663356543,0.0394373223185539,0,-47.255773276238,-2.36623162831314,1846.41557475906,87.1299012082853,0.0323985011193201,1829.1242302501,243.772295871779,146.690113121945,1586.89031070261,-167.194912166678,187.348660748454,1580.46408447955,0,0,0,0,0,0
17658.098915,960,-0.0106174862012267,0.0403560496866703,0,-47.0203416940094,-2.69823118610109,1846.46367660609,87.2756388243709,-0.309162788721478,1829.15590776851,243.854137010665,146.47474620278,1586.78836067109,-167.126757660192,187.052996805398,1580.46214191157,0,0,0,0,0,0
17658.1096772,963,-0.0100918058305979,0.0405353255569935,0,-46.7016518693515,-3.48870223905072,1846.50667350961,87.5873283653985,-0.96879094425904,1829.04296732284,244.041599004553,146.078937421959,1586.62162008061,-166.975269859274,186.468833137667,1580.41312520665,0,0,0,0,0,0
17658.120305,966,-0.0110472533851862,0.0416068606078625,0,-46.6258476393967,-3.88574742294405,1846.573048116,87.7876020746981,-1.35128139989881,1829.0324418898,244.156573841834,145.847129652988,1586.51706774927,-166.881415791503,186.177943121058,1580.39227692757,0,0,0,0,0,0
17658.1309466,969,-0.00985774863511324,0.0417387619614601,0,-46.1527766003891,-4.499386391091,1846.67805795753,88.173027999432,-2.00039510744542,1829.06026795849,244.33520175684,145.377193858318,1586.37316987516,-166.794784646726,185.726586513752,1580.41923835247,0,0,0,0,0,0
17658.1416117,972,-0.0112998001277447,0.0430615827441216,0,-45.771515290757,-5.02486876763217,1846.70198207662,88.4808391668072,-2.45955088868594,1829.00473919694,244.477032642396,144.998040505758,1586.22663150367,-166.731906203758,185.390167149887,1580.51309908508,0,0,0,0,0,0
17658.1527019,975,-0.0112089728936553,0.044249302148819,0,-45.2047267997848,-5.7198742947436,1846.75477664772,88.9163052136108,-3.06740455298433,1828.85434045298,244.593796742601,144.543588885282,1585.99780013709,-166.579800928875,184.892170863253,1580.53146908833,0,0,0,0,0,0
17658.1673494,978,-0.0107387490570545,0.0439268559217453,0,-45.1194159724477,-5.84722891169488,1846.77773946587,88.9969603345419,-3.15794533195021,1828.83665684893,244.620442696692,144.471829616404,1585.95205429867,-166.57649719444,184.811571062013,1580.55421881119,0.0759999975562096,0.0313999988138676,0.996599972248077,0,0,0
17658.1779243,981,-0.0106442393735051,0.0454533755779266,0,-44.5446430678216,-6.74887554175532,1846.9648883928,89.705433550548,-3.96464465902932,1828.74108290961,244.835580662372,143.938618829141,1585.57613477646,-166.377215201773,184.210330900883,1580.64409083082,0,0,0,0,0,0
17658.1964783,984,-0.011565025895834,0.0469381868839264,0,-44.4919173932754,-6.85917217952789,1846.99678815919,89.7638383995618,-4.04696759238203,1828.71946512768,244.869599184584,143.866171421828,1585.52689943976,-166.334325378828,184.137931508291,1580.63399551168,0.060699999332428,0.196099996566772,0.97869998216629,53.3400001525879,69.6800003051758,383.700012207031
17658.2073244,987,-0.0109734991565347,0.0469833299517632,0,-44.2224853292148,-7.19431498934527,1847.06731304532,89.9831095095961,-4.40656899615901,1828.74607997864,244.977464948828,143.665707279994,1585.39785072229,-166.25039274437,183.886530098425,1580.67726185464,0.0263999998569489,-0.0239000003784895,0.999400019645691,63.3600006103516,75.379997253418,381.290008544922
17658.2179684,990,-0.0111261513084173,0.0474243931472302,0,-43.8047113849599,-7.74810812680843,1847.1417340776,90.286891606158,-4.83400695847265,1828.70923900995,245.132715452037,143.323396992123,1585.1497734275,-166.081102634114,183.51863304285,1580.71716364625,0,0,0,0,0,0
17658.2286154,993,-0.0106200687587261,0.0491997174918652,0,-43.2730220572569,-8.36303101056754,1847.192663736,90.7136943143487,-5.37647005003686,1828.66755983729,245.309046672323,142.920532391285,1584.8860240657,-165.791985893265,183.08152601475,1580.62666222178,0,0,0,0,0,0
17658.2392492,996,-0.0111936628818512,0.0489347711205483,0,-43.0234335754405,-8.68073054299853,1847.20598918238,91.0062966468233,-5.78943924388079,1828.59066838069,245.425166440819,142.652954116246,1584.73580807076,-165.670467083508,182.829910996241,1580.61167814255,0.0388000011444092,0.155200004577637,0.987100005149841,43.4099998474121,55.6800003051758,387.480010986328
17658.2498932,999,-0.011379174888134,0.0493536837399006,0,-42.874542138578,-8.8788863946934,1847.20841377591,91.1759557378051,-6.01381967308225,1828.53488883887,245.469610079582,142.519224843263,1584.66224405272,-165.607697297055,182.708832327215,1580.64784231071,0,0,0,0,0,0
17658.2705854,1002,-0.0118875429034233,0.0501545466482639,0,-42.8330526832012,-8.99412412260923,1847.21749227551,91.2434306483674,-6.06895743490104,1828.52845475615,245.497919857707,142.451770554902,1584.63011581603,-165.562297546729,182.63051274404,1580.65185931788,0.0812999978661537,0.0115999998524785,0.996599972248077,0,0,0
17658.2811288,1005,-0.0109368385747075,0.0502687118947506,0,-42.5508698663099,-9.46163278864135,1847.22764235535,91.4458199367924,-6.46142880977158,1828.46424226739,245.637976692452,142.194170980314,1584.47247156573,-165.369100519626,182.299572577304,1580.70055719258,0,0,0,0,0,0
17658.2916957,1008,-0.0110315559431911,0.049847474694252,0,-42.408478498442,-9.72641817628312,1847.21106916939,91.5942730698423,-6.69720675855402,1828.4420071862,245.740636832353,142.03480816307,1584.35998521128,-165.306739226077,182.144334654185,1580.75303821344,0,0,0,0,0,0
17658.3024133,1011,-0.0120397116988897,0.0499260075390339,0,-42.2933814444908,-9.98585435454164,1847.21054680668,91.6993564219709,-6.93615518627733,1828.42387225922,245.896962095855,141.877605972966,1584.25390645101,-165.183337189197,182.009086921468,1580.73677347931,0,0,0,0,0,0
17658.3130565,1014,-0.0109652709215879,0.0504395201802254,0,-42.144637761528,-10.2130886878621,1847.17413811971,91.9085897999461,-7.22004984495198,1828.40614479887,246.037001533882,141.716450141493,1584.1500843882,-165.115272742277,181.875381376891,1580.76102908974,0,0,0,0,0,0
17658.3255538,1017,-0.0113283665850759,0.0507128000259399,0,-42.1092138783377,-10.2846472645594,1847.1467921589,91.9328015410932,-7.29412529179609,1828.37749199841,246.060227618181,141.663015319689,1584.10219686312,-165.071216030148,181.842051636854,1580.77336485493,-0.0187999997287989,0.147699996829033,0.988900005817413,0,0,0
17658.3361683,1020,-0.0115655995905399,0.0512928314507008,0,-41.6538204804595,-10.8688074432808,1847.06780797265,92.381369096422,-7.9605199001745,1828.24650758524,246.413169589742,141.262498784003,1583.83536874098,-164.722684363703,181.529643472665,1580.62400129945,0,0,0,0,0,0
17658.34753,1023,-0.0114635098725557,0.0514459632337093,0,-41.4468800419498,-11.0566696077171,1847.04509949998,92.5246241248555,-8.12313032684506,1828.20910423181,246.539211502491,141.127011091335,1583.75195776169,-164.602952743103,181.448542792503,1580.53505410517,0,0,0,0,0,0
17658.358117,1026,-0.0117224007844925,0.0535707645118237,0,-41.1584539425071,-11.3347524330727,1847.02774009844,92.890511570452,-8.53181068916857,1828.17429548043,246.828028536911,140.826418377708,1583.57440209514,-164.304600573809,181.250590416836,1580.4016167889,0,0,0,0,0,0
17658.3686549,1029,-0.0111540500074625,0.0520737938582897,0,-41.0729597474459,-11.4814297269024,1847.04585029832,92.9739538189301,-8.61613879578042,1828.11713597267,246.967875189566,140.665928175114,1583.48242922918,-164.176693299381,181.147741485561,1580.31721772525,0,0,0,0,0,0
17658.3792257,1032,-0.0123215522617102,0.0518928155303001,0,-40.9481642436671,-11.6406053003096,1847.06227621256,93.1016462543254,-8.76309173230467,1828.10375600425,247.126537173433,140.541004489392,1583.36544345875,-164.035990825749,181.053640154093,1580.24650004024,0,0,0,0,0,0
17658.3898727,1035,-0.0116904973983765,0.0526538215577602,0,-40.8249607395248,-11.7874473562081,1847.07963333069,93.2524200362116,-8.94385950783444,1828.10472739263,247.316094724474,140.366974996095,1583.18509908008,-163.831849437916,180.925813402827,1580.19434029234,0.116400003433228,-0.095600001513958,0.988600015640259,77.9700012207031,65.5999984741211,377.700012207031
17658.4005634,1038,-0.0117641938850284,0.0526562914252281,0,-40.6904481369068,-11.9298934802293,1847.08777112615,93.434006509053,-9.18622449833665,1828.14542275438,247.5289606084,140.195618856744,1582.95885577536,-163.672052251913,180.826880093304,1580.16427027166,0,0,0,0,0,0
17658.4110545,1041,-0.0116081619635224,0.0531355500221252,0,-40.5532704403368,-12.0324070313386,1847.11766467902,93.6070552202418,-9.36811151685562,1828.17167055561,247.739755991399,140.085534638084,1582.7875946458,-163.469316811643,180.736607455153,1580.15181731627,0,0,0,0,0,0
17658.4215966,1044,-0.0113676739856601,0.0532241001725197,0,-40.4078753768422,-12.1473586017654,1847.14493476,93.7181187386461,-9.48523162401204,1828.14969822733,247.882077396714,139.979031272718,1582.66032155587,-163.310065095443,180.654855334117,1580.12914527936,0,0,0,0,0,0
17658.432169,1047,-0.0111125893890858,0.0532837644219399,0,-40.1842747118719,-12.2699689090887,1847.14884311903,93.8372258297608,-9.60421313850845,1828.15779823415,247.979721450294,139.905962857236,1582.53400087107,-163.174519546539,180.593138588132,1580.1074126701,0,0,0,0,0,0
17658.4428557,1050,-0.0113512137904763,0.0528095275163651,0,-40.0283176875457,-12.3975497209099,1847.15260681817,93.9765142041982,-9.72997040881072,1828.14022314426,248.101724900555,139.815569549972,1582.43913687414,-163.058443116701,180.52120288173,1580.08442173612,0,0,0,0,0,0
17658.4534186,1053,-0.0111147612333298,0.0540095403790474,0,-39.970191421643,-12.4377234660482,1847.15947036111,94.0165585373817,-9.76290857661031,1828.11130581019,248.147471047168,139.789147222117,1582.40637091013,-162.991058345355,180.5095926813,1580.07389374663,0,0,0,0,0,0
17658.4662516,1056,-0.0114068565890193,0.0539493806660175,0,-39.9209180061721,-12.4623849606912,1847.17588372139,94.0675262299215,-9.81226080847317,1828.11050773264,248.204233764973,139.760578042299,1582.38550595687,-162.937402170701,180.478065471651,1580.04855259133,0.113099999725819,0.0838999971747398,0.990000009536743,47.4500007629395,42.8899993896484,383.820007324219
17658.4767936,1059,-0.0125299133360386,0.0529316313564777,0,-39.6601890363458,-12.6334411674236,1847.14579937307,94.3291739233124,-9.99656085294445,1828.07593726773,248.424700850114,139.623881697793,1582.21070507107,-162.607651620019,180.380863883836,1579.97520504282,0,0,0,0,0,0
17658.4879892,1062,-0.0116289043799043,0.0533196948468685,0,-39.425576367901,-12.8122114082962,1847.09380231308,94.6105633843989,-10.2234898406651,1828.0417911839,248.779122198786,139.441891304269,1582.05214976135,-162.344197994745,180.228638033054,1579.96079147293,0,0,0,0,0,0
17658.4985943,1065,-0.0119241634383798,0.0533298201858997,0,-39.3234212417365,-12.9384395263583,1847.09657383387,94.7608063213862,-10.3514055630717,1828.03312404807,248.965150795061,139.363401883764,1581.95834382468,-162.231615774927,180.165080424056,1580.00403193029,0,0,0,0,0,0
17658.5092718,1068,-0.0113999173045158,0.0538061060011387,0,-39.1114710394217,-13.0557954452329,1847.06824328488,94.9039517881889,-10.4320006556712,1828.04064264183,249.134788342549,139.295463362512,1581.87703521351,-162.062272174736,180.134005314608,1579.99529957476,0,0,0,0,0,0
17658.5198544,1071,-0.0113489516079426,0.0535103812813759,0,-38.8882696565027,-13.1662040625224,1847.02448329393,95.0781765115598,-10.5467646682473,1828.01279955765,249.374536754433,139.270749086205,1581.74690355965,-161.850109431391,180.082692370165,1580.0356419369,0.092399999499321,0.0537000000476837,0.994300007820129,45.8400001525879,28.3099994659424,368.720001220703
17658.5304204,1074,-0.0108705535531044,0.0536372236907482,0,-38.6731728590657,-13.2698774087099,1847.02082941815,95.2905309362219,-10.6266248003342,1828.0019059831,249.601414236476,139.274473061271,1581.65716228601,-161.647430241772,180.037392354105,1580.06807850751,0,0,0,0,0,0
17658.5409608,1077,-0.0114466622471809,0.0544944278895855,0,-38.5141933981788,-13.343255443295,1847.04953714016,95.4963202840802,-10.7539352360571,1828.02290063862,249.737537065138,139.248024000846,1581.5757187272,-161.466337215988,180.027428719714,1580.06424192498,0,0,0,0,0,0
17658.5514946,1080,-0.0111608980223536,0.0544486105442047,0,-38.4641453201618,-13.3408263410537,1847.05092055845,95.4931909442177,-10.7282054524286,1827.96889229256,249.778411076198,139.249398936848,1581.5379175803,-161.375990842956,180.006473170039,1580.0574380827,0,0,0,0,0,0
17658.5620502,1083,-0.0119126765057445,0.0521485269069672,0,-38.1484888419412,-13.45034850744,1847.08054231069,95.7817946170536,-10.820052227139,1827.99376106638,250.022907546003,139.264816705593,1581.40017830416,-161.070479676194,180.029687804045,1580.06062576013,0,0,0,0,0,0
17658.5726458,1086,-0.0118357203900814,0.0544864967465401,0,-38.1226679235544,-13.4531346826406,1847.09333198065,95.8249742551849,-10.8593859758537,1827.98553985241,250.082124097304,139.280156452734,1581.36850317838,-161.058091355632,180.032335288352,1580.06402913282,0,0,0,0,0,0
17658.5881072,1089,-0.0112898088991642,0.0537872970104218,0,-38.0324245222477,-13.4770512328185,1847.07887738997,95.8750290766828,-10.8776309277429,1827.99351478931,250.121040293675,139.293388734185,1581.34022761677,-161.005658164606,180.049318997545,1580.06687662097,0.14190000295639,0.00469999993219972,0.98989999294281,68.2699966430664,22.3700008392334,222.100006103516
17658.5986547,1092,-0.0116187119856477,0.0533383995294571,0,-37.8749543951603,-13.5207801544062,1847.09551286231,95.996191971806,-10.906431752479,1828.00001931497,250.230050117529,139.314585438636,1581.27270572118,-160.924187075331,180.070772063308,1580.05930420641,0,0,0,0,0,0
17658.6093326,1095,-0.011616081930697,0.0535371884703636,0,-37.3429431537504,-13.5369591615928,1847.12811751159,96.5712781180152,-10.9661999237924,1827.88458998841,250.708270397506,139.541360953071,1580.91414856362,-160.533997565279,180.164136830607,1580.00970252137,0,0,0,0,0,0
17658.6264572,1098,-0.0118860024958849,0.0535144492983818,0,-37.2966518557451,-13.5465265928773,1847.1430153033,96.6428230548673,-10.9838172267539,1827.87748507282,250.732701801016,139.576462890168,1580.8624880701,-160.494186813493,180.178781746245,1579.9955411262,0.192499995231628,0.23819999396801,0.952000021934509,0,0,0
17658.6370938,1101,-0.0129813542589545,0.0543950259685516,0,-37.0259166305623,-13.5349853712627,1847.1179647591,97.0196795896931,-10.9699032711476,1827.83141493863,250.980555408615,139.779934960325,1580.60684584557,-160.300098457221,180.242335127575,1579.9476684393,0,0,0,0,0,0
17658.6540569,1104,-0.011182046495378,0.0522865600883961,0,-36.9791787810635,-13.5227058878149,1847.11278628896,97.0441321704627,-10.9373333890666,1827.7930370867,251.026175944875,139.80499482439,1580.55275425352,-160.256754222508,180.260634232221,1579.92489377908,0.215399995446205,0.0952000021934509,0.97189998626709,0,0,0
17658.664822,1107,-0.0130159752443433,0.052997200191021,0,-36.6966802457736,-13.4928052371844,1847.0741275277,97.3869639968224,-10.8889975238408,1827.70719205403,251.31445899528,140.050898323235,1580.27289763959,-160.037413559507,180.425727169991,1579.84205095823,0,0,0,0,0,0
17658.6754431,1110,-0.0127207832410932,0.0536064676940441,0,-36.0782532096446,-13.3372311309157,1846.92121032299,97.917268101277,-10.6412140543407,1827.53289705924,251.63051618465,140.494329401127,1579.80598677353,-159.75593787214,180.761067789154,1579.66099597177,0,0,0,0,0,0
17658.6860361,1113,-0.0128428833559155,0.0530691802501679,0,-35.8378448966363,-13.2539420364775,1846.86417391192,98.092883698275,-10.5640403402643,1827.48391065987,251.747892218586,140.655025802593,1579.67514975154,-159.586840952438,180.907803537275,1579.53330529259,0,0,0,0,0,0
17658.6967095,1116,-0.0129137160256505,0.0530251175165176,0,-35.6443319867026,-13.1606424316461,1846.81013505697,98.2743700236229,-10.4727855152253,1827.44007796584,251.881326968832,140.835907229478,1579.5477340558,-159.449546040202,181.082988328604,1579.44216209457,0,0,0,0,0,0
17658.7073487,1119,-0.013486672192812,0.0532734155654907,0,-35.3929583244216,-13.0682044959257,1846.74661509243,98.4404145010521,-10.3691486026056,1827.41451969474,252.028662875298,141.051413146957,1579.44103572962,-159.327529087251,181.258800828667,1579.36107693786,0,0,0,0,0,0
17658.7196729,1122,-0.0132127106189728,0.0524838216602802,0,-35.2960558296885,-13.0288675786888,1846.72756914607,98.4689570846499,-10.3111465305118,1827.38863047388,252.098889661065,141.109170732679,1579.42054417498,-159.221127654005,181.338828883102,1579.34075883903,0.255499988794327,0.0615000016987324,0.964900016784668,104.279998779297,52.6599998474121,201.449996948242
17658.7302646,1125,-0.0127562182024121,0.0525810703635216,0,-35.0664945488986,-12.8254798980541,1846.66555106216,98.7462547672637,-10.1737995291326,1827.34491225704,252.294554548461,141.407472134989,1579.28857549954,-159.004973880959,181.679387489634,1579.27465423723,0,0,0,0,0,0
17658.7408023,1128,-0.0146627016365528,0.0523630887269974,0,-34.9437872592799,-12.5938805039266,1846.64498122155,98.9479651979276,-9.94195088231088,1827.29073127435,252.448909209112,141.668450897899,1579.17958853574,-158.840646125827,182.083097551615,1579.24856922547,0,0,0,0,0,0
17658.7514068,1131,-0.0133403642103076,0.0515353180468082,0,-34.9072373124919,-12.5364863807667,1846.63619756146,98.98942911903,-9.8743308864652,1827.28728314032,252.488125530219,141.728913986662,1579.15711958083,-158.822593236582,182.163772093711,1579.22386762807,0,0,0,0,0,0
17658.7620385,1134,-0.0129486126825213,0.0520096927881241,0,-34.7023575859181,-12.2802508300098,1846.60608275599,99.1606179691943,-9.56029861665311,1827.24444179703,252.7088135687,142.08026409693,1579.02647650938,-158.680742510771,182.527765417421,1579.10233789275,0,0,0,0,0,0
17658.7726452,1137,-0.0134907532483339,0.051166208833456,0,-34.6598483924125,-12.1195059064816,1846.63265230177,99.2707962042086,-9.3571515568452,1827.24265760709,252.864557982237,142.328750801372,1578.94677042956,-158.541581102261,182.748091248265,1578.97628755265,0,0,0,0,0,0
17658.7869321,1140,-0.0134831704199314,0.0507406391203404,0,-34.5647044385409,-11.8522813338711,1846.61330992911,99.4686305286839,-9.14378053244248,1827.23449045833,253.043445939911,142.662318449785,1578.81775300221,-158.300938422833,183.023248499019,1578.7928361288,0,0,0,0,0,0
17658.7975262,1143,-0.0135965794324875,0.0506834708154202,0,-34.3959667346053,-11.585656482744,1846.55122409542,99.6411152070525,-8.89391630817616,1827.26692515884,253.228090153973,142.940923367719,1578.70076895689,-158.131407951708,183.335552253774,1578.65173731143,0.158399999141693,0.0593999996781349,0.985599994659424,103.800003051758,55.1300010681152,200.309997558594
17658.8080198,1146,-0.0151024339720607,0.0518395662307739,0,-34.3476125703528,-11.4290413975912,1846.52875949254,99.6695203088168,-8.75305451780494,1827.25214164973,253.292612769769,143.083947167155,1578.61219444788,-157.964335970673,183.519918435228,1578.55026023546,0,0,0,0,0,0
17658.8185795,1149,-0.0145765254274011,0.049675727635622,0,-34.1581527309553,-11.1639536329974,1846.47624327661,99.7802195145226,-8.51624962172646,1827.25722228912,253.454723140727,143.412208655621,1578.46516089692,-157.883173280359,183.884867003956,1578.43963016454,0.258100003004074,0.0461999997496605,0.964999973773956,109.069999694824,43.9799995422363,201.740005493164
17658.829242,1152,-0.013975391164422,0.0505434893071652,0,-34.0008573993897,-11.0015782606132,1846.43100284525,99.8568239562646,-8.36893366997993,1827.26089072051,253.487158647182,143.571120504897,1578.36926382669,-157.821518129113,184.079634838471,1578.35179647156,0,0,0,0,0,0
17658.8575992,1155,-0.0145901925861835,0.0517517946660519,0,-33.9410851743129,-10.9217123615203,1846.43409445583,99.9085155617457,-8.30804589378433,1827.26868462468,253.512230443773,143.66688574725,1578.33512507671,-157.802529087623,184.167435375753,1578.31354087152,0.275599986314774,-0.101499997079372,0.955900013446808,0,0,0
17658.8681964,1158,-0.0151170594617724,0.050499314814806,0,-33.6422852391052,-10.1147984531048,1846.45319637365,100.355531068115,-7.40437368230521,1827.12076447448,253.803427845704,144.913427895373,1577.90476030208,-157.524090022173,185.160113658506,1577.92083515118,0,0,0,0,0,0
17658.8787695,1161,-0.0152769833803177,0.050512807816267,0,-33.4412819529564,-9.79020501871187,1846.41793443689,100.450795290227,-7.03201918326826,1827.03457452433,253.922346775139,145.317953708179,1577.77221101221,-157.406855130353,185.588352118981,1577.81719777894,0.249899998307228,0.204899996519089,0.946300029754639,35.6399993896484,25.7299995422363,227.509994506836
17658.889256,1164,-0.0152083970606327,0.050723972171545,0,-33.2961014084768,-9.63978471300852,1846.38419367177,100.498983929775,-6.87411165927384,1827.01669356988,253.981661316031,145.532627320201,1577.72801561722,-157.350993509641,185.804551525903,1577.8031585834,0,0,0,0,0,0
17658.905915,1167,-0.0156380776315928,0.0511774741113186,0,-33.2431184933451,-9.5599269695904,1846.37934466293,100.515681266925,-6.78188007157403,1826.99768979928,253.979901583691,145.635111474271,1577.70062876128,-157.359933604066,185.903570078944,1577.79040613316,0.299699991941452,0.0439000017940998,0.953000009059906,50.189998626709,-17.1299991607666,233.460006713867
17658.9167139,1170,-0.0155983399599791,0.0501499384641647,0,-32.9275981225703,-8.87516823220844,1846.37179824922,100.929320672094,-6.18532721402859,1826.93381032203,254.209907588766,146.569457678462,1577.58345348569,-157.202531501909,186.786570750107,1577.65896565339,0,0,0,0,0,0
17658.9272943,1173,-0.0154162961989641,0.0497949331998825,0,-32.8819600400484,-8.51475178380388,1846.3936665614,101.120507997521,-5.78534444316733,1826.89395936199,254.287902245076,147.020057614615,1577.50443622034,-157.140779222867,187.220255584609,1577.61460756496,0.317900002002716,0.0728000029921532,0.945299983024597,55.0900001525879,-9.27000045776367,231.110000610352
17658.9378262,1176,-0.0151486480608582,0.0506757818162441,0,-32.7539384595965,-8.35357563442088,1846.3663445237,101.121604887887,-5.51252694516952,1826.82191804908,254.312376574452,147.239555965211,1577.46034114064,-157.040554963919,187.428843822753,1577.56484876664,0,0,0,0,0,0
17658.9552901,1179,-0.015864348039031,0.0498024843633175,0,-32.6583334959864,-8.2442357027583,1846.33400250883,101.164723443583,-5.43356032847201,1826.82780754826,254.347176910192,147.358231240312,1577.43820970637,-156.996710366178,187.558239408007,1577.56586777985,0.266099989414215,0.228100001811981,0.936600029468536,0,0,0
17658.967138,1182,-0.0157614443451166,0.0495963864028454,0,-32.5400101916106,-7.74882001342601,1846.37150389848,101.334631218995,-5.00513039660252,1826.88849888652,254.548343175875,147.957560637129,1577.35209789916,-156.894340877625,188.137752671645,1577.48777216165,0,0,0,0,0,0
17658.9909115,1185,-0.01573939435184,0.0497525244951248,0,-32.5514057786662,-7.63128367867788,1846.39046333413,101.341348947171,-4.89440864636203,1826.86419736749,254.57691195635,148.041723198869,1577.33552702111,-156.869291130521,188.244527296038,1577.46271370325,0.266699999570847,0.1908999979496,0.944700002670288,0,0,0
17659.0015951,1188,-0.0155153451487422,0.0491538293659687,0,-32.5074802654009,-7.17525693078279,1846.40605169671,101.473190551162,-4.40879969838003,1826.85092099212,254.652934979028,148.570302883726,1577.22583650847,-156.788815339607,188.81033553654,1577.41593893049,0,0,0,0,0,0
17659.0122144,1191,-0.0162140727043152,0.0487503282725811,0,-32.2415478314936,-6.5615327011759,1846.40217067143,101.752350225807,-3.72710823563257,1826.8668527804,254.606089564856,149.295038628956,1577.06560004404,-156.781260242328,189.505874882956,1577.38606155672,0,0,0,0,0,0
17659.02287,1194,-0.0160988420248032,0.049203547090292,0,-32.010052238078,-5.86867138765786,1846.41467131443,101.804055197422,-3.02225127751088,1826.77900811047,254.783234060598,150.108282551425,1576.92369864205,-156.774773331901,190.249103433829,1577.31209264351,0,0,0,0,0,0
17659.0335366,1197,-0.0162291917949915,0.0480689018964768,0,-31.9975994206959,-5.53022510029034,1846.40078324045,101.948076721674,-2.79782973953593,1826.77997624844,254.806933363493,150.393519427567,1576.85059457747,-156.734420358664,190.634233082985,1577.25890614891,0,0,0,0,0,0
17659.0443259,1200,-0.0162209719419479,0.0474091678857803,0,-31.8133632819668,-4.94748539252562,1846.37771019282,102.130255560118,-2.1280560020663,1826.67191487333,254.868163706416,150.916233119608,1576.78498618215,-156.726110945502,191.228422052265,1577.08706643798,0,0,0,0,0,0
17659.0550991,1203,-0.0160987880080938,0.0476544670760632,0,-31.7914844963163,-4.82519396778986,1846.35578006493,102.213531120516,-2.02311304659367,1826.68361387514,254.854183959764,151.019094965287,1576.77025432606,-156.714214589882,191.35236368724,1577.05073611704,0,0,0,0,0,0
17659.0673132,1206,-0.0155833475291729,0.0465922489762306,0,-31.571082281197,-4.21440379429036,1846.35819161185,102.334884337019,-1.33811004747457,1826.55407260734,254.84148895983,151.83165211391,1576.63690710569,-156.663991662793,191.961841239705,1576.91345182389,0,0,0,0,0,0
17659.0779542,1209,-0.0164070390164852,0.0474411159753799,0,-31.5064571627919,-3.77710826791553,1846.25202608016,102.397295496748,-0.936078246590975,1826.505610319,254.813091071402,152.333169623398,1576.52189616422,-156.620331326517,192.452602080831,1576.81607079609,0.316500008106232,0.223100006580353,0.921999990940094,54.1300010681152,31.2399997711182,222.419998168945
17659.0886228,1212,-0.0156340077519417,0.0460382498800755,0,-31.4103164346101,-3.48423889682839,1846.19821977801,102.446207881994,-0.533991086886564,1826.46330096183,254.822044886983,152.658996480838,1576.44279347579,-156.577311299906,192.815373087457,1576.75319717009,0.314000010490417,0.218799993395805,0.923900008201599,53.3899993896484,29.8199996948242,222.990005493164
17659.0991521,1215,-0.0159052722156048,0.0447280541062355,0,-31.366034283544,-3.26194512117445,1846.15303752204,102.521889128273,-0.301859194933384,1826.4753715056,254.805610297515,152.931053867157,1576.37876265973,-156.585655150187,193.060363243025,1576.71424814398,0,0,0,0,0,0
17659.1119499,1218,-0.0162033308297396,0.0440906792879105,0,-31.336928666716,-3.12140841005856,1846.12953779777,102.534675657438,-0.200425675654679,1826.44621310826,254.807995437644,153.072807102648,1576.3457940148,-156.596152722501,193.184727352814,1576.6936123783,0.308899998664856,0.210600003600121,0.927500009536743,52.0499992370605,27.8199996948242,223.910003662109
17659.1224749,1221,-0.0168906319886446,0.0435330256819725,0,-31.3049281408833,-2.92016641971801,1846.0896666325,102.582519265548,0.062449185572347,1826.40945774496,254.808122010818,153.365922055852,1576.29018796148,-156.571640088037,193.451395488066,1576.64668732504,0,0,0,0,0,0
17659.1383916,1224,-0.0158149432390928,0.045113193243742,0,-31.3072454262058,-2.79608043587172,1846.05699278608,102.614545675133,0.154513753106501,1826.3887362031,254.797156687662,153.520756922477,1576.24930776732,-156.557481914064,193.555898852625,1576.63041460911,0.353300005197525,0.1216000020504,0.927600026130676,0,0,0
17659.1490446,1227,-0.0160048678517342,0.0437066540122032,0,-31.3077025671954,-2.31457082926622,1845.97085648346,102.592449252674,0.710821037277502,1826.22467891231,254.8136013253,154.202943915932,1576.12320934017,-156.668579599958,194.15836849603,1576.70236438427,0,0,0,0,0,0
17659.1603965,1230,-0.015460298396647,0.0432545118033886,0,-31.1404765963828,-1.77792076244031,1845.78013052458,102.655098804843,1.23633730824714,1826.07300597177,254.876752979559,154.730760435237,1575.99104399508,-156.676968838483,194.779252437997,1576.64194349796,0,0,0,0,0,0
17659.1710509,1233,-0.0157421175390482,0.0429760687053204,0,-31.0801179696939,-1.57838035756017,1845.69838188758,102.653189799804,1.50907267315335,1825.97627108573,254.91256119528,154.996477762308,1575.92777881515,-156.693568580591,195.037897909114,1576.6009528255,0.357600003480911,0.00310000008903444,0.933899998664856,0,0,0
17659.1816259,1236,-0.0152300503104925,0.0408300444483757,0,-31.0801964429673,-0.480987509127712,1845.38372946186,102.740829262143,2.52842254073752,1825.55620809732,254.708282164988,156.598028540519,1575.49446214534,-156.714731239704,196.27593767221,1576.40906993691,0,0,0,0,0,0
17659.1921595,1239,-0.0146717568859458,0.0411255829036236,0,-31.1624956009376,-0.38874912939492,1845.37011498902,102.712075445701,2.65134284027477,1825.5040546955,254.688208867802,156.711420666198,1575.46667413911,-156.723305111953,196.407388662125,1576.41938752037,0,0,0,0,0,0
17659.2058845,1242,-0.0154488692060113,0.0407327696681023,0,-31.1121330105374,-0.275383694851259,1845.32206642765,102.693875723692,2.76355673469929,1825.45272815867,254.673913221024,156.835704235282,1575.4323040848,-156.734482116836,196.521999367926,1576.39765146864,0.368900001049042,0.0179999992251396,0.929300010204315,0,0,0
17659.2164867,1245,-0.0148611040785909,0.0390243738889694,0,-31.126346967602,0.302610126675468,1845.08983702754,102.708392537334,3.5009096755924,1825.12808371545,254.635275580516,157.792270050178,1575.19372703325,-156.958385933623,197.265575472661,1576.38383376753,0.363000005483627,0.062100000679493,0.929700016975403,0,0,0
17659.2270381,1248,-0.0147047592326999,0.038299335539341,0,-30.9652973328317,0.888669794119978,1844.82744479113,102.807381745888,4.0176123733611,1824.92491608103,254.542274002197,158.524346745226,1574.99336673933,-157.017134452764,197.960503225615,1576.29773516541,0,0,0,0,0,0
17659.2436477,1251,-0.0141627294942737,0.038679650425911,0,-30.9770019173898,0.998398946287095,1844.80718021096,102.817767306942,4.11022460494752,1824.87726631583,254.53412665071,158.656409314108,1574.9592531724,-157.040362811811,198.122732019527,1576.28025909613,0.372099995613098,0.0813999995589256,0.924600005149841,0,0,0
17659.2542013,1254,-0.0149671817198396,0.038447330147028,0,-30.9202199899328,1.47483994293015,1844.66898271407,102.803479595307,4.6929628928737,1824.63612941227,254.368027434895,159.392210791319,1574.76725479805,-157.148632830179,198.722295425433,1576.15801730348,0,0,0,0,0,0
17659.2647965,1257,-0.0147785851731896,0.0381891526281834,0,-30.8358804941572,1.81952242908359,1844.55855298803,102.882395961966,5.08652499314421,1824.4890017755,254.267309304796,159.971671845763,1574.60142944465,-157.271808240851,199.097780270319,1576.10785137093,0,0,0,0,0,0
17659.2764294,1260,-0.0140627613291144,0.0378202632069588,0,-30.7893321750483,1.91982357953427,1844.53821422828,102.916798155937,5.19129155503209,1824.43151873979,254.240667645881,160.116999376493,1574.55766403468,-157.309591923628,199.215225843896,1576.10714008966,0.361099988222122,0.19650000333786,0.91159999370575,66.4000015258789,24.0400009155273,219.410003662109
17659.2870202,1263,-0.0146724488586187,0.0374145194888115,0,-30.6422607071836,2.76540544811375,1844.3680578713,102.986560857563,6.20719958220946,1824.15899456991,254.034423426012,161.228150753793,1574.32213498486,-157.658341551027,200.313204006797,1576.07072332003,0,0,0,0,0,0
17659.2976304,1266,-0.0143088148906827,0.0385441988706589,0,-30.7108560730182,3.09235098099518,1844.34963543236,102.960696846904,6.5393388048977,1824.06830429907,253.949459663072,161.769785708689,1574.20773270786,-157.761506447601,200.667900467904,1576.04382982241,0,0,0,0,0,0
17659.3083913,1269,-0.0141838602721691,0.0362656846642494,0,-30.6427470499637,3.49102634747248,1844.30792568978,102.970191802031,7.07206464469207,1823.95036243682,253.762920470539,162.405235263268,1574.12363799254,-157.815377420117,201.169397383284,1576.00481598088,0.406100004911423,0.160300001502037,0.899699985980988,78.1600036621094,13.5,216.020004272461
17659.3190404,1272,-0.013933677226305,0.0364484548568726,0,-30.6367705934704,3.72114990941911,1844.27723082265,103.059524343481,7.25519770402937,1823.95036982931,253.67825934298,162.664512144505,1574.08182181618,-157.876219983872,201.442363061437,1576.00552490096,0,0,0,0,0,0
17659.3296922,1275,-0.0132651226595044,0.036722606420517,0,-30.5619318358652,4.16762442025344,1844.26564326898,103.085172062081,7.77363334852179,1823.90107668412,253.535812336349,163.112027724132,1574.03652126731,-158.063799278972,201.88823410502,1576.04648893744,0.397300004959106,0.183200001716614,0.899200022220612,75.9499969482422,19.7600002288818,216.240005493164
17659.3406096,1278,-0.0133575676009059,0.0356866106390953,0,-30.605133628362,4.37926889691146,1844.29139690734,103.061502778885,8.024547347496,1823.88282867962,253.445385624935,163.357857476026,1574.02539201814,-158.173181809778,202.099731077479,1576.05123877784,0,0,0,0,0,0
17659.3559961,1281,-0.0137494774535298,0.0353450313210487,0,-30.6286050052888,4.50394746308451,1844.28746014608,103.050113345201,8.12948314947805,1823.86461771555,253.426348673013,163.511468313426,1574.02157645248,-158.222369764943,202.208304221499,1576.09917645788,0.345600008964539,0.217700004577637,0.912800014019012,0,0,0
17659.3665877,1284,-0.0135895935818553,0.0353334531188011,0,-30.6000350077927,5.05545548703081,1844.2154576025,102.932124495158,8.78365773052547,1823.76134764167,253.308488381983,164.251013989045,1573.96320620492,-158.470344357779,202.748245623066,1576.21758713975,0,0,0,0,0,0
17659.3923987,1287,-0.0127481715753675,0.0342061579227448,0,-30.6198553494548,5.15712893582135,1844.20358257774,102.89642509887,8.92205211626788,1823.73536726614,253.280611075683,164.390487818012,1573.95584282262,-158.538459490926,202.877521519072,1576.26262702729,0.381000012159348,0.118299998342991,0.916999995708466,71.870002746582,2.78999996185303,221.149993896484
17659.4030404,1290,-0.0133307529613376,0.0338275566697121,0,-30.7908491400952,5.74140644074203,1844.21776708751,102.829332192945,9.60844723801783,1823.58947342806,252.952007032085,165.04919569126,1573.87275786906,-158.788979741845,203.455409707598,1576.19913560641,0,0,0,0,0,0
17659.4147314,1293,-0.0136280879378319,0.0335208684206009,0,-30.8059355441762,5.84185657408827,1844.22355974983,102.829177367943,9.71327167242203,1823.58753648991,252.871928176112,165.187879343473,1573.85768029151,-158.808053506609,203.581546759929,1576.20093548564,0.383100003004074,0.174999997019768,0.907000005245209,72.4100036621094,18.1700000762939,218.300003051758
17659.4253659,1296,-0.0136917503550649,0.0327689707279205,0,-30.882294271687,6.95800291968294,1844.08561669305,102.663554850753,10.9645107443989,1823.48584401357,252.443090472972,166.728972543194,1573.84144404036,-159.254700195927,204.720663359817,1576.1574650509,0,0,0,0,0,0
17659.4360098,1299,-0.0134299518540502,0.0324276298284531,0,-30.98576925289,7.61878242395963,1844.05619006486,102.630078663925,11.7207749839413,1823.5168950699,252.144186934386,167.656895590478,1573.80401417024,-159.606036556999,205.349113509763,1576.09288745738,0,0,0,0,0,0
17659.4557814,1302,-0.0136986076831818,0.0328129142522812,0,-31.0840795841598,7.69806302256349,1844.06072172411,102.617464899596,11.8130713316897,1823.51577840162,252.102233306534,167.82194615801,1573.7935120605,-159.699773521236,205.436175075841,1576.10370775029,0.43520000576973,0.160799995064735,0.885800004005432,86.9700012207031,14.1800003051758,212.940002441406
17659.4664027,1305,-0.0138006638735533,0.0325058981776238,0,-31.2281845866175,8.11875236155616,1844.00141552945,102.393264021558,12.4254436958889,1823.47265312252,251.783160584501,168.526460089285,1573.80571449471,-159.832006785664,205.884992706795,1576.04664865932,0,0,0,0,0,0
17659.4770389,1308,-0.0139964316040277,0.031193120777607,0,-31.4786709455014,8.61565050278342,1843.89269151903,102.128941925152,13.1305033922225,1823.40051805424,251.689142112557,169.446416127665,1573.96316795596,-160.065587781289,206.473463126244,1575.95041100996,0,0,0,0,0,0
17659.507612,1311,-0.0141395507380366,0.0306997284293175,0,-31.5474628331834,8.69451508823189,1843.86282011136,102.125279997977,13.2282380666252,1823.39250841879,251.651845707176,169.613164005805,1573.97625211995,-160.123543832109,206.586408238697,1575.93062641515,0.446000009775162,0.160699993371964,0.880500018596649,89.9700012207031,14.25,211.699996948242
17659.5183138,1314,-0.0138914808630943,0.0325923696160317,0,-31.8385952122213,9.19247464500285,1843.7578042286,101.911403246698,13.7311273089491,1823.37815911115,251.412069375566,170.308464396923,1574.10901413202,-160.419490349198,207.06084773831,1575.86730086561,0,0,0,0,0,0
17659.5289434,1317,-0.0140522560104728,0.0289931878447533,0,-32.1545454374587,9.70835919039623,1843.64497706329,101.447399789635,14.3948796308273,1823.34553901025,251.134909961287,171.077504428004,1574.22955994635,-160.641261031372,207.592156830846,1575.82267229319,0,0,0,0,0,0
17659.558492,1320,-0.0140781430527568,0.0288358762860298,0,-32.2505324447514,9.8095239779671,1843.6432027039,101.350002793807,14.5069946852927,1823.30294386841,251.114578126931,171.242135684309,1574.25474900879,-160.663705531859,207.674933609634,1575.80839995528,0.384999990463257,0.162000000476837,0.908599972724915,73.4300003051758,14.6599998474121,219.399993896484
17659.5690771,1323,-0.0141107169911265,0.0283814579248428,0,-32.6121644930159,10.2331719890536,1843.50827949742,100.998418724126,14.9575135722262,1823.36650835876,250.818467470775,171.986521800758,1574.35016162817,-160.998995584054,208.231126552778,1575.81034189376,0,0,0,0,0,0
17659.5796444,1326,-0.0143553735688329,0.027050344645977,0,-33.1669851437409,10.8489173396966,1843.36588520741,100.488467883397,15.4207914789912,1823.39129538975,250.516950019957,172.627960363657,1574.54219991948,-161.393944388712,208.866860059746,1575.73879695257,0,0,0,0,0,0
17659.59022,1329,-0.0135075747966766,0.0265992417931557,0,-33.224741860876,10.9151135300656,1843.33207630108,100.388620696437,15.5155016985216,1823.35344762411,250.473311153617,172.726604047624,1574.56675977926,-161.425214252643,208.959674998043,1575.71148241585,0.501399993896484,0.215299993753433,0.837999999523163,105.169998168945,29.0300006866455,199.720001220703
17659.600733,1332,-0.0130810029804707,0.0243170097470284,0,-33.7211350540235,11.3438514224269,1843.26520811506,100.038767930647,15.9206231708083,1823.27796029316,250.212779219524,173.214552892346,1574.58567681136,-160.157570238298,209.280290952271,1574.96359141876,0,0,0,0,0,0
17659.6113894,1335,-0.0136634018272161,0.0244626387953758,0,-34.2090176682191,11.8933936558817,1843.10873995786,99.5382950098882,16.5149891324224,1823.17440783078,249.799131096317,173.899989936151,1574.5385039667,-160.03786228063,209.941681665189,1574.61911628894,0,0,0,0,0,0
17659.6220679,1338,-0.0126934796571732,0.0255080968141556,0,-34.6529403807797,12.4455730474822,1842.99358064574,99.0753451448345,16.963857764681,1823.14222851398,249.381876956298,174.427895067675,1574.48457067132,-159.8253095092,210.708477329532,1574.1948002285,0,0,0,0,0,0
17659.6399795,1341,-0.0132977133616805,0.0248427599668503,0,-34.7404762300067,12.5160248726086,1842.98708982188,98.9690975964426,17.0451881863124,1823.12127946687,249.343385703643,174.483646254973,1574.48412999771,-159.949537485841,210.825465122706,1574.18757032515,0.559099972248077,0.334300011396408,0.758700013160706,124.879997253418,63.8699989318848,184.740005493164
17659.6505807,1344,-0.0128419334068894,0.023584908246994,0,-35.155157364936,12.913876462676,1842.91979480444,98.5511154395544,17.4242557390885,1823.06586616067,249.038019913203,174.751297554451,1574.46644393564,-160.337014441904,211.263363138193,1574.09399428529,0,0,0,0,0,0
17659.6611366,1347,-0.0121889282017946,0.0227534234523773,0,-35.6461783227239,13.3584864103102,1842.87301947118,98.083731193725,17.880229819456,1822.94309297217,248.592633652184,175.142040156333,1574.47749865585,-160.664038167422,211.779762321514,1573.96795189216,0,0,0,0,0,0
17659.6728663,1350,-0.0123747233301401,0.0237271696329117,0,-35.7070206745394,13.4146401360638,1842.87333521036,97.9818536344627,17.9476198342706,1822.92879847732,248.505020779843,175.218132466585,1574.46223092651,-160.715920857698,211.86129944976,1573.93925984696,0.535000026226044,0.392399996519089,0.748199999332428,117.73999786377,80.0599975585938,181.479995727539
17659.6834929,1353,-0.0115490406751633,0.021203225851059,0,-36.2462305528795,13.9176025312195,1842.76345849464,97.368431146789,18.3213335183502,1822.86543781552,247.933829951108,175.791980942794,1574.45616958189,-161.270978459788,212.539378727177,1573.83599425086,0,0,0,0,0,0
17659.6940451,1356,-0.0117018194869161,0.0203068315982819,0,-36.482967963122,14.1002612188989,1842.71716817923,97.1051349584454,18.5156133490475,1822.79431690847,247.71416018698,175.993481000179,1574.4828182181,-161.467319761135,212.717624815208,1573.82784745268,0,0,0,0,0,0
17659.7066402,1359,-0.0123931132256985,0.021311542391777,0,-36.7556701442285,14.2646483970477,1842.67917206607,96.8969396271761,18.6416580133929,1822.76825759434,247.508547652838,176.183111182673,1574.50142541664,-161.618210464671,212.926078449093,1573.83139191141,0,0,0,0,0,0
17659.717164,1362,-0.0119195366278291,0.0195090159773827,0,-36.943369023938,14.4121379714505,1842.59716219452,96.7211660368184,18.7813604809351,1822.71976747543,247.247119151451,176.353273492729,1574.5370285348,-161.832798763695,213.060156296418,1573.86863448563,0,0,0,0,0,0
17659.7301717,1363.2,-0.0123468674719334,0.0185986965894699,0,-37.0019143466328,14.4509924183977,1842.58017219327,96.6386566790299,18.8274456305107,1822.71411734534,247.18122335,176.404038952825,1574.54442266662,-161.961100607147,213.088673242143,1573.91796005359,0.44650000333786,0.305500000715256,0.841000020503998,0,0,0
17659.7409013,1360.2,-0.0115613872185349,0.0190739318728447,0,-37.1809064682629,14.5459763064444,1842.56995853307,96.4785314328345,18.8981992076646,1822.69336982015,247.06190218704,176.492523176534,1574.56826526328,-162.134889475948,213.218649184501,1573.93306615439,0,0,0,0,0,0
17659.7666366,1357.2,-0.0125467516481876,0.0174964651465416,0,-37.2294364073169,14.5774380220199,1842.56540374834,96.3855536055058,18.9423411120334,1822.67924907944,246.985016234445,176.536914937334,1574.59074906661,-162.22788632176,213.243355188689,1573.95329585225,0.317099988460541,0.305299997329712,0.897899985313416,0,0,0
17659.7773016,1354.2,-0.0123835392296314,0.0161975681781769,0,-37.8706257616116,14.7913462297157,1842.52121844526,95.8436207693068,19.1092033303096,1822.58723657825,246.642631389232,176.894609437731,1574.68434611187,-162.658335909998,213.628476306561,1573.93318385716,0.508199989795685,0.270799994468689,0.817600011825562,0,0,0
17659.7879179,1351.2,-0.0126932002604008,0.0142360240221024,0,-38.33523329915,14.957891747134,1842.41951504661,95.3605279790135,19.1897129673575,1822.50583122695,246.330730249307,177.257482072482,1574.76119041662,-163.024987674599,213.782473176984,1573.89630360887,0,0,0,0,0,0
17659.7985172,1348.2,-0.0134142907336354,0.0139100611209869,0,-38.7612623866709,15.0925578380678,1842.29018014024,94.9130250519534,19.3039632155556,1822.3693653558,246.020685118698,177.576785315084,1574.80913146634,-163.237386823793,213.907187043091,1573.71848344741,0,0,0,0,0,0
17659.8090761,1345.2,-0.0140515994280577,0.0144574850797653,0,-39.410709464099,15.1887633421944,1841.93143133148,94.2934216757613,19.3666091309883,1822.11679397152,245.587100007451,178.130726729059,1574.93105592302,-163.695161591569,214.206981331896,1573.41977964335,0.385399997234344,0.3783999979496,0.841600000858307,104.779998779297,82.120002746582,188.300003051758
17659.8195933,1342.2,-0.0142314834520221,0.0118622019886971,0,-39.602620844771,15.1670328936827,1841.83719349819,94.1553931607473,19.3604652289454,1822.06531229251,245.466814135166,178.281177346763,1574.9551624612,-163.714170807942,214.315310568788,1573.29784770094,0,0,0,0,0,0
17659.8302325,1339.2,-0.0154674965888262,0.00982302278280259,0,-39.9891505535783,15.1432769262793,1841.55205919814,93.7682267960276,19.3798393417565,1821.86992363057,245.204935863584,178.590983487812,1574.98559514264,-164.037247521647,214.346667675034,1573.13714218199,0,0,0,0,0,0
17659.8409718,1336.2,-0.0142045179381967,0.0112735539674759,0,-40.0761950154522,15.1419522056878,1841.49321514697,93.7257361639951,19.3736195814488,1821.84810326301,245.165936913634,178.660167601356,1574.99323838455,-164.113380961267,214.33441161193,1573.10664801434,0,0,0,0,0,0
17659.8547648,1333.2,-0.0150554589927197,0.0101047143340111,0,-40.1215136367144,15.1411608896507,1841.41332737252,93.614148925077,19.4181531530842,1821.78474066021,245.110417714692,178.712892334636,1575.006958965,-164.147855908597,214.346110674345,1573.05461371399,0.498100012540817,0.374000012874603,0.782299995422363,108.690002441406,75.5500030517578,192.330001831055
17659.865559,1330.2,-0.0150748593732715,0.0104371294379234,0,-40.78952064752,15.0456568324803,1840.92614224392,93.10057731386,19.4877234768769,1821.47781365617,244.827611590862,179.224113917808,1575.12537262301,-164.533378420751,214.497921595267,1572.78232209766,0,0,0,0,0,0
17659.9025596,1327.2,-0.0149817718192935,0.00918645262718201,0,-40.8858653563481,15.0391191037287,1840.86243972727,93.0346056511919,19.5006139120319,1821.44357376442,244.76945099814,179.295596884857,1575.12959130704,-164.569723733625,214.540008296694,1572.73848439714,0.523100018501282,0.335900008678436,0.78329998254776,0,0,0
17659.9131418,1324.2,-0.0150013081729412,0.0092504307627678,0,-41.3864015882374,14.9971782755696,1840.32373038442,92.4738223889005,19.5712659133429,1821.16220381338,244.386956681015,179.80385958079,1575.23249188198,-165.009991529066,214.756469058143,1572.53461161676,0,0,0,0,0,0
17659.9236919,1321.2,-0.0155351515859365,0.00921850502490998,0,-41.5469853582685,15.0166112100619,1840.15933804264,92.2173458869108,19.5861322136844,1821.09208791364,244.279182366792,179.966706367739,1575.23572708365,-165.19816809243,214.777577839652,1572.49995530934,0,0,0,0,0,0
17659.9343677,1318.2,-0.0137829976156354,0.0112669602036476,0,-41.96679292301,15.0618155055166,1839.93960350731,91.7914640704232,19.623736667405,1820.95823328652,243.955324326693,180.351279994144,1575.20083698449,-165.521159835394,214.859848729648,1572.46500208653,0,0,0,0,0,0
17659.9512894,1315.2,-0.0134388580918312,0.0118642807006836,0,-42.0240660892205,15.080391378812,1839.92068531656,91.7288359199066,19.6302999968124,1820.92497531828,243.886816120069,180.41240101746,1575.18827023009,-165.577715740526,214.884450874743,1572.4584673602,0.557600021362305,0.337799996137619,0.758300006389618,128.309997558594,66.870002746582,189.589996337891
17659.9619778,1312.2,-0.0132460212334991,0.0125186130404472,0,-42.2750346203974,15.09004516681,1839.86354441281,91.5623488645845,19.5841609987133,1820.89328332539,243.57922785969,180.742171379078,1575.15700386852,-165.926285709986,214.983765860461,1572.54164101983,0,0,0,0,0,0
17659.9724924,1309.2,-0.0125771192833781,0.0135434553027153,0,-42.4225592245067,15.134959498719,1839.87433019978,91.4381392789203,19.6052798603541,1820.85826076974,243.409410514357,180.89465813734,1575.14232890086,-166.113856327184,215.003365796209,1572.61922370827,0,0,0,0,0,0
17659.98306,1306.2,-0.0125455874949694,0.0145157635211945,0,-42.6294486158416,15.1525777284645,1839.90512010537,91.3686721887616,19.5790251931015,1820.86753698191,243.257552642721,180.998933791323,1575.15555535446,-166.267291116693,215.072077930764,1572.70056768079,0,0,0,0,0,0
17659.9936427,1303.2,-0.0118524236604571,0.0130152389407158,0,-42.8522198624022,15.2323881090422,1840.02962681663,91.1820036832049,19.6437722068969,1820.88209589087,242.969573639217,181.13589237793,1575.21708164375,-166.528340347176,215.128071306571,1572.90754084042,0,0,0,0,0,0
17660.006841,1300.2,-0.0120302094146609,0.0139529913663864,0,-42.9457005558529,15.2700354382783,1840.10179518344,91.0920429727584,19.7235497633496,1820.88183019869,242.842398564195,181.192588297722,1575.28164236036,-166.62061849479,215.204181384608,1572.98663705384,0,0,0,0,0,0
17660.0174088,1297.2,-0.0120121967047453,0.0137200117111206,0,-43.0211095702964,15.3394466256576,1840.16001474438,91.0029183284103,19.7976904067599,1820.86768280914,242.704641289758,181.24893300694,1575.34297533353,-166.67917094812,215.243175543904,1573.0497919283,0,0,0,0,0,0
17660.0356563,1294.2,-0.0119410427287221,0.0123345091938973,0,-43.0250137782655,15.3449113367576,1840.17623794508,90.9997770814105,19.8095503498862,1820.87336169509,242.647597819699,181.256806617293,1575.36011628277,-166.717203339807,215.253431585958,1573.07676740961,0.551500022411346,0.317200005054474,0.771499991416931,126.589996337891,60.9700012207031,193.570007324219
17660.0463919,1291.2,-0.0116552384570241,0.0131894707679749,0,-42.9839579338907,15.4273102855919,1840.26864340461,90.9136903564207,19.9664459968066,1820.87193881311,242.385093218547,181.332008842722,1575.41344664247,-167.044282497439,215.195848667987,1573.22261808607,0,0,0,0,0,0
17660.0569313,1288.2,-0.0115385036915541,0.0131775945425034,0,-42.9608071839967,15.5241207596346,1840.31015022458,90.9249275632419,20.080020598011,1820.92248764696,242.232861725756,181.340404806862,1575.41125581849,-167.181393486267,215.197127231276,1573.24704671617,0,0,0,0,0,0
17660.0674654,1285.2,-0.0110319526866078,0.0143475741147995,0,-42.889310717341,15.6054608474136,1840.37933621987,90.8701121380435,20.2208823317902,1820.92622579142,242.089981187541,181.353515160628,1575.38276228631,-167.379523270104,215.143468240773,1573.25278285991,0,0,0,0,0,0
17660.0780725,1282.2,-0.0119065158069134,0.0134131297469139,0,-42.9740251639276,15.6767737879929,1840.46321096631,90.8316368872614,20.3551066468931,1820.92836994032,241.958904169745,181.367496816092,1575.32679181947,-167.49512230439,215.12505055872,1573.20050185448,0,0,0,0,0,0
17660.0894947,1279.2,-0.0117914089933038,0.0141570702195168,0,-42.9202762121675,15.7127031879994,1840.46388805588,90.8147862676597,20.4194356620309,1820.93971067299,241.925675660008,181.366314294971,1575.30414692169,-167.532851103583,215.110388440452,1573.18488404635,0.578400015830994,0.309799998998642,0.754599988460541,134.839996337891,58.9799995422363,188.800003051758
17660.0999957,1276.2,-0.0113174878060818,0.0165691658854485,0,-42.9955396692134,15.8565069518205,1840.66181081708,90.7328816135657,20.6749536045688,1821.02066657179,241.616155118204,181.282720541687,1575.06129793379,-167.818704875392,215.066368636446,1573.01831983215,0,0,0,0,0,0
17660.1106985,1273.2,-0.0108460048213601,0.0180674254894257,0,-43.1512584964629,15.8886427109938,1840.754700532,90.5820082501789,20.7961611560674,1821.07351405805,241.395769822405,181.144694091632,1574.87620328497,-168.019288706633,215.082128450389,1572.86947962581,0,0,0,0,0,0
17660.1224961,1270.2,-0.010019289329648,0.0183991253376007,0,-43.1781619976075,15.8843493443931,1840.75955587384,90.5392588687921,20.8146566670532,1821.0793309058,241.344839018879,181.114503751762,1574.83917877043,-168.022920536886,215.103299614221,1572.85880129434,0.488200008869171,0.387899994850159,0.781799972057343,108.330001831055,80.5100021362305,195.880004882812
17660.1331089,1267.2,-0.00917780306190252,0.0211954474449158,0,-43.2928264071306,15.8811297456706,1840.75480097723,90.4118999654701,20.8055402500953,1821.08853428931,241.153553614408,180.96387136191,1574.73014209152,-168.098633099832,215.134443310891,1572.73809253504,0,0,0,0,0,0
17660.1674388,1264.2,-0.00975162163376808,0.0172597303986549,0,-43.343208689736,15.8868960331868,1840.76422574701,90.3818192822439,20.8086810269824,1821.07900322523,241.133636022841,180.933585085745,1574.72900368785,-168.151292912946,215.123156746319,1572.75499353996,0.452899992465973,0.402200013399124,0.795700013637543,98.4499969482422,84.7200012207031,200.139999389648
17660.1782288,1261.2,-0.00950304605066776,0.020129768550396,0,-43.5860421365266,15.817358272558,1840.67585300377,90.050407512615,20.6309814024552,1821.01868267803,240.899801726031,180.761874576531,1574.69188682575,-168.361811707172,215.044072782248,1572.73092171299,0,0,0,0,0,0
17660.1888367,1258.2,-0.0100621515884995,0.0193251207470894,0,-43.7525119546704,15.7677474816319,1840.6405096782,89.8783169076464,20.5841738266811,1820.978248065,240.851564974519,180.705815323135,1574.70565065834,-168.44874285402,214.982404630697,1572.7610813041,0,0,0,0,0,0
17660.1994726,1255.2,-0.00970760453492403,0.01985023021698,0,-44.0820066927577,15.6510283096953,1840.60676451631,89.6057944211874,20.3906078224447,1820.96935179862,240.685015020447,180.603732583467,1574.75021739978,-168.572554134819,214.867450969533,1572.78289302819,0,0,0,0,0,0
17660.2100028,1252.2,-0.00973527878522873,0.0200322329998016,0,-44.2081063579563,15.5627883249619,1840.63010624147,89.5112016616119,20.2525228141461,1820.99409335364,240.616188730758,180.534382653245,1574.77842867673,-168.723126268254,214.73315226805,1572.84826378684,0,0,0,0,0,0
17660.2206077,1249.2,-0.010065458714962,0.0206142425537109,0,-44.3156562336882,15.5156237761043,1840.65808877778,89.3986467560162,20.1743625446041,1821.02793000066,240.590565974364,180.466476570054,1574.82328199704,-168.756229187948,214.617187985617,1572.83731604049,0,0,0,0,0,0
17660.2312207,1246.2,-0.0100066475570202,0.0197161123156548,0,-44.5696776508061,15.311721729861,1840.74643463195,89.1442497564474,19.9031712203741,1821.17171026396,240.438722745419,180.171738652106,1574.87687290972,-169.067145808151,214.203895058937,1572.89085191902,0,0,0,0,0,0
17660.2417422,1243.2,-0.00917622540146112,0.0231205582618713,0,-44.6346601040092,15.2205178436499,1840.78811146585,89.0956732164616,19.8104281197249,1821.24567352806,240.345625048513,179.975974459753,1574.87294553702,-169.028879872905,214.07370643206,1572.83409358883,0,0,0,0,0,0
17660.2522737,1240.2,-0.011043262667954,0.0188766479492188,0,-44.6652936519652,15.1789380670398,1840.8220758446,89.0497555599801,19.7862256504754,1821.25586278706,240.326080749539,179.88734715762,1574.87068530117,-169.070524319211,214.020486724386,1572.84014918161,0,0,0,0,0,0
17660.2628426,1237.2,-0.0106173222884536,0.0209516942501068,0,-44.8336069639132,15.0598243665987,1840.88793086341,88.9745647761592,19.6397536853507,1821.37129904597,240.258268808973,179.586064386217,1574.86556020812,-169.131241834979,213.822433997322,1572.8206068251,0.45100000500679,0.311100006103516,0.836600005626678,98,59.5699996948242,211.509994506836
17660.2734385,1234.2,-0.0115616740658879,0.0204164296388626,0,-44.9994973618719,14.869071321319,1840.92249548025,88.8664508016835,19.4249313781955,1821.50137489255,240.219983257513,179.163664545095,1574.84650378674,-169.161002388049,213.573256383561,1572.74987078055,0,0,0,0,0,0
17660.3011083,1231.2,-0.00990555342286825,0.0226647466421127,0,-44.9933811521373,14.8282896171544,1840.9174891031,88.8084988401415,19.3646087596445,1821.49009439871,240.229760145384,179.087491511297,1574.85360227422,-169.231876519699,213.469796445749,1572.75903081952,0.36379998922348,0.371800005435944,0.853999972343445,0,0,0
17660.3117958,1228.2,-0.0105309654027224,0.0221837744116783,0,-45.2285766411289,14.5805826877054,1840.92589290821,88.6553280638693,19.0450486332816,1821.51868439858,240.1066770532,178.610387706574,1574.81846601836,-169.339078041881,213.132504415026,1572.66115805317,0,0,0,0,0,0
17660.3225537,1225.2,-0.0112995021045208,0.0232483953237534,0,-45.5442641862355,14.1913753173936,1840.89091285253,88.3521402670154,18.6053024069454,1821.52741444579,239.949300360976,177.986672273205,1574.7654158773,-169.259388522311,212.801613364533,1572.48717010866,0,0,0,0,0,0
17660.3342784,1222.2,-0.0111135607585311,0.0233970493078232,0,-45.5562804684701,14.1146719898328,1840.85874415686,88.2978396890036,18.5179747254101,1821.51955826168,239.960419999829,177.875941358237,1574.76843523169,-169.277550319449,212.733848119786,1572.48581414164,0.343699991703033,0.430099993944168,0.834800004959106,0,0,0
17660.3471498,1219.2,-0.0104680014774203,0.0229001253843308,0,-45.6454592143674,13.993910213395,1840.83966787064,88.1887695650628,18.3502070721466,1821.50471910043,239.926664715484,177.628048322559,1574.75569745124,-169.302629268665,212.639172799368,1572.46482771498,0,0,0,0,0,0
17660.3577121,1216.2,-0.0111493580043316,0.0253513962030411,0,-46.2071814903284,13.2879471307576,1840.68534493541,87.7363341975491,17.3852563296372,1821.4020105208,239.926796325509,176.467918513918,1574.80486436605,-169.269502330288,212.30849001349,1572.38750376591,0,0,0,0,0,0
17660.3683003,1213.2,-0.00980593264102936,0.0252719208598137,0,-46.4042132705374,13.0231878086088,1840.62732200049,87.5387635180204,17.0270601057647,1821.43486235763,239.934871328077,176.025601395466,1574.86639286535,-169.186817608152,212.251222013215,1572.37634538222,0,0,0,0,0,0
17660.3789323,1210.2,-0.0113345654681325,0.025494410097599,0,-46.5708045600254,12.7014483824327,1840.52305458936,87.1550617891189,16.506158090022,1821.45428599754,239.961358736772,175.464969217003,1574.90247998766,-169.149609438814,212.101027267948,1572.43056389563,0.0644999966025352,0.375400006771088,0.924600005149841,142.759994506836,67.6999969482422,171.699996948242
17660.3896255,1207.2,-0.011698754504323,0.0253105521202087,0,-46.8040804355377,12.4005722229196,1840.5195573901,86.9792347750819,16.1515381969745,1821.37641168974,239.90776089209,175.02678664237,1574.89970699312,-169.132798868601,211.968918969875,1572.49072162595,0.593100011348724,0.342500001192093,0.728600025177002,135.369995117188,67.2699966430664,179.300003051758
17660.4002014,1204.2,-0.0120415398851037,0.0252980723977089,0,-47.142895142279,12.0504159643377,1840.54634138086,86.8454093570196,15.6267480371889,1821.3367438295,239.856326789349,174.488959858108,1574.90463913097,-169.125409322357,211.807778529818,1572.58752149781,0,0,0,0,0,0
17660.4107352,1201.2,-0.0113406619057059,0.027227333188057,0,-47.2805117069345,11.7317932741609,1840.50973180392,86.6853853298379,15.1739387321995,1821.32549983037,239.786547100837,174.068567285733,1574.92991960328,-169.178144699619,211.653058784416,1572.68583629591,0,0,0,0,0,0
17660.4214058,1198.2,-0.0110492035746574,0.0264077842235565,0,-47.3822762855999,11.4000907058888,1840.49885155701,86.465366795513,14.7224330466951,1821.26535762483,239.718796856475,173.635710836128,1574.93745551227,-169.233594135122,211.472891608939,1572.78348620738,0,0,0,0,0,0
17660.4319284,1195.2,-0.0115235894918442,0.0274052083492279,0,-47.4039883647217,11.2958831217019,1840.46808339799,86.4259638330543,14.5317276832981,1821.23892591089,239.702894832719,173.496053680102,1574.95561758868,-169.26462882008,211.403762776856,1572.81348496764,0,0,0,0,0,0
17660.4436429,1192.2,-0.0115653397515416,0.0280442818999291,0,-47.6262846587441,10.7217489342749,1840.49899935843,86.2627924789796,13.9146369667912,1821.16142915531,239.582375954864,172.753855889758,1574.99006974154,-169.450438803044,210.991993024068,1573.02642493884,0,0,0,0,0,0
17660.455491,1189.2,-0.0111278695985675,0.0272134453058243,0,-47.6229268323283,10.6022602555173,1840.51757002087,86.2352789105233,13.7968577602877,1821.13932300045,239.555066960498,172.644175947609,1574.98113999879,-169.455913374175,210.911060262121,1573.03918689471,0.577499985694885,0.393200010061264,0.715499997138977,130.889999389648,81.6500015258789,175.110000610352
17660.4662486,1186.2,-0.0104237347841263,0.0268889799714088,0,-47.5710762849946,10.3995872891697,1840.50722879999,86.2175371460405,13.4583353008621,1821.13839191071,239.513472518168,172.370923332043,1575.00058710265,-169.541424833376,210.744858493521,1573.10008881718,0,0,0,0,0,0
17660.4769224,1183.2,-0.0107552977278829,0.0277489185333252,0,-47.7891628495342,9.69487954924978,1840.6160651578,86.0690706144076,12.5923326782354,1821.11556547879,239.318512509852,171.481078063835,1574.99156017178,-169.775420548992,210.183350528633,1573.25083082072,0,0,0,0,0,0
17660.4937558,1180.2,-0.0110057154670358,0.0293168932199478,0,-47.8551430941453,9.56961425970874,1840.62994275971,86.0730712686431,12.4534999013472,1821.11223747142,239.262487838432,171.338305800545,1574.99049665441,-169.877487478728,210.051831702427,1573.289620705,-0.0136000001803041,0.45550000667572,0.890200018882751,0,0,0
17660.5043595,1177.2,-0.01130994502455,0.0274056255817413,0,-47.8392980496496,8.94018340355689,1840.69796723766,86.0780289759518,11.9212667881328,1821.05989038296,239.08939109815,170.76061591134,1574.89539126858,-169.961316773608,209.565656601053,1573.28229619267,0,0,0,0,0,0
17660.5151879,1174.2,-0.0107478722929955,0.0294910430908203,0,-47.7692983354499,8.50016871725322,1840.63075894942,86.0915136255098,11.5353152440676,1821.05239655156,239.0077206327,170.427702713312,1574.8477842836,-170.044842758677,209.223444636061,1573.29603113154,0,0,0,0,0,0
17660.5257737,1171.2,-0.0112540135160089,0.0296247288584709,0,-47.8539505274748,8.07522245370516,1840.63726545179,86.1150700491445,11.1047340009712,1821.06157580729,238.855812048123,170.051298196096,1574.81855783466,-170.119249762872,208.869713853092,1573.28174641734,0,0,0,0,0,0
17660.5363295,1168.2,-0.0117452396079898,0.029623581469059,0,-47.831770123405,7.58731283132088,1840.64292035291,86.0244166828727,10.7977463223558,1821.00733425435,238.694813933396,169.670269537869,1574.78497324809,-170.318014777277,208.422150016265,1573.3568943866,0,0,0,0,0,0
17660.5685401,1165.2,-0.0108692599460483,0.030384673178196,0,-47.8188183941938,7.45008064518838,1840.61215339899,86.0009341024236,10.6545472233239,1821.00154402012,238.642462353408,169.54519560664,1574.76001947344,-170.351375432001,208.276017315546,1573.36244279266,0.403699994087219,0.379700005054474,0.832400023937225,0,0,0
17660.5792796,1162.2,-0.0111340051516891,0.0310462549328804,0,-47.8521519660964,6.51101495495292,1840.48994403867,86.1062290343201,9.81580607164577,1820.89468117723,238.487641440947,168.955822561449,1574.69863844272,-170.534937642353,207.503298753814,1573.35992062255,0.304500013589859,0.234200000762939,0.92330002784729,0,0,0
17660.589886,1159.2,-0.0105530777946115,0.0325152933597565,0,-47.8790516082118,5.09806939426486,1840.38274970473,86.0001229891678,8.60881077494152,1820.66564386863,238.13369053574,168.082019328815,1574.65159183767,-170.776560669156,206.434773205422,1573.27394800935,0,0,0,0,0,0
17660.6004702,1156.2,-0.0109760398045182,0.0326573088765144,0,-48.0328483926057,3.76007670895136,1840.15683896182,85.8095095594788,7.58891359424166,1820.39882748461,237.872054809826,167.269919886339,1574.71269581635,-171.25848746717,205.295904405071,1573.38400145958,0,0,0,0,0,0
17660.6110185,1153.2,-0.0103511223569512,0.0331995621323586,0,-48.0250695286573,3.62142100370381,1840.13862113143,85.7808132431251,7.39064157353163,1820.37413980098,237.851514834729,167.185770382247,1574.72848042232,-171.261277940356,205.173937174053,1573.3548540258,0,0,0,0,0,0
17660.6215953,1150.2,-0.0102239530533552,0.0345241039991379,0,-48.2077254484315,2.89413699273579,1840.08020753269,85.6242562833068,6.69947800211698,1820.35118969472,237.698200682641,166.732985576313,1574.83391904844,-171.457316482421,204.57389687704,1573.45351193199,-0.0667999982833862,0.222599998116493,0.972599983215332,-52.4799995422363,41.3800010681152,280.619995117188
17660.6321858,1147.2,-0.0102926809340715,0.034165745973587,0,-48.320766726319,2.24713397532108,1840.02668706897,85.5084454896422,6.03521518447895,1820.27924405492,237.451549935212,166.228963697956,1574.96532556014,-171.6089517428,204.014825000168,1573.49311205351,0,0,0,0,0,0
17660.6428135,1144.2,-0.00955598056316376,0.035046099126339,0,-48.4714617146044,1.671118276721,1840.03584955028,85.4497837718597,5.62949175082391,1820.28115266085,237.33539724208,165.891631018256,1575.06655741782,-171.807695365911,203.534814281371,1573.56101160998,0,0,0,0,0,0
17660.6533319,1141.2,-0.0108480416238308,0.0333147928118706,0,-48.5691564851032,1.51355856889982,1840.04221913304,85.4077315929332,5.45362018168422,1820.2986229441,237.251964164701,165.756411315683,1575.09894958547,-171.765324607023,203.449517988489,1573.52485650929,0,0,0,0,0,0
17660.6670518,1138.2,-0.00944211706519127,0.033847188949585,0,-48.7058694717403,0.533767088326985,1840.01092833151,85.0417110752728,4.42609137533212,1820.26421547422,236.922846079207,165.109561327892,1575.23139264139,-172.186132728792,202.496935558377,1573.68008130846,0,0,0,0,0,0
17660.6777527,1135.2,-0.00985343381762505,0.0344251975417137,0,-48.712546760854,0.362439411726665,1840.0179701799,84.9637968358095,4.30653665279662,1820.21864882264,236.877457041634,164.988007569388,1575.24897942785,-172.229409883978,202.346774671927,1573.68051686815,0.160899996757507,0.0108000002801418,0.986899971961975,0,0,0
17660.6884077,1132.2,-0.00951346661895514,0.0346631467342377,0,-48.9277449832631,-0.544791596266039,1839.99819356557,84.8238795303892,3.53490196893321,1820.1633368072,236.574578534102,164.197990072509,1575.39788252581,-172.413554406365,201.626683543521,1573.76862758527,0,0,0,0,0,0
17660.7017875,1129.2,-0.00900744646787643,0.0350639060139656,0,-49.0464744143402,-0.724472708093462,1840.00595361298,84.7691624136289,3.36872664920041,1820.17217924352,236.536976201333,164.097790766928,1575.43037997739,-172.500711450726,201.457386868899,1573.81987054189,0.165800005197525,0.059799998998642,0.984399974346161,0,0,0
17660.7123088,1126.2,-0.0086585758253932,0.0344049617648125,0,-49.309899589905,-1.55745704556176,1840.01510218839,84.4612878199064,2.45123875880066,1820.2297057805,236.360241809555,163.52665282882,1575.53798675625,-172.731429512209,200.703033030114,1573.89361528937,0,0,0,0,0,0
17660.7229014,1123.2,-0.00807790365070105,0.0359721392393112,0,-49.5267552580048,-2.40181847835913,1839.96088104597,84.3645691747216,1.72488619868075,1820.27771070772,236.081407694957,162.754218887483,1575.59664116255,-173.047522459614,199.924100789945,1573.98299487938,0,0,0,0,0,0
17660.7335985,1120.2,-0.00835548806935549,0.0363658353686333,0,-49.5502715849343,-2.57690407747018,1839.93956574298,84.2777039575508,1.57103373216526,1820.25718547974,236.043770716486,162.597936816964,1575.62145080646,-173.079284320915,199.795485679694,1573.98099773064,0,0,0,0,0,0
17660.7441707,1117.2,-0.00765257468447089,0.0368739649653435,0,-49.9991138436686,-3.69049736847496,1839.89259099479,83.8462674095229,0.510229815019636,1820.21397902828,235.910917835447,161.672342935326,1575.76596073314,-173.229441737939,199.013737652726,1574.00880283369,0,0,0,0,0,0
17660.7603542,1114.2,-0.0083245187997818,0.0363804161548615,0,-50.0148796586787,-3.86570526722773,1839.86153903063,83.8014835395989,0.322204049246363,1820.18391190827,235.816872818582,161.50588383025,1575.77551830562,-173.29739098521,198.860318866419,1574.01319317144,0.150700002908707,0.0710999965667725,0.986000001430511,0,0,0
17660.7709771,1111.2,-0.00698499428108335,0.0387417435646057,0,-50.2461070262194,-4.76007037296594,1839.76358203349,83.5713407765424,-0.58704968722678,1820.17875188081,235.572430342426,160.79098208688,1575.8684093783,-173.527104862736,198.132537294587,1574.07815721002,0,0,0,0,0,0
17660.7821259,1108.2,-0.00796834751963615,0.0378543831408024,0,-50.3738455149196,-4.93746920300321,1839.7627979731,83.4794507005682,-0.842648806803219,1820.18812877183,235.503467156026,160.662350382827,1575.87928426994,-173.589416579716,198.011038812739,1574.08747357381,0.143099993467331,0.0288999993354082,0.989300012588501,0,0,0
17660.7926739,1105.2,-0.00715572945773602,0.0387843385338783,0,-50.6484842623742,-5.78223231091641,1839.63480235699,83.0861951039872,-1.69080965885932,1820.07313366067,235.260457500324,159.963189122767,1575.9608936229,-173.854188984501,197.326622220875,1574.15821212809,0,0,0,0,0,0
17660.8032756,1102.2,-0.00692613516002893,0.0396307766437531,0,-51.1544163700879,-6.81164346232006,1839.49541410256,82.6933227622592,-2.79359262242956,1819.90657658163,234.959219109487,159.04236868747,1576.05072650587,-174.067000853258,196.706735130542,1574.2051520089,0,0,0,0,0,0
17660.8151143,1099.2,-0.00734357768669724,0.0402074366807938,0,-51.2481049356265,-7.01622790160847,1839.47482001078,82.6336831955709,-2.97751233652475,1819.92331497372,234.918456727294,158.884352892065,1576.06515088958,-174.060024888175,196.621875475474,1574.19774733856,0.145799994468689,0.0417000018060207,0.988399982452393,0,0,0
17660.8257578,1096.2,-0.00620848778635263,0.03963772803545,0,-51.5568649516131,-7.82259609253329,1839.39564819618,82.2674403116715,-3.70968222399848,1819.77103145505,234.672097510692,158.161554882156,1576.13826586834,-174.343976673005,195.978899948764,1574.33772632865,0,0,0,0,0,0
17660.8363238,1093.2,-0.00704526109620929,0.0417578168213368,0,-51.6905432371062,-8.35129358520303,1839.35440192225,82.0972225919162,-4.37628000767017,1819.78719539583,234.575168701916,157.729313690337,1576.23058082991,-174.407698842115,195.599070541218,1574.35206600123,0,0,0,0,0,0
17660.8468333,1090.2,-0.00685930205509067,0.0411001168191433,0,-51.967985832287,-8.8824644605,1839.30752835711,81.8984228572428,-5.00972206694045,1819.78862855851,234.445756687553,157.209272715773,1576.32055627936,-174.501009248958,195.291803534095,1574.40899138617,0,0,0,0,0,0
17660.8575355,1087.2,-0.00675105070695281,0.042606408149004,0,-52.1540762354447,-9.36311571984697,1839.25535656324,81.7157921883835,-5.52562712268358,1819.7381921254,234.380669922935,156.772065629805,1576.40450648264,-174.633160234296,194.969769885403,1574.48408969223,0,0,0,0,0,0
17660.8716671,1084.2,-0.00791602581739426,0.0416782408952713,0,-52.2655437127928,-9.526254090028,1839.25754174183,81.699925890842,-5.74021878292905,1819.72782471212,234.348418787364,156.638029847698,1576.42922889511,-174.729941354361,194.831280064827,1574.52591891542,0.0697000026702881,0.145799994468689,0.986899971961975,0,0,0
17660.8822853,1081.2,-0.00705487560480833,0.0426182322204113,0,-52.3699239885544,-10.3643153533013,1839.13195530174,81.2264497159907,-6.32866756503819,1819.56944362316,234.142623640307,155.998512517853,1576.55482498188,-174.948227586826,194.251000270361,1574.62287128246,0,0,0,0,0,0
17660.892858,1078.2,-0.00656944327056408,0.0434981383383274,0,-52.8249600348493,-11.1679136624136,1839.06699658435,81.086041569249,-7.24986725577191,1819.64722108044,233.881543407254,155.20169143115,1576.732729134,-174.94810148886,193.818051241927,1574.60701343929,0,0,0,0,0,0
17660.9034085,1075.2,-0.00846563000231981,0.041966600716114,0,-52.9342417513808,-11.3480894172726,1839.06574317581,81.0209638021393,-7.37605799145606,1819.62128115416,233.871456938804,155.06107638287,1576.75852931295,-175.001627191223,193.727342098297,1574.63880761088,0,0,0,0,0,0
17660.9141064,1072.2,-0.00791102088987827,0.0426744394004345,0,-52.9883405014601,-11.7950421172352,1838.99945744667,80.8099380342519,-7.72774199773143,1819.51140109524,233.811574768295,154.638659144583,1576.85711179972,-175.117899157575,193.352639738019,1574.69877497475,0,0,0,0,0,0
17660.9247415,1069.2,-0.00800469517707825,0.0424207732081413,0,-53.0181711273772,-12.2587804462795,1838.93414990744,80.6493920280084,-8.20415873830256,1819.46571786101,233.744278758083,154.291295808602,1576.95046841142,-175.22838633983,193.0088686522,1574.75730324224,0,0,0,0,0,0
17660.9353041,1066.2,-0.00885686557739973,0.0426861479878426,0,-53.4441278687893,-13.1304732387879,1838.85153365,80.4430371734047,-9.25910434391627,1819.48928870368,233.563493878866,153.431444595086,1577.12898359864,-175.335983050459,192.280269860156,1574.7803170588,0,0,0,0,0,0
17660.9470156,1063.2,-0.00799787696450949,0.0413674101233482,0,-53.6336904995381,-13.5607365767941,1838.81223859738,80.3060418000638,-9.61322298747108,1819.4393730968,233.539160750768,153.030828293241,1577.1919786373,-175.31167150564,192.055718454129,1574.74361153734,0,0,0,0,0,0
17660.9967392,1060.2,-0.0102632427588105,0.0440539032220841,0,-53.6682737497549,-13.6924972396208,1838.7888433473,80.2491448556967,-9.73500441225874,1819.43560290916,233.534280376609,152.877528244152,1577.21797191861,-175.357092676574,191.952218126972,1574.75947980924,0.287200003862381,0.271499991416931,0.918600022792816,126.849998474121,30.3700008392334,191.330001831055
17661.0074527,1057.2,-0.00891375262290239,0.0432807229459286,0,-53.74214592113,-13.9812803951575,1838.73224031208,80.055370489433,-9.9651238243433,1819.39572142259,233.443472175937,152.644526976803,1577.24577438723,-175.42354718931,191.752294679745,1574.76575502148,0,0,0,0,0,0
17661.0181932,1054.2,-0.00870427954941988,0.0421994015574455,0,-54.26595370259,-15.1854387260868,1838.51307352696,79.7367300455849,-11.4818807028333,1819.35684989506,233.103072779049,151.561416336455,1577.26184269646,-175.626434935632,190.849224151168,1574.71531115363,0,0,0,0,0,0
17661.0329046,1051.2,-0.00831286981701851,0.0427035190165043,0,-54.3522100476109,-15.3108341347546,1838.45076179309,79.7400434560838,-11.6329542330614,1819.34817489034,233.043029194901,151.44779827979,1577.23905838968,-175.644496052717,190.756736391546,1574.71005782281,0.0676999986171722,0.139799997210503,0.987900018692017,64.2099990844727,22.4799995422363,229.460006713867
17661.0435077,1048.2,-0.00828461814671755,0.043301897495985,0,-54.4278888756302,-15.5452960836865,1838.42591179257,79.5946716175202,-11.7736667918901,1819.22167989075,232.939600568272,151.215343915102,1577.22616523913,-175.813438909194,190.533112542483,1574.7755133555,0,0,0,0,0,0
17661.0586936,1045.2,-0.00897698197513819,0.0424737133085728,0,-54.5167635445064,-15.6649511186975,1838.39828170387,79.5552484878589,-11.9130698607839,1819.21074172633,232.918531572298,151.120241675909,1577.21084794021,-175.850770801799,190.419293860732,1574.79180612169,0.22579999268055,0.113799996674061,0.967499971389771,61.1800003051758,16.7999992370605,231.839996337891
17661.0692736,1042.2,-0.00754235172644258,0.0442650116980076,0,-54.6440070109469,-16.2609292836299,1838.25197743747,79.1774528701109,-12.5876304453118,1818.96846707747,232.711308389961,150.59906403998,1577.13530912944,-176.089908076016,189.818300479047,1574.90678500841,0,0,0,0,0,0
17661.0798577,1039.2,-0.00830871425569057,0.0432716034352779,0,-54.7627227903898,-16.6384291882664,1838.13239443659,79.03138633571,-13.0380987522212,1818.85494352486,232.588620747967,150.215203276992,1577.10378030845,-176.160683306698,189.524419476209,1574.92978490463,0,0,0,0,0,0
17661.0904196,1036.2,-0.00767303118482232,0.0429557919502258,0,-55.0947725524128,-17.3452311294051,1837.9599552665,78.7534813760077,-13.8366630774894,1818.54476098154,232.25272594733,149.501404745574,1577.07147107461,-176.398916599832,188.929252756052,1575.03041047143,0,0,0,0,0,0
17661.1010073,1033.2,-0.00830524601042271,0.0439409486949444,0,-55.314200735681,-17.7406161558731,1837.83866616473,78.6546679813632,-14.1793859407205,1818.4841341885,232.119859871264,149.217584599723,1577.03480630464,-176.543052387416,188.656200596433,1575.12382937437,0,0,0,0,0,0
17661.1212778,1030.2,-0.00790222361683846,0.0430923908948898,0,-55.3559775845404,-17.8545949439376,1837.7968112131,78.5681177991726,-14.2542308789234,1818.41460649545,232.071711497022,149.148047462082,1577.02292236171,-176.58434671841,188.585598178362,1575.13940546103,0.0373000018298626,0.162200003862381,0.986000001430511,74.7300033569336,39.310001373291,225.539993286133
17661.1319761,1027.2,-0.00890330132097006,0.0440918155014515,0,-55.789885495423,-19.0696840317665,1837.36273707309,78.1660404920116,-15.4729350604282,1817.97936827348,231.603516064174,148.489555126505,1576.98947534484,-176.979067752363,187.788869176501,1575.36931908261,0,0,0,0,0,0
17661.1435345,1024.2,-0.00721564469859004,0.0440938159823418,0,-56.0182705420518,-19.6049673005717,1837.26428589112,77.9351523332017,-15.9246206941597,1817.67749186626,231.290022276287,148.264426653393,1576.97719457692,-177.425674972358,187.397060002569,1575.61384027047,0,0,0,0,0,0
17661.1541911,1021.2,-0.00743683241307735,0.0432256892323494,0,-56.0565832211865,-19.8379997774313,1837.19408340762,77.8327381176436,-16.1244792430769,1817.58125783249,231.119297029772,148.183035315615,1576.9706213213,-177.676477975705,187.219789151417,1575.7195293001,0,0,0,0,0,0
17661.1648545,1018.2,-0.00644382368773222,0.0444199129939079,0,-56.1272814903601,-20.0693652015486,1837.16179932887,77.7814747144139,-16.3967182275767,1817.5510805482,230.942561337641,148.120331590553,1576.97383128369,-177.810931953991,187.098560150812,1575.76291003087,0,0,0,0,0,0
17661.1755308,1015.2,-0.00689698755741119,0.0434539414942265,0,-56.1157776926246,-20.2902083335565,1837.10612300662,77.6612161381497,-16.4450846779983,1817.52721317389,230.756774708271,148.064915315359,1576.97655284154,-177.95567624476,186.984168573225,1575.80994302512,0,0,0,0,0,0
17661.1860766,1012.2,-0.00736364535987377,0.0442749135196209,0,-56.2854196746193,-20.5723985523542,1837.1530773367,77.4410178274239,-16.6945251643806,1817.56372364218,230.39207043299,147.981396755307,1576.9812969224,-178.204396357938,186.862273966709,1575.80711624347,0,0,0,0,0,0
17661.1970785,1009.2,-0.0069350297562778,0.0446406066417694,0,-56.5501633121157,-20.7886158946002,1837.33034151163,77.2168114650868,-16.8738158611617,1817.62540651943,229.985119742525,147.90828343387,1576.96869546028,-178.572191113738,186.664031196163,1575.76124408155,0,0,0,0,0,0
17661.2076674,1006.2,-0.00657108752056956,0.0439125992357731,0,-56.7877054709428,-20.9504811021597,1837.47124503769,76.9124650766846,-16.8926279837306,1817.68036663208,229.603525567082,147.847172716774,1576.96952113933,-179.108922804909,186.423178936754,1575.78494803099,0,0,0,0,0,0
17661.2245514,1003.2,-0.00633832672610879,0.0447014331817627,0,-56.8935881686694,-20.9856948741085,1837.51377803583,76.8657042956321,-16.8760040032494,1817.68584904577,229.538429518185,147.841243291349,1576.97349779314,-179.18959679886,186.38138710287,1575.77114570465,0.0615000016987324,0.26120001077652,0.963299989700317,0,0,0
17661.235215,1000.2,-0.00523037696257234,0.0442134276032448,0,-56.9623581894165,-21.0257412864184,1837.55687479706,76.7873874326405,-16.8984941886394,1817.72316660591,229.417287885855,147.832978665589,1576.97086511663,-179.322760457331,186.348703566035,1575.73892560271,0,0,0,0,0,0
17661.2458232,997.2,-0.00619474984705448,0.0447286874055862,0,-57.1101736836335,-21.0491024381336,1837.61506097676,76.6496870380707,-16.9130394820486,1817.77325301481,229.216695037946,147.780911123896,1576.98129195306,-179.554211312528,186.270898523408,1575.70416805457,0,0,0,0,0,0
17661.2571754,994.2,-0.00635443814098835,0.0444350190460682,0,-57.1378766876168,-21.0633287254923,1837.62384874713,76.5763716687207,-16.8815212658684,1817.75795597346,229.140463413117,147.767466201884,1576.98429033774,-179.633230851034,186.244738288998,1575.69138362281,0.26120001077652,-0.0847999975085258,0.961600005626678,0,0,0
17661.2685426,991.2,-0.00627799239009619,0.0448671154677868,0,-58.0282744603101,-21.0982803131474,1837.6902926046,75.8593777891172,-16.8810062730978,1817.85998608279,228.367505642451,147.571356699543,1576.95411439764,-180.498018301924,186.240759353012,1575.55357630211,0,0,0,0,0,0
17661.2791638,988.2,-0.00636648014187813,0.0455025047063828,0,-58.2472750622801,-21.0863566582934,1837.62729798344,75.6338835236331,-16.8775746563431,1817.8778056705,228.128952788403,147.507507500359,1576.93246954483,-180.707470518839,186.290913754271,1575.46586744967,0,0,0,0,0,0
17661.2898583,985.2,-0.00628689862787724,0.0451359249651432,0,-58.4949227160932,-21.0774383820874,1837.59709092969,75.3553992641836,-16.8490281303981,1817.84862647166,227.879781537452,147.441507965361,1576.93470159133,-181.032339857443,186.317255639657,1575.47863944289,0,0,0,0,0,0
17661.3003599,982.2,-0.00613453658297658,0.0453044906258583,0,-59.0116766664697,-21.0253360633536,1837.59001642681,74.8837828043316,-16.8255013892092,1817.88501488346,227.481529774182,147.349192459071,1576.9169377545,-181.370860273761,186.386760500326,1575.39245920887,0,0,0,0,0,0
17661.3108081,979.2,-0.00612564431503415,0.0447652027010918,0,-59.2765289819642,-21.0054317629842,1837.59214100711,74.5240928413947,-16.7811987511201,1817.91002970615,227.290122582846,147.296545749406,1576.93293104801,-181.527385621034,186.46939852477,1575.30542332497,0,0,0,0,0,0
17661.3215417,976.2,-0.0062670991756022,0.0434264823794365,0,-59.6533216375258,-20.9465558597429,1837.59717480584,74.1636647977206,-16.7245956710612,1817.90580653272,227.016952481413,147.241752543732,1576.90336165601,-181.759072064148,186.496136801953,1575.26870761493,0,0,0,0,0,0
17661.3321761,973.2,-0.0062332870438695,0.0445756189525127,0,-59.9895370618986,-20.8934093780375,1837.59788495611,73.7857171354561,-16.6777636598143,1817.9001986676,226.811555687687,147.227498323363,1576.91383785235,-182.005617841853,186.521467951785,1575.24357430013,0,0,0,0,0,0
17661.3427373,970.2,-0.00586566142737865,0.0441682621836662,0,-60.2780451694973,-20.8240552933937,1837.58755896603,73.4808145364144,-16.7591912735345,1817.96069673002,226.528657027183,147.208440349695,1576.92129626856,-182.271461441335,186.58219523517,1575.23705441037,0,0,0,0,0,0
17661.3533354,967.2,-0.00487957056611776,0.0451805278658867,0,-60.375265339543,-20.7984736617191,1837.57819597335,73.3650393547914,-16.7437674807916,1817.95166298225,226.454130919747,147.20236557048,1576.9160884796,-182.37943891437,186.62797307864,1575.21872957547,0,0,0,0,0,0
17661.3657748,964.2,-0.00579148763790727,0.0437525123357773,0,-60.7877741498587,-20.7547438073949,1837.58222909681,73.0989481167496,-16.7775278369564,1817.94575961154,226.195736633694,147.171125747216,1576.92026291306,-182.560556005399,186.737853808758,1575.13638046758,0,0,0,0,0,0
17661.3764007,961.2,-0.00508352648466825,0.0434575289487839,0,-61.1740704394224,-20.7014486042284,1837.56620513893,72.7187282618186,-16.7997657180612,1817.90531072399,225.927056575964,147.121320048463,1576.91622045929,-182.807104775897,186.808341912504,1575.0547608319,0,0,0,0,0,0
17661.3869807,958.2,-0.0050823693163693,0.0434512592852116,0,-61.4909159715009,-20.6593626343502,1837.61025629276,72.3188324958252,-16.7783136469236,1817.95909599025,225.68665082444,147.079044881788,1576.93739480487,-183.14006360825,186.833416133913,1575.07493575603,0,0,0,0,0,0
17661.3975854,955.2,-0.00526358466595411,0.043785984069109,0,-61.8501933450027,-20.626305001305,1837.61154881839,71.982454373126,-16.8495751157139,1817.97164369664,225.394592848923,147.033895666425,1576.98319123929,-183.434762398797,186.912931843763,1575.07389006892,0,0,0,0,0,0
17661.4083105,952.2,-0.00493192300200462,0.0434519074857235,0,-62.461344403095,-20.5849630141508,1837.59845113958,71.3898329881002,-16.8738885254465,1817.95714004599,224.752717044491,146.926231742243,1577.07292999072,-184.073799014668,186.962176257525,1575.06844037412,0,0,0,0,0,0
17661.4197178,949.2,-0.00481411255896091,0.0427229836583138,0,-62.767437069367,-20.5635193636637,1837.61426841503,71.0464238980249,-16.9218432037897,1817.96715268642,224.460847667296,146.858477156495,1577.09249953967,-184.461820965796,186.947035083407,1575.07488991416,0,0,0,0,0,0
17661.4303439,946.2,-0.00516412267461419,0.0403091184794903,0,-63.0803843946144,-20.5504784213432,1837.57941032021,70.733679684593,-16.973075478887,1818.01707610531,224.106822996424,146.75493148982,1577.11580868811,-184.613662121944,187.0445350876,1574.93188259486,0,0,0,0,0,0
17661.4411259,943.2,-0.00446576252579689,0.0413559585809708,0,-63.4934962433835,-20.5490826607208,1837.64236226757,70.4489487862088,-17.0011348047644,1818.04376478431,223.790112351289,146.671112946605,1577.13451362019,-184.973540307053,187.098623821442,1574.92860733358,0,0,0,0,0,0
17661.4560603,940.2,-0.00389612163417041,0.0419217854738236,0,-63.6259159154756,-20.5532361771736,1837.63046997423,70.3448331493841,-16.9918110477441,1818.04867831096,223.684825746024,146.648864231721,1577.14279100826,-185.020676831134,187.116953375717,1574.88177930392,0.182199999690056,0.203700006008148,0.961899995803833,0,0,0
17661.4665926,937.2,-0.00299641815945506,0.0422408603131771,0,-64.1745040222689,-20.5525384385793,1837.59878956514,69.8013363377545,-16.9847699988344,1818.11361041664,223.206027069757,146.54551531906,1577.17342974531,-185.371949136268,187.185328072631,1574.73970055092,0,0,0,0,0,0
17661.4771711,934.2,-0.00351435085758567,0.0411586187779903,0,-64.5133917606737,-20.5548241111072,1837.56811442487,69.4153376343938,-16.9506176134213,1818.15020479484,222.928394994228,146.500628191376,1577.19390127011,-185.66715726071,187.182118003994,1574.69497349041,0,0,0,0,0,0
17661.5057166,931.2,-0.00328117422759533,0.0411944970488548,0,-64.6284704449975,-20.5537528241248,1837.54458885232,69.2621918866694,-16.9258296892893,1818.13751766309,222.833644013726,146.485308906761,1577.20560861757,-185.784378182787,187.1554642874,1574.69831041745,0.147499993443489,0.0971999987959862,0.984300017356873,0,0,0
17661.5163972,928.2,-0.00349255884066224,0.0426614940166473,0,-66.051936215195,-20.6522848454691,1837.46010759015,67.9352658325152,-16.9764032410969,1818.19116129498,221.768053719896,146.436337434116,1577.24934554882,-187.075380463494,187.044286670188,1574.60513759153,0,0,0,0,0,0
17661.5270577,925.2,-0.00258888700045645,0.0403366111218929,0,-66.3362867515104,-20.6966248635508,1837.45973475398,67.5239754923534,-17.00987661546,1818.16944018157,221.452663871431,146.42944850701,1577.29024125229,-187.359301678694,186.999504212925,1574.57267027744,0,0,0,0,0,0
17661.5379217,922.2,-0.00249604578129947,0.0390476867556572,0,-66.9731618569186,-20.7985545545514,1837.46525079469,66.9073467663585,-17.148126426475,1818.21356420474,220.976191941073,146.393938508196,1577.42929571117,-187.752557300107,186.967742507947,1574.49830952679,0,0,0,0,0,0
17661.5485795,919.2,-0.00166819291189313,0.0419096671044827,0,-67.073746061791,-20.8159640029049,1837.45255341172,66.7872772475503,-17.1645015563679,1818.21205476806,220.865798158143,146.381970543929,1577.46303756857,-187.826288031594,186.942079722236,1574.49297680598,0,0,0,0,0,0
17661.5592373,916.2,-0.00184831349179149,0.0398276135325432,0,-67.9939865732619,-20.9953110830693,1837.45470781722,66.0778047622806,-17.4149229289356,1818.28507122053,220.241483448257,146.324400719409,1577.71432077399,-188.443511600462,186.723641930152,1574.47362539244,0,0,0,0,0,0
17661.5700071,913.2,-0.00117683259304613,0.0399289600551128,0,-68.3095624176059,-21.0847604336692,1837.46376210618,65.6889833547661,-17.4584062028291,1818.30782724259,219.962948350132,146.313022856881,1577.84468615597,-188.803128937767,186.557864984225,1574.51596546082,0,0,0,0,0,0
17661.5806697,910.2,-0.00130915793124586,0.0384866505861282,0,-68.8133586549311,-21.2307249250576,1837.39393365408,65.2080093638894,-17.7045767188814,1818.38817212976,219.489876819083,146.245896883664,1578.03177496529,-189.126722526574,186.455836029195,1574.42496225089,0,0,0,0,0,0
17661.5912267,907.2,-0.00129257270600647,0.0388191886246204,0,-69.1923047923239,-21.3781488511001,1837.28600568816,64.8026208598753,-17.8176988928532,1818.39777207569,219.151685165539,146.201855555321,1578.14380518993,-189.444264061882,186.313585623128,1574.40703913304,0,0,0,0,0,0
17661.6017231,904.2,-0.00127747363876551,0.0384422488510609,0,-69.4102319951142,-21.4287209060866,1837.29288896753,64.6793162132235,-17.8150598784361,1818.39995563498,219.044287486162,146.193916655086,1578.16871566562,-189.583675468053,186.238088893799,1574.42076261111,0,0,0,0,0,0
17661.6123705,901.2,-0.000823261216282845,0.0383088871836662,0,-69.9985424043972,-21.7112530796866,1837.22455407873,64.1230600384378,-17.9453916887565,1818.37962569958,218.673901427839,146.12884874342,1578.33206693704,-190.155594576897,185.983734848454,1574.39635036742,0,0,0,0,0,0
17661.6280948,898.2,0.000237901767832227,0.0364810734987259,0,-70.4026604326077,-21.9133629453337,1837.14532868917,63.7187280860107,-18.1820900506459,1818.42588973693,218.328830334891,146.059488248824,1578.46333055089,-190.392469164432,185.938922210429,1574.25913972489,0,0,0,0,0,0
17661.6387629,895.2,-0.00109792768489569,0.0388359934091568,0,-70.8690220732905,-22.1326495240938,1837.09741690841,63.2918647319973,-18.3486997678141,1818.44365324719,217.901605299742,146.008432439161,1578.62612282299,-190.634161262806,185.834165008238,1574.16113216,0.228000000119209,0.104000002145767,0.968100011348724,30.9599990844727,-0.0799999982118607,241.940002441406
17661.6492759,892.2,-0.000361716898623854,0.0386398531496525,0,-71.0607456386983,-22.2393782103656,1837.04673177711,63.1311451848241,-18.4509616242128,1818.43816238928,217.72895737071,145.973875327998,1578.70885705311,-190.783561485255,185.752763597631,1574.13717720148,0,0,0,0,0,0
17661.6598013,889.2,-0.00135002005845308,0.0368060380220413,0,-71.4180230659345,-22.4410784093157,1837.03101202966,62.8565554173107,-18.5254041921714,1818.42048738457,217.44567749142,145.916806129922,1578.82914481688,-191.104192091265,185.583177217101,1574.1589859692,0,0,0,0,0,0
17661.6704137,886.2,-0.000734219036530703,0.0374331086874008,0,-71.6935922417675,-22.6319100240437,1836.91557590291,62.4712334393391,-18.6553181046988,1818.32996787392,217.198087266586,145.864456849277,1578.93761762515,-191.394783568204,185.420346511784,1574.12084497256,0,0,0,0,0,0
17661.6809349,883.2,-0.00131431012414396,0.0363385289907455,0,-72.1246800842176,-22.9665180449582,1836.75801104656,61.9309923485015,-18.9654659624286,1818.2837373607,216.841337052781,145.805099345771,1579.09308409634,-191.780451930481,185.221729626856,1574.04752630443,0,0,0,0,0,0
17661.691484,880.2,-0.000552104727830738,0.0373118728399277,0,-72.3349715488511,-23.172304810142,1836.62819188759,61.6655985385198,-19.1065096712721,1818.24005171319,216.642681978345,145.783102682412,1579.17349387871,-191.995878708833,185.083162392162,1574.00702030722,0,0,0,0,0,0
17661.7029585,877.2,-0.000133705092594028,0.0375064447522163,0,-72.4575712972364,-23.2561242096826,1836.59275670673,61.5956325105802,-19.1977571823731,1818.20599927285,216.577314068975,145.771479151805,1579.19167200553,-192.132667724556,184.978334336017,1574.05621000242,0,0,0,0,0,0
17661.7134915,874.2,-6.1969090893399e-05,0.0374892264604569,0,-73.0106667411795,-23.6868682394139,1836.41613150888,61.068942644615,-19.523341935709,1818.03208936779,216.164041783084,145.698693556005,1579.31506811609,-192.546131400987,184.698504127243,1573.94782062853,0,0,0,0,0,0
17661.728591,871.2,-0.000107944717456121,0.0383216872811317,0,-73.1431739529506,-23.757519026356,1836.40219492698,61.0256073464728,-19.6059728057826,1818.0383611653,216.111491744102,145.694273097205,1579.34403956851,-192.55963219892,184.66516623913,1573.90710872954,-0.169200003147125,0.161899998784065,0.972199976444244,0,0,0
17661.7392405,868.2,-8.31871293485165e-05,0.0383057616651058,0,-73.2954045227752,-23.9116926694503,1836.34800822606,60.8919525929982,-19.697833584119,1818.00500103226,215.992087246682,145.700601881761,1579.38289656086,-192.698377093473,184.525204160742,1573.86654364213,0,0,0,0,0,0
17661.7675504,865.2,-0.000242792069911957,0.038024003058672,0,-73.3361825055133,-23.9676100284094,1836.31993776464,60.8733601634209,-19.8665507234728,1818.02354883027,215.924926875187,145.689460672887,1579.41107310612,-192.735188793089,184.465972793632,1573.84277906951,-0.165199995040894,0.291000008583069,0.942399978637695,0,0,0
17661.7781364,862.2,0.000950504094362259,0.0383411034941673,0,-73.8204161252304,-24.5874442127763,1835.92816330642,60.4303884634247,-20.4098604457617,1817.95827104836,215.445003965269,145.815467826102,1579.60082276229,-193.135293193504,184.109668370151,1573.721801204,0,0,0,0,0,0
17661.7887569,859.2,0.00127612252254039,0.0400050602853298,0,-74.0042990396063,-24.8361509955187,1835.73525693066,60.1373392865233,-20.4263134249693,1817.85369588142,215.31363200238,145.8518193204,1579.69940385942,-193.333041899917,183.917519588236,1573.70881011014,0,0,0,0,0,0
17661.7993823,856.2,0.000112501438707113,0.0377225711941719,0,-74.3407212236896,-25.2423427868237,1835.60522581983,59.7862637289214,-20.7281554408325,1817.73818197803,215.086879581849,145.972101752943,1579.92488092038,-193.735020994559,183.539327135076,1573.71459572913,0,0,0,0,0,0
17661.809962,853.2,0.000834343431051821,0.0383871592581272,0,-74.4120931339165,-25.4739855602763,1835.48395913566,59.70408800068,-21.0621925647502,1817.67406263016,214.951815091452,146.014828892631,1580.03375043632,-193.864003451883,183.368419060426,1573.71913996646,0,0,0,0,0,0
17661.8206836,850.2,0.000219133682549,0.0375265948474407,0,-74.5303982417248,-25.6991345171597,1835.37200674828,59.5145252947564,-21.0850665635318,1817.56208359458,214.84847969786,146.063466371164,1580.14944531101,-193.973308246996,183.17707874021,1573.71104223425,0,0,0,0,0,0
17661.8314006,847.2,0.000344129890436307,0.0373955503106117,0,-74.690405154198,-25.9391956482805,1835.3333996027,59.3880849996326,-21.1184710360486,1817.49797544569,214.697095512585,146.138193227172,1580.25808731968,-194.181146853718,182.91466286557,1573.76095966486,0,0,0,0,0,0
17661.8419729,844.2,-0.000101846460893285,0.0373728260397911,0,-74.9806511904801,-26.2873064842501,1835.21835065901,59.1635499895692,-21.1908150993156,1817.41630522549,214.492023460897,146.269708895214,1580.44090571636,-194.459209293716,182.49380484608,1573.78412921933,0,0,0,0,0,0
17661.852562,841.2,-0.000528367352671921,0.0376235641539097,0,-75.0983169368084,-26.4561554079803,1835.16883756887,59.1613436775579,-21.3241803487517,1817.48296647615,214.374528631049,146.355599635822,1580.51153781913,-194.53364108482,182.325770872908,1573.76255054375,0,0,0,0,0,0
17661.8709963,838.2,0.000360794278094545,0.0376348108053207,0,-75.1515644227354,-26.5151767390784,1835.14016351118,59.1313781587236,-21.3466826536083,1817.48092474465,214.357447651736,146.380893187941,1580.52457881176,-194.611565326308,182.241580145719,1573.78897860366,-0.154899999499321,0.158800005912781,0.975099980831146,0,0,0
17661.8820409,835.2,0.000143982339068316,0.0387015961110592,0,-75.1878312611388,-26.7785421141415,1834.95854285764,59.009548122316,-21.4758240376912,1817.4557185351,214.229636247084,146.542510962778,1580.60283536609,-194.73672796482,181.920962204641,1573.81348831517,0,0,0,0,0,0
17661.9019809,832.2,-6.57205509924097e-06,0.0373336955904961,0,-75.1995512441889,-26.8435224853446,1834.91451056037,58.9207987304327,-21.4713733981088,1817.39263194428,214.211873628912,146.579500355156,1580.61254389023,-194.783772296947,181.842134401337,1573.81395405612,-0.167699992656708,0.127900004386902,0.977500021457672,0,0,0
17661.9128924,829.2,0.00063296954613179,0.0372023418545723,0,-75.267880160507,-27.061274142819,1834.75477231956,58.8705749976286,-21.6176599414294,1817.35909632761,214.106256938608,146.734682808905,1580.66659225853,-194.86856643192,181.572786192094,1573.8049589209,0,0,0,0,0,0
17661.9237545,826.2,0.0012326535070315,0.0384555444121361,0,-75.231462311105,-27.2984856959197,1834.57334976296,58.8348823418882,-21.8394891527519,1817.27223450136,213.996264436825,146.938376022425,1580.6706001116,-195.128840180937,181.183580097493,1573.88919972724,0,0,0,0,0,0
17661.9342995,823.2,0.000810203433502465,0.0374615401029587,0,-75.1969135541754,-27.5114546525714,1834.4317918626,58.9022991443457,-21.9975081255128,1817.19962613778,213.984481844729,147.189293397378,1580.6643433692,-195.20445486114,180.922663446368,1573.83467768807,0,0,0,0,0,0
17661.9470148,820.2,0.00173652567900717,0.0368835985660553,0,-75.1480103567482,-27.6737457974654,1834.31236953009,58.902421611792,-22.0925897678858,1817.01760934267,213.968203819196,147.375327033738,1580.6553169376,-195.323550083035,180.677060649536,1573.83968329361,0,0,0,0,0,0
17661.9704445,817.2,0.00151012314017862,0.0376873224973679,0,-75.1813323010613,-27.6831126451375,1834.31734234101,58.9424327224062,-22.0965851336855,1817.02383252003,213.968448320441,147.404904586148,1580.64925828108,-195.328125099742,180.650194515778,1573.83185330766,-0.162400007247925,0.365700006484985,0.916400015354156,0,0,0
17661.9810622,814.2,0.0013935649767518,0.0386106543242931,0,-75.1109059532147,-27.7893643864734,1834.27861088451,59.0269351081839,-22.1336000778806,1816.96288106256,213.956004524488,147.550277725971,1580.6154009327,-195.336689741438,180.526221340686,1573.77503552308,0,0,0,0,0,0
17661.9917252,811.2,0.00157474330626428,0.0382974617183209,0,-75.0423093181678,-27.8397159907144,1834.30274223004,59.1187100209464,-22.1911181767589,1816.95229287631,213.95714563335,147.63739256316,1580.58657362904,-195.348236972413,180.4376975958,1573.77381738436,0,0,0,0,0,0
17662.002339,808.2,0.00157144665718079,0.0372932687401772,0,-74.7278779071116,-27.9219568988139,1834.31865634204,59.2945656242451,-22.073330613922,1816.91821736134,213.929150438299,147.824656830332,1580.51997482022,-195.459162648943,180.162613813128,1573.82992393194,0,0,0,0,0,0
17662.0129721,805.2,0.00194400828331709,0.0371043667197228,0,-74.7015878396802,-27.9482598515333,1834.33308695093,59.3751053407464,-22.0409524701054,1816.92459430636,213.954221353241,147.883571085594,1580.50462878767,-195.515193952517,180.002777952146,1573.86764349188,0,0,0,0,0,0
17662.0235383,802.2,0.00260373973287642,0.0380937032401562,0,-74.614445271397,-27.969735977399,1834.33943134929,59.3281214783318,-21.9586535718492,1816.85910801511,213.94898997679,147.904007547746,1580.49493451743,-195.542945013963,179.956694085829,1573.90596408597,0,0,0,0,0,0
17662.0362586,799.2,0.00151901226490736,0.0365238472819328,0,-74.6168526968954,-27.9612843222426,1834.35705703306,59.4429598830895,-21.9976346607167,1816.94268736419,213.949469857708,147.924144703451,1580.48826026486,-195.524041245585,179.935268080831,1573.89358088804,-0.211799994111061,0.420399993658066,0.882300019264221,0,0,0
17662.046954,796.2,0.00192763807717711,0.0365629106760025,0,-74.4531383116802,-27.9672165279288,1834.41445769446,59.5783721091963,-21.9072150927134,1816.95237432886,213.951316064219,148.003706914635,1580.46526702164,-195.478564747958,179.749401913207,1573.87153203877,0,0,0,0,0,0
17662.0575908,793.2,0.00204501603730023,0.0361748844385147,0,-74.3394211574057,-27.9635664949681,1834.50507212826,59.717361219204,-21.8673817664369,1817.03155958475,214.109681435033,148.121801318599,1580.45808749775,-195.37553160419,179.516671010462,1573.87787278231,-0.1841000020504,0.400400012731552,0.897599995136261,30.5400009155273,52.5800018310547,232.720001220703
17662.0681736,790.2,0.00115402415394783,0.0366257265210152,0,-74.3234038841301,-27.9418850335889,1834.48971482638,59.6950239654111,-21.8203801071223,1817.02007329835,214.167929506024,148.146264459989,1580.453467337,-195.318408621839,179.449251075066,1573.86236519112,0,0,0,0,0,0
17662.0787266,787.2,0.00201372802257538,0.0357215836644173,0,-74.3215937354074,-27.9360854770449,1834.51807383506,59.7651721392507,-21.8860301392027,1817.12783723918,214.259503186566,148.160416052164,1580.45024625009,-195.226490303886,179.356788844077,1573.82710745879,0,0,0,0,0,0
17662.0894218,784.2,0.000382007478037849,0.0364568814635277,0,-74.3508389954263,-27.9105808145373,1834.53268205263,59.7382893355148,-21.8874107277409,1817.13607836417,214.325804769101,148.186061301816,1580.45261299136,-195.15457618514,179.279948817191,1573.79406370501,0,0,0,0,0,0
17662.1000515,781.2,0.00139758596196771,0.0368888884782791,0,-74.2666736340506,-27.8484203676632,1834.50681229269,59.724992163872,-21.6976712921464,1817.23443494314,214.465891824822,148.191771643463,1580.44096695004,-195.0072866747,179.180278456527,1573.74090894914,0,0,0,0,0,0
17662.1106713,778.2,0.000394067144952714,0.0367722943425179,0,-74.3402915852921,-27.7865213553797,1834.51602350163,59.760712046233,-22.0065104091272,1817.35408205127,214.717813449473,148.157154822495,1580.44826269211,-194.726596797576,179.068630837945,1573.64259519201,0,0,0,0,0,0
17662.1212006,775.2,-0.000164500568644144,0.0369703754782677,0,-74.3935442832519,-27.7891588028526,1834.4981830927,59.7780243379566,-22.1041884220262,1817.43685244202,214.834684847053,148.1301232168,1580.45358256482,-194.559069054786,179.011657018626,1573.59276513153,0,0,0,0,0,0
17662.1317589,772.2,0.000128196377772838,0.0375203363597393,0,-74.4137368245488,-27.7491591329271,1834.46998747973,59.7507711610185,-22.1915080213861,1817.47832020411,215.003353091696,148.094072540466,1580.47388267558,-194.38016124901,179.014725291277,1573.54733184205,0,0,0,0,0,0
17662.1423638,769.2,-0.00101634790189564,0.0365540072321892,0,-74.4936679763381,-27.7482036758908,1834.45123229581,59.7443911088867,-22.2586494135969,1817.52419510844,215.168417023025,148.058059261637,1580.48951016989,-194.311447937855,178.950287214347,1573.56537603107,0,0,0,0,0,0
17662.1529761,766.2,-0.00143532152287662,0.0369456395506859,0,-74.5474974268932,-27.7421051436746,1834.42039888959,59.7340869542998,-22.3180932902768,1817.54118398129,215.366075082903,147.997382434089,1580.52895262825,-193.966368380495,179.040629162323,1573.42849963212,0,0,0,0,0,0
17662.1664914,763.2,-0.00118252716492862,0.0362866580486298,0,-74.5616429379116,-27.7061943130266,1834.34047659705,59.9202022584751,-22.5972893638554,1817.68805249253,215.713818955083,147.896369954533,1580.56581680176,-193.693313356243,179.08635362765,1573.36736954208,0,0,0,0,0,0
17662.1770789,760.2,-0.00190549867693335,0.037559112906456,0,-74.5355953065858,-27.6923773772267,1834.24801648879,59.7968762116397,-22.6088077872511,1817.53995221453,215.926476181045,147.796892084033,1580.56338021637,-193.296860918853,179.225202529477,1573.20909782263,0,0,0,0,0,0
17662.1876323,757.2,-0.00308660604059696,0.038641119748354,0,-74.5706812814024,-27.6953860095876,1834.15010999155,60.2035333497342,-23.3429904197806,1817.72049369798,216.164410687603,147.666169668894,1580.56960261941,-193.010017753356,179.336897931386,1573.10919618678,0,0,0,0,0,0
17662.1983224,754.2,-0.00130030058789998,0.0377403520047665,0,-74.5398192072972,-27.6861025595214,1834.08360521395,60.1359141874495,-23.3349873868186,1817.60537797382,216.462337438875,147.480144649247,1580.58309529137,-192.881862115474,179.356182974945,1573.12044915502,-0.243300005793571,0.348600000143051,0.905099987983704,18.3400001525879,76.6399993896484,224.009994506836
17662.2088713,751.2,-0.00175419717561454,0.0379887469112873,0,-74.5070155593287,-27.6591811639745,1833.9980024247,60.1654331098521,-23.3479363489784,1817.5682527231,216.700414029942,147.356491140247,1580.5379058537,-192.66811238096,179.423644976536,1573.07990950142,-0.188999995589256,0.275499999523163,0.942499995231628,19.6900005340576,77.0599975585938,223.889999389648
17662.2194129,748.2,-0.000188356047146954,0.0374014288187027,0,-74.525622911032,-27.652402889933,1833.94758713911,60.1426786798943,-23.3145201313963,1817.48689170913,216.959975327466,147.228394503789,1580.47174562589,-192.409737788941,179.527944557998,1573.03467002613,-0.238900005817413,0.378800004720688,0.89410001039505,19.7900009155273,75.3899993896484,224.619995117188
17662.230013,745.2,-0.00234110117889941,0.0373337253928185,0,-74.3637980645343,-27.6260694055728,1833.87600311126,60.2097729646573,-23.3335891514464,1817.39417008927,217.27401837206,147.090250495287,1580.32675898753,-192.040785900431,179.653526043659,1572.96299400088,0,0,0,0,0,0
17662.2406091,742.2,-0.00183045433368534,0.0377202689647675,0,-74.2774021186103,-27.6218505430041,1833.83927866501,60.3018073355048,-23.3228606381275,1817.34011747135,217.49493750736,146.995835978334,1580.20491040109,-191.783621146874,179.767328370967,1572.96258053066,0,0,0,0,0,0
17662.2512182,739.2,-0.0017361450009048,0.037954492866993,0,-74.1825781750414,-27.634055175097,1833.79428998262,60.3770891477886,-23.2396694807842,1817.25773105274,217.691729706804,146.896723577118,1580.10470250772,-191.528426408746,179.863906493529,1572.97605711781,0,0,0,0,0,0
17662.2618617,736.2,-0.00169334758538753,0.0384083971381187,0,-74.011192485949,-27.6044812846618,1833.78915013324,60.6424774076064,-23.3300202247868,1817.34048707468,217.917796282163,146.798370587066,1580.03543695739,-191.269107696112,179.978063888111,1572.96481837034,0,0,0,0,0,0
17662.272429,733.2,-0.00211314298212528,0.0392967969179153,0,-73.8176986557032,-27.5990608268157,1833.78871140306,60.7271086301689,-23.3620263553399,1817.25404487897,218.137815056413,146.70922518451,1579.98416756327,-190.951451362829,180.075966671231,1572.94641793281,0,0,0,0,0,0
17662.2865278,730.2,-0.00217338930815458,0.0399480633437634,0,-73.5236435873515,-27.6240396308421,1833.80493554406,60.9973381932809,-23.4583297886851,1817.26602106882,218.409156922049,146.590947804657,1579.93598608316,-190.683665619479,180.121265508882,1573.03398580718,0,0,0,0,0,0
17662.3066311,727.2,-0.00181168760173023,0.0393230639398098,0,-73.4499880560411,-27.6193650471033,1833.80353358063,61.0451655436825,-23.4615664944588,1817.23845171014,218.480972173648,146.545607345987,1579.92679764592,-190.60080630807,180.126663888745,1573.03581749241,-0.196400001645088,0.340000003576279,0.919700026512146,15.0500001907349,73.0400009155273,225.240005493164
17662.317272,724.2,-0.00125834229402244,0.0387570060789585,0,-73.0363272785508,-27.6272227947839,1833.86526012782,61.6026614002658,-23.8914424022586,1817.24540842325,218.932527983976,146.304341968369,1579.87761001667,-190.200539710655,180.165213359311,1573.12348975834,0,0,0,0,0,0
17662.3279774,721.2,-0.00230825901962817,0.0396637156605721,0,-72.5185634586299,-27.6538638663166,1833.99098368389,62.2243790916984,-24.0512234327229,1817.30256955109,219.448563465069,146.014217427489,1579.783915533,-189.670423272139,180.173516156082,1573.22859913322,0,0,0,0,0,0
17662.3387388,718.2,-0.00349300680682063,0.0408244304358959,0,-72.2074191040478,-27.662581389136,1834.06734613047,62.5417217667088,-24.0875988900335,1817.3288593044,219.684701946277,145.883522524405,1579.7386053162,-189.447839689099,180.128068024942,1573.32049923534,0,0,0,0,0,0
17662.3497195,715.2,-0.00226039788685739,0.0405402950942516,0,-71.6879443695385,-27.7112341463403,1834.23992818834,62.9423748968303,-24.0662634148109,1817.3205220912,220.02834775581,145.74811278433,1579.6717344194,-189.123658398989,180.057424613817,1573.39847307706,-0.235799998044968,0.298400014638901,0.924899995326996,10.8100004196167,72.1999969482422,225.25
17662.3603436,712.2,-0.00336221023462713,0.0394042380154133,0,-71.2226025244289,-27.7183420597008,1834.36009296705,63.4453230022003,-24.1855370453191,1817.41488283618,220.402835874603,145.604359484661,1579.61014672686,-188.832789302606,179.953516361268,1573.54138151874,0,0,0,0,0,0
17662.370918,709.2,-0.00228086858987808,0.0406138360500336,0,-71.08670938051,-27.7344666820339,1834.3854611681,63.5341119421861,-24.1688640403529,1817.41382495804,220.488682230335,145.573647010998,1579.58493636395,-188.710110223943,179.953988984663,1573.52199866499,0,0,0,0,0,0
17662.3815406,706.2,-0.00298580434173346,0.0403698332607746,0,-70.7920748389419,-27.7436658075141,1834.45428299537,63.8219580001321,-24.1113660921815,1817.42784230515,220.733137924879,145.462042758595,1579.5695536154,-188.39889668504,179.926476881744,1573.56053677649,0,0,0,0,0,0
17662.3921261,703.2,-0.00314466143026948,0.0405669756233692,0,-70.26090908264,-27.8077307585957,1834.53180070774,64.2449723136043,-23.8524448263014,1817.38393141447,221.198441123441,145.251750702483,1579.57753482384,-187.923274453139,179.86532464456,1573.60516299984,0,0,0,0,0,0
17662.4027647,700.2,-0.00354665191844106,0.0409738704562187,0,-70.1253839914047,-27.8272374650225,1834.55214143777,64.3635659644026,-23.8653244230845,1817.41244116904,221.302676888563,145.198770894395,1579.56677548607,-187.842755153738,179.841125159827,1573.6328578076,0,0,0,0,0,0
17662.4133559,697.2,-0.00325331464409828,0.0411997385323048,0,-69.6990999310025,-27.8755619476379,1834.62787044877,64.8343404598046,-24.0363352602033,1817.45897244569,221.780394935944,144.889307443341,1579.5491917915,-187.308322537938,179.87907078081,1573.57314935072,-0.230900004506111,0.413500010967255,0.880699992179871,2.53999996185303,79.4899978637695,221.470001220703
17662.4239697,694.2,-0.00282466481439769,0.0406662993133068,0,-69.4642611996454,-27.904520205709,1834.64699520451,65.0700573802055,-24.0690177013731,1817.48121849432,221.992067504658,144.727378116487,1579.54824538264,-187.083716276071,179.871478859096,1573.57127719749,0,0,0,0,0,0
17662.4399884,691.2,-0.0048621604219079,0.0434547685086727,0,-69.3684918291459,-27.9176759131007,1834.66455777775,65.1665778856159,-24.0460386359007,1817.46236858431,222.094850237249,144.636600777478,1579.53463078087,-186.949411242409,179.893919886637,1573.55443252372,0,0,0,1.52999997138977,79.2900009155273,221.389999389648
17662.4505517,688.2,-0.00379247800447047,0.0420496188104153,0,-68.7150920258908,-27.9921250001587,1834.65605792299,65.7352784582584,-24.154076761043,1817.38919898392,222.604762386156,144.310710402728,1579.41769582451,-186.430372536595,179.897401922731,1573.52578915873,0,0,0,0,0,0
17662.4610907,685.2,-0.00383984483778477,0.0433818645775318,0,-67.9929134757018,-28.091661820949,1834.6679892227,66.2305689239043,-24.1647815441861,1817.32591136201,223.151891838655,144.018491033482,1579.18856918147,-185.880384034662,179.876985029591,1573.57650747383,0,0,0,0,0,0
17662.4741531,682.2,-0.00345815508626401,0.042531943321228,0,-67.8952726292016,-28.1008698228637,1834.65990937226,66.3742700061373,-24.2528794973605,1817.33935598478,223.244663835299,143.974744039867,1579.16195839359,-185.878279555332,179.856573848729,1573.62855291931,0,0,0,-14.2700004577637,89.4300003051758,214.199996948242
17662.4846621,679.2,-0.00383809953927994,0.0429572485387325,0,-67.3864065271558,-28.1695208298774,1834.64381043256,66.9696104806038,-24.5031207423818,1817.29110026424,223.774204794852,143.711418030671,1579.07692480298,-185.3562343252,179.880984757589,1573.63018220415,0,0,0,0,0,0
17662.4951755,676.2,-0.0040463712066412,0.0435011968016625,0,-66.9491327701678,-28.2428168162757,1834.68788349222,67.4947816905575,-24.8099494980537,1817.22115095605,224.453149111448,143.287836450562,1578.98633877317,-184.702283020333,179.889090286347,1573.68253033144,0,0,0,0,0,0
17662.5081296,673.2,-0.00436999322846532,0.0436634704470635,0,-66.4708173001316,-28.2658432600578,1834.63596576356,67.799403006145,-24.8714716810314,1817.11188324227,224.890090191573,142.971622119736,1578.91735165615,-184.18334283627,180.007455596298,1573.68735744528,-0.326499998569489,0.118500001728535,0.937699973583221,-39.7799987792969,88.5299987792969,208.960006713867
17662.5186819,670.2,-0.00431248499080539,0.0439415037631989,0,-66.2627853522615,-28.286725375654,1834.65017850284,68.0008673268579,-25.0474457179103,1817.09661231458,225.119187025931,142.838306663729,1578.8924739243,-183.967498051019,180.007802269176,1573.69607141531,0,0,0,0,0,0
17662.5344434,667.2,-0.00449494365602732,0.043402074277401,0,-66.2280092271422,-28.2842530824478,1834.65203251061,68.0703616950416,-25.0697487434691,1817.07952927034,225.204488861712,142.782537011088,1578.85886153809,-183.834797040241,180.031411122284,1573.67184483263,0,0,0,-40.0900001525879,87.6900024414062,209.270004272461
17662.5468968,664.2,-0.0039988555945456,0.0431825093924999,0,-65.8182574175693,-28.3311052348427,1834.65918674301,68.4081785086848,-25.1923638568525,1816.98233984969,225.724597852888,142.500394076551,1578.72546331418,-183.38936009281,179.979294027431,1573.78506685538,0,0,0,0,0,0
17662.5758852,661.2,-0.00473525747656822,0.0437697567045689,0,-65.7244035041951,-28.3281368578948,1834.68710044415,68.567140078948,-25.3077380108058,1817.02921668694,225.831921173,142.437222567144,1578.69738582168,-183.254923741023,179.994843436187,1573.78392198001,0,0,0,-38.2200012207031,69.1900024414062,217.869995117188
17662.5865687,658.2,-0.00521534215658903,0.0442479982972145,0,-65.3089699987159,-28.3904593802013,1834.72488371714,68.9717130142739,-25.4770061632895,1816.97831918942,226.303195391923,142.088062890464,1578.61010868604,-182.658465833528,180.052422286191,1573.88456028338,0,0,0,0,0,0
17662.5972142,655.2,-0.00515817431733012,0.0451865516602993,0,-64.7866936727648,-28.3714938379944,1834.79021306927,69.5034269057346,-25.7050244738813,1817.02807312811,227.02332793789,141.541217130755,1578.59245259443,-182.013832868712,180.022966633553,1574.00795394274,0,0,0,0,0,0
17662.6078761,652.2,-0.00578179303556681,0.046148257702589,0,-64.29418338615,-28.4172084474636,1834.92492357696,70.0355735232531,-25.8798888150613,1817.21608025426,227.61827892661,141.08816878432,1578.48895504813,-181.33861094071,180.04865991145,1574.1720157345,0,0,0,0,0,0
17662.6184558,649.2,-0.00705118104815483,0.0446642361581326,0,-64.227111091318,-28.4156775369174,1834.94344392649,70.1549032369286,-25.9188791482134,1817.25815302301,227.722079179638,141.027452088366,1578.47640047667,-181.209358850789,180.035498695762,1574.1975750649,0,0,0,-40.4000015258789,69.5599975585938,217.130004882812
17662.6289956,646.2,-0.00716348132118583,0.0459009543061256,0,-63.7004622854425,-28.5019672508969,1835.04260675396,70.6736083021525,-26.1479247457691,1817.34533669198,228.293161648494,140.704050410865,1578.43085610592,-180.585946709793,179.994996382872,1574.35704316928,0,0,0,0,0,0
17662.6395126,643.2,-0.0074433614499867,0.0453113935887814,0,-63.1247105812439,-28.6256474070081,1835.25772728227,71.4337582977592,-26.5013558809109,1817.52018203398,228.867530616766,140.297343337692,1578.42484436827,-179.915108094089,179.965689908138,1574.53683080886,0,0,0,0,0,0
17662.6500195,640.2,-0.00813224818557501,0.0460468515753746,0,-62.6121597497266,-28.6653104239027,1835.35277874953,72.0359256924853,-26.7948559810951,1817.60861341947,229.40615578772,139.993136647861,1578.4468867889,-179.374436100199,179.939701741334,1574.65190375759,0,0,0,0,0,0
17662.6606423,637.2,-0.00892014149576426,0.0466420970857143,0,-62.4639442629417,-28.6940409236493,1835.38693464224,72.1671792494944,-26.834196758279,1817.61512682212,229.513846223943,139.946739172254,1578.44787223391,-179.376898079521,179.891987716369,1574.74626810234,0,0,0,0,0,0
17662.6896192,634.2,-0.00897891633212566,0.0459547623991966,0,-62.3129696342837,-28.7113040074823,1835.39294733946,72.2681174524995,-26.8557906929694,1817.61332975071,229.635643577889,139.884718296352,1578.45147880536,-179.233299984171,179.900757730767,1574.7472782864,0,0,0,-40.8400001525879,87.8099975585938,209.070007324219
17662.7003815,631.2,-0.00955534260720015,0.0450561851263046,0,-61.6629154265641,-28.8334586388788,1835.455185491,72.6510534752353,-26.7777426076913,1817.53311283262,230.190606868014,139.632561969767,1578.48542469591,-178.660250351128,179.927355858368,1574.84945502235,0,0,0,0,0,0
17662.7109017,628.2,-0.00933412741869688,0.0459386132657528,0,-61.0879385459632,-29.000446819642,1835.57292808163,73.2232596290496,-26.7502291372669,1817.47805001646,230.712368290656,139.377444118589,1578.47623687225,-178.071884846424,179.868367008079,1574.94364361108,0,0,0,0,0,0
17662.7214867,625.2,-0.0100790401920676,0.0460611343383789,0,-60.3081427866734,-29.1186838183565,1835.60052179413,73.8320982451309,-26.7917136834927,1817.46118973136,231.320537073904,139.085801786445,1578.41665518955,-177.361647763888,179.861518497573,1574.92911887755,0,0,0,0,0,0
17662.7321551,622.2,-0.0100158173590899,0.0459680281579495,0,-59.8190084316028,-29.2162015761044,1835.60472881522,74.3162803725181,-26.8033627421238,1817.50472632907,231.629314719697,138.921652857481,1578.34728494061,-176.959113428331,179.862549698668,1574.85643080944,-0.344199985265732,0.244599997997284,0.906499981880188,-33.4300003051758,84.4800033569336,212.539993286133
17662.7427855,619.2,-0.0100147221237421,0.0459199383854866,0,-59.3826173402634,-29.3193198740664,1835.5987977707,74.819814883539,-26.7796028073945,1817.47644763006,232.002739989719,138.794184922339,1578.27503988568,-176.640817285972,179.761968421158,1574.85179920259,0,0,0,0,0,0
17662.753297,616.2,-0.0100280791521072,0.0465857371687889,0,-58.8764723104859,-29.4106322083196,1835.57714862969,75.3378248956581,-26.8222426386857,1817.5341221404,232.350210936838,138.653685303036,1578.17832742559,-176.331851111506,179.686363744278,1574.84005436997,0,0,0,0,0,0
17662.782767,613.2,-0.0105723440647125,0.0462911933660507,0,-58.7545143012408,-29.438584300892,1835.58116647661,75.4902083406169,-26.8907127106619,1817.55149293688,232.452146156742,138.62897929791,1578.15704784559,-176.23257413157,179.694212099846,1574.81293881706,0,0,0,-19.6399993896484,93.0800018310547,211.220001220703
17662.7934101,610.2,-0.00983648002147675,0.0462522678077221,0,-58.2117464806106,-29.5608681196786,1835.53414151085,76.04318317279,-26.9069164879157,1817.54285967197,232.852769176091,138.495742307173,1578.04140187795,-175.795091455989,179.657058231594,1574.77091794468,0,0,0,0,0,0
17662.8061081,607.2,-0.00994226802140474,0.0462159462273121,0,-57.9060211695385,-29.604102298309,1835.52200315574,76.2975569710339,-26.8371355259556,1817.48959384223,233.112714436598,138.408003396008,1577.95265952968,-175.601171887839,179.617327896226,1574.75520258579,0,0,0,0,0,0
17662.8203136,604.2,-0.0108618177473545,0.0472415149211884,0,-57.839051032148,-29.6192758869532,1835.52242207006,76.4614983127325,-26.911063897709,1817.54643626008,233.1898623399,138.377546946759,1577.93098391869,-175.51118613478,179.603478994907,1574.73211527323,-0.478399991989136,0.10360000282526,0.871999979019165,0,0,0
17662.8308862,601.2,-0.0104017285630107,0.0462323971092701,0,-57.3920047106796,-29.664643451525,1835.45715439063,76.9288865772021,-26.9879399876564,1817.4701656017,233.558142567783,138.294074361884,1577.78674918864,-175.172854938421,179.504465176196,1574.74425754996,0,0,0,0,0,0
17662.8414792,598.2,-0.0101239504292607,0.046407038718462,0,-56.4966248343068,-29.7581375670319,1835.39338597658,77.7399269541765,-27.1092543466445,1817.29307704425,234.128114809976,138.242769923038,1577.54236199705,-174.585140580417,179.320973236473,1574.75132846725,0,0,0,0,0,0
17662.8558373,595.2,-0.0100603057071567,0.0465211629867554,0,-56.4440730473851,-29.7477051765691,1835.38988325256,77.7971721251651,-27.116570873001,1817.25491850772,234.157661894103,138.237401295081,1577.49840861739,-174.534908005417,179.291938170931,1574.75113452666,0,0,0,-44.0200004577637,86.1900024414062,209.020004272461
17662.8663741,592.2,-0.00996074266731739,0.0461682140827179,0,-56.1900854142827,-29.7712778756444,1835.39533931312,77.9886698729406,-27.1385983516947,1817.2335927135,234.264044312902,138.245007466353,1577.4362962419,-174.423617577143,179.228080578101,1574.77489701407,0,0,0,0,0,0
17662.8770461,589.2,-0.00983043201267719,0.0466614946722984,0,-55.9532160524302,-29.7867059749456,1835.41089383942,78.1458951789604,-27.0520542003423,1817.14533036461,234.417944943159,138.257367596056,1577.35563661509,-174.317537199958,179.124368382283,1574.82313633317,0,0,0,0,0,0
17662.8876767,586.2,-0.0111617892980576,0.0482539184391499,0,-55.5605527740516,-29.8326414933633,1835.51126105452,78.6060405202639,-27.1072030148406,1817.10001013991,234.61322277835,138.265567914081,1577.22107418046,-174.124353669134,179.022333250583,1574.91380569815,0,0,0,0,0,0
17662.8982979,583.2,-0.0100959716364741,0.0463819786906242,0,-55.1931139128895,-29.8822137020417,1835.59847223574,79.015004297614,-27.2284710099319,1817.13242602412,234.782819679821,138.281081832961,1577.1635103895,-173.963640387982,178.903145099751,1575.00344969554,0,0,0,0,0,0
17662.9089298,580.2,-0.0102395107969642,0.0466604143381119,0,-54.9059347697593,-29.9078353238757,1835.67694122591,79.2885923452308,-27.2227327598744,1817.11552574221,234.883849083155,138.302065442549,1577.14500954902,-173.842306828046,178.837901509849,1575.05784189155,0,0,0,0,0,0
17662.9195256,577.2,-0.0118005089461803,0.046728590875864,0,-54.6051829120495,-29.9671518843871,1835.71520555938,79.6098422846218,-27.2188365678769,1817.1614203632,235.001047149811,138.30427730571,1577.14734981242,-173.740744763639,178.786281903204,1575.12994764313,0,0,0,0,0,0
17662.9301142,574.2,-0.0109080485999584,0.0462938085198402,0,-54.332574691302,-29.9721448319232,1835.76301393382,79.9711748221841,-27.3084968883505,1817.19287119674,235.104461150349,138.303643712511,1577.15188919371,-173.605817483025,178.702657739547,1575.16381517838,0,0,0,0,0,0
17662.940792,571.2,-0.010846252553165,0.0464004039764404,0,-54.1310905874735,-30.0139758461396,1835.79352116511,80.2817435401985,-27.3087436144262,1817.23257137082,235.198873819814,138.297111583909,1577.15938977818,-173.479417330605,178.648607390368,1575.17878561517,0,0,0,0,0,0
17662.9523829,568.2,-0.0106788659468293,0.046428157389164,0,-54.0658600482584,-30.023219842731,1835.8181465001,80.3311268287456,-27.319758900255,1817.22235714378,235.240735785404,138.292625190174,1577.16671695944,-173.442583053329,178.634197308245,1575.19024809845,0,0,0,-65.6600036621094,91.379997253418,198.529998779297
17662.9629357,565.2,-0.0109966285526752,0.0467779099941254,0,-53.6889077767546,-30.112265642873,1835.86793418369,80.5823945103712,-27.185897206333,1817.20264356681,235.408268685561,138.25733341928,1577.18172666013,-173.285277791065,178.569882245595,1575.22912197322,0,0,0,0,0,0
17662.9735682,562.2,-0.0104935988783836,0.046284607052803,0,-53.4399340051606,-30.1786306849905,1835.91593797727,80.7983387124477,-27.1906641055176,1817.21921211233,235.488038418869,138.233046333878,1577.18216870694,-173.177012031134,178.515213131994,1575.2411822404,0,0,0,0,0,0
17662.9841553,559.2,-0.0100538237020373,0.0464198276400566,0,-53.2707831286804,-30.2207842274606,1835.95818536595,80.9091914790798,-27.1305100605218,1817.15424383078,235.595613398875,138.185311754172,1577.20359448773,-173.086462483774,178.475822848565,1575.26503194374,0,0,0,0,0,0
17662.9949113,556.8,-0.00993606075644493,0.0462124519050121,0,-53.0601268049315,-30.2541299307173,1835.97769460182,81.0156326022244,-26.9768679134562,1817.15284099147,235.678061063458,138.139288359975,1577.20690272481,-173.074134063207,178.448696151141,1575.33425647934,0,0,0,0,0,0
17663.0055865,559.8,-0.0107523491606116,0.0462350644171238,0,-52.7737836735192,-30.3034374550804,1836.00633405233,81.2404647882322,-26.986912288441,1817.17686750176,235.851885339965,138.06251835856,1577.21569738996,-172.803122122037,178.530437516671,1575.26815664116,0,0,0,0,0,0
17663.016474,562.8,-0.00868394784629345,0.0476070441305637,0,-52.6303345433947,-30.3326703176998,1835.97563518096,81.3817060478573,-27.0225728523565,1817.16904425692,235.975306436787,138.018793283398,1577.20508907394,-172.671964810487,178.556493793025,1575.25835248972,0,0,0,0,0,0
17663.0270368,565.8,-0.0101000079885125,0.0467493370175362,0,-52.5711857909528,-30.3391364352195,1835.88096887548,81.4424786977846,-27.1174216308184,1817.0608878685,236.200656265938,137.975967356026,1577.14911485441,-172.507897114787,178.535793547945,1575.24389656871,-0.474400013685226,0.228499993681908,0.850099980831146,-69.0500030517578,48.1800003051758,214.630004882812
17663.0375595,568.8,-0.0107572767883539,0.0459674581885338,0,-52.5041164563847,-30.3219178079084,1835.8660280342,81.4699015375158,-27.1315013187241,1817.05651597761,236.265122430759,137.960414027128,1577.12876303526,-172.515742091244,178.506320066429,1575.26150361046,0,0,0,0,0,0
17663.0481168,571.8,-0.0101044625043869,0.046945633739233,0,-52.5230883647269,-30.2990947464499,1835.81794348929,81.4400735269874,-27.1368348171536,1816.99899609977,236.282191963567,137.95742576915,1577.05274505916,-172.47422191912,178.502749344591,1575.25057583715,0,0,0,0,0,0
17663.085326,574.8,-0.00995552726089954,0.0470630474388599,0,-52.5048501501577,-30.3047896629159,1835.81519357281,81.4741949187577,-27.1873364418404,1817.00468552866,236.285823237881,137.954080991246,1577.03107874408,-172.443064333748,178.525881961639,1575.22615901621,0,0,0,-71.3399963378906,52.8400001525879,212.270004272461
17663.0960204,577.8,-0.0098503902554512,0.0466446004807949,0,-52.5317190477882,-30.3032726615643,1835.74266504461,81.5078122478031,-27.1698301382523,1816.9971346003,236.380205988961,137.963494149341,1576.92865069224,-172.400434303947,178.482237323772,1575.20552682886,0,0,0,0,0,0
17663.1072018,580.8,-0.00980681926012039,0.0476963877677918,0,-52.5494312987764,-30.2756380120764,1835.70417692477,81.4421410404874,-27.1697154561115,1816.90720601389,236.440463675158,138.005866870349,1576.7824742151,-172.329988843099,178.429055765132,1575.12646700297,0,0,0,0,0,0
17663.1177811,583.8,-0.00979607179760933,0.0466281421482563,0,-52.5344485919727,-30.2836414401242,1835.69229204109,81.5030198364893,-27.2929885619574,1816.91052225887,236.444851307672,138.045404914447,1576.66337439274,-172.316651839608,178.352924759028,1575.07753485145,0,0,0,0,0,0
17663.1283847,586.8,-0.00853173341602087,0.0466279707849026,0,-52.4961119545456,-30.3025920615452,1835.67857550042,81.5116648019087,-27.2844622345327,1816.89115920396,236.466270974756,138.069902277397,1576.62750519724,-172.325217296011,178.302879809073,1575.07930305689,0,0,0,0,0,0
17663.1390308,589.8,-0.00969667546451092,0.0474738910794258,0,-52.4927198021841,-30.3168170683221,1835.67341917748,81.5275848221684,-27.1988059774091,1816.91279114026,236.467060707019,138.090441693317,1576.61754799655,-172.334314183007,178.265067051012,1575.06656701432,0,0,0,0,0,0
17663.149623,592.8,-0.0101605886593461,0.0465194270014763,0,-52.424931366678,-30.3720592579636,1835.67333327361,81.6073046884299,-27.2922020018185,1816.91638342719,236.477617681823,138.086698572099,1576.62543197288,-172.360647094412,178.163326517191,1575.05403585905,0,0,0,0,0,0
17663.1718471,595.8,-0.0094075994566083,0.0477646984159946,0,-52.4028140618181,-30.378999043026,1835.66719533451,81.5969952935795,-27.2706479312522,1816.91606104497,236.464419794955,138.078759631316,1576.61935096675,-172.369377919905,178.161449094855,1575.05119699067,0,0,0,-65.0699996948242,67.6699981689453,209.619995117188
17663.1824168,598.8,-0.00963219068944454,0.047284173220396,0,-52.3566436038043,-30.4475532041409,1835.65858988399,81.6480915108002,-27.261843333613,1816.91365256977,236.463478579704,138.039372062248,1576.66293613758,-172.421798103988,178.079235596868,1575.02041535333,0,0,0,0,0,0
17663.193185,601.8,-0.0096076475456357,0.0473270066082478,0,-52.3405126192979,-30.4908054432738,1835.66563122948,81.6730484766419,-27.2913751012983,1816.93590474899,236.476789152158,138.036974631445,1576.6926160633,-172.445361325541,178.015773836366,1575.0218339434,0,0,0,0,0,0
17663.2037277,604.8,-0.00954415369778872,0.0466379620134831,0,-52.2884873814501,-30.538707476381,1835.67177787623,81.6155845153674,-27.1482747507072,1816.90366423696,236.455981846168,138.011888930881,1576.71193492412,-172.463853889145,177.977470757022,1575.00168327011,0,0,0,0,0,0
17663.2181994,607.8,-0.00842868164181709,0.0456412456929684,0,-52.3025753026327,-30.5514394564247,1835.68415248408,81.6322406724395,-27.1519138862063,1816.90928581799,236.454539573301,137.99431602095,1576.72627234336,-172.45418546549,177.955751773436,1574.99687627249,0,0,0,-65.0800018310547,58.6500015258789,213.100006103516
17663.2287093,610.8,-0.00862263701856136,0.0460424110293388,0,-52.3321924641076,-30.616505596751,1835.65891591062,81.6258275258968,-27.2026490074141,1816.9025101807,236.427549522922,137.931123607197,1576.77937797307,-172.478613951756,177.865976269573,1574.94363821941,0,0,0,0,0,0
17663.2392953,613.8,-0.00947308540344238,0.0468798041343689,0,-52.4125328271201,-30.7173345846958,1835.6651959194,81.5785257085725,-27.2724555932816,1816.87306747151,236.379582462283,137.84378225093,1576.82297758131,-172.553406374854,177.731149424657,1574.95175352465,0,0,0,0,0,0
17663.2501949,616.8,-0.00831764284521341,0.0462550804018974,0,-52.4103794792476,-30.804189449097,1835.61241033771,81.5487481556479,-27.3680222916319,1816.86228840407,236.356663342064,137.790726379991,1576.83196446198,-172.56402467006,177.666404037952,1574.92729090877,0,0,0,-64.9400024414062,61.4500007629395,212.119995117188
17663.2607126,619.8,-0.00862604100257158,0.0453967325389385,0,-52.4310642195717,-30.8436317775843,1835.58479161007,81.5322171098454,-27.4151091304022,1816.8431256301,236.333283981792,137.759828222609,1576.83260336005,-172.594737387295,177.59463618109,1574.91955973816,0,0,0,0,0,0
17663.2712729,622.8,-0.00741135748103261,0.0464435912668705,0,-52.4911949819488,-30.9152672938395,1835.55914885821,81.4558517627911,-27.4674610568557,1816.79901965001,236.323938581729,137.72085174853,1576.81625355662,-172.591905120349,177.524094967065,1574.89779506973,0,0,0,0,0,0
17663.2818496,625.8,-0.00802135840058327,0.0451300650835037,0,-52.5028692419229,-31.0179117889841,1835.52516163514,81.4457289248844,-27.5461442038638,1816.7763475712,236.317875502954,137.648216531036,1576.80631827622,-172.600542864698,177.422748174412,1574.87383836208,0,0,0,0,0,0
17663.2925561,628.8,-0.00792950391769409,0.045346724241972,0,-52.5565507984201,-31.0876865971957,1835.46791998434,81.4299354108419,-27.6540849319952,1816.78096036537,236.299763427086,137.59117581916,1576.78841254313,-172.646302353083,177.289697387565,1574.87783417954,0,0,0,0,0,0
17663.3057199,631.8,-0.00756411906331778,0.0446052797138691,0,-52.6511854440013,-31.2388928166031,1835.41553264358,81.4314887566798,-27.8600338450321,1816.79078826429,236.302189441024,137.518575694321,1576.74088851484,-172.479563968453,177.171786911216,1574.73923150757,0,0,0,-73.1500015258789,76.9800033569336,202.360000610352
17663.3166452,634.8,-0.00761113688349724,0.0439820498228073,0,-52.7233128083394,-31.432213059768,1835.3010314775,81.3236320088745,-28.0481522308811,1816.72501001665,236.358007492202,137.442936421237,1576.67447839746,-172.459564106481,176.933138106167,1574.68214137722,0,0,0,0,0,0
17663.3273661,637.8,-0.00737025635316968,0.0451729208230972,0,-52.7906082525173,-31.5481816485686,1835.23014641426,81.3261286365462,-28.2098157746608,1816.76277776515,236.384081487084,137.396931339394,1576.6304509247,-172.476481554922,176.776543244348,1574.6683248445,0,0,0,0,0,0
17663.352238,640.8,-0.00853955652564764,0.0445684552192688,0,-52.8263598877579,-31.5790255635169,1835.21713407472,81.2632863077171,-28.1958263693032,1816.70094376319,236.380042995422,137.363388564344,1576.6146511038,-172.465607022442,176.737611590815,1574.65530149006,0,0,0,-81.3199996948242,85.0599975585938,194.669998168945
17663.3629978,643.8,-0.00840489566326141,0.0436102658510208,0,-52.9350816776473,-31.8020075833623,1835.13713015468,81.2061949037146,-28.4867026053808,1816.669952876,236.464783052826,137.313895185238,1576.54541986255,-172.394693502761,176.530621245516,1574.59404012352,0,0,0,0,0,0
17663.373625,646.8,-0.00822229776531458,0.044967232644558,0,-52.9908747334049,-31.9350925305792,1835.07432234334,81.1865071035589,-28.6239619277192,1816.64267323119,236.509701878662,137.265283818391,1576.51692359202,-172.355236408579,176.442393366217,1574.56347261154,0,0,0,0,0,0
17663.3841745,649.8,-0.00804204773157835,0.0450720958411694,0,-52.9225683636729,-32.1046738747735,1835.00026988075,81.1680078915207,-28.7918302958328,1816.58911908593,236.541727294031,137.181880771003,1576.51595030378,-172.254629567668,176.365051064919,1574.53407952253,0,0,0,0,0,0
17663.3948006,652.8,-0.00769664160907269,0.0451763927936554,0,-52.8466617464677,-32.4523569858634,1834.77059750226,81.1699851926631,-29.0457186044471,1816.43079314458,236.63176685498,137.058856103896,1576.53213937452,-172.196749782615,176.165991759566,1574.59782314052,0,0,0,0,0,0
17663.4054387,655.8,-0.00808670464903116,0.0454989694058895,0,-52.7302558560276,-32.5994931551061,1834.69352481685,81.19122432231,-29.1829083225852,1816.30323659985,236.654680253712,137.011590090902,1576.53736163911,-172.222276530013,176.079719792833,1574.65503908517,0,0,0,0,0,0
17663.4160538,658.8,-0.0076883789151907,0.0455833323299885,0,-52.6921622182898,-32.7635907531668,1834.62830175218,81.1710584985771,-29.2106406959892,1816.1387482983,236.672175893759,136.935629012952,1576.5697728567,-172.208201739312,175.986791369881,1574.70901616182,0,0,0,0,0,0
17663.4269593,661.8,-0.00745590031147003,0.0458363242447376,0,-52.6431342858577,-32.9568975498192,1834.59086995892,81.2572702909543,-29.4551442164301,1816.02975613567,236.690493112779,136.874166590836,1576.59685648286,-172.163450151434,175.891681194318,1574.74057324629,0,0,0,0,0,0
17663.4376225,664.8,-0.00868820585310459,0.0483629167079926,0,-52.5358468981637,-33.138922754542,1834.56574747801,81.3729174367513,-29.6151359445383,1815.9701259535,236.70155223549,136.814501861162,1576.63741317599,-172.165173249463,175.78222216787,1574.80101594241,0,0,0,0,0,0
17663.4484795,667.8,-0.00691780634224415,0.0470392465591431,0,-52.3742402464528,-33.4418702166169,1834.52580746972,81.6995853223506,-30.0771654006644,1815.99692916606,236.733275156835,136.665677106304,1576.70576353288,-172.191701995242,175.586943912209,1574.96316818561,0,0,0,0,0,0
17663.4855659,670.8,-0.00707665644586086,0.0480284862220287,0,-52.3372917297873,-33.4978016893358,1834.52014115148,81.7177102930522,-30.1133176419732,1815.99012697656,236.729548921157,136.647180819046,1576.71914565183,-172.192624392152,175.561395018049,1574.98833209069,0,0,0,-37.9099998474121,74.25,215.919998168945
17663.4962332,673.8,-0.00724650081247091,0.047510901838541,0,-52.0993610733411,-34.0287863958191,1834.61548859523,81.9995368009072,-30.4925748518223,1816.02330997944,236.771057905345,136.463354026645,1576.83446100518,-172.130768550961,175.364959273327,1575.20472016896,0,0,0,0,0,0
17663.5074472,676.8,-0.00702342763543129,0.047913158684969,0,-51.829901968544,-34.3199218940182,1834.74801053926,82.1713423763964,-30.7196233268212,1815.99651474221,236.774958740336,136.354478203682,1576.90959400383,-172.079807936937,175.170313524877,1575.38021125205,0,0,0,0,0,0
17663.5179882,679.8,-0.00710610346868634,0.0488682560622692,0,-51.497254870561,-34.6475904658373,1834.8477889298,82.3850671216922,-30.8393236835749,1816.03111997683,236.820435576648,136.247025798169,1576.96643837835,-172.067442713326,174.893266132022,1575.60707645629,0,0,0,0,0,0
17663.5285575,682.8,-0.00632797461003065,0.0476237371563911,0,-51.2595559055734,-34.9109995052678,1834.918191864,82.5855773784365,-30.9748251420981,1816.01120159588,236.884640653999,136.131187729755,1577.01513984234,-172.125233896298,174.560863068889,1575.84496353195,0,0,0,0,0,0
17663.5395523,685.8,-0.00816699769347906,0.0501758217811585,0,-51.2456389416497,-34.9403595941965,1834.94806249705,82.5852375552474,-31.0057065004916,1815.98366627025,236.891837704468,136.110755793815,1577.0165069658,-172.09377899963,174.532400954673,1575.84467266051,0,0,0,-37.560001373291,82.5100021362305,212.570007324219
17663.5500943,688.8,-0.00802682340145111,0.0479826278984547,0,-50.9756165914186,-35.1387480063878,1835.00303809233,82.7789268621971,-31.1535129416508,1816.00117294817,236.94995918626,136.039824999124,1577.00479742015,-171.97175554238,174.281137858116,1575.88492593528,0,0,0,0,0,0
17663.572473,691.8,-0.00703155575320125,0.0488707408308983,0,-50.9692609576774,-35.173420507504,1835.00397439419,82.800325680644,-31.1666391678221,1815.99650643958,236.968568664555,136.026566848419,1577.01426999395,-171.930746937392,174.244754319186,1575.87137823578,0,0,0,-31.5,75.7900009155273,216.919998168945
17663.5830747,694.8,-0.00885587465018034,0.048666550219059,0,-50.8290808124481,-35.3619136838481,1835.03726740421,83.0975976132753,-31.4148626838867,1816.10711713494,237.054332269479,135.947909294539,1576.994395309,-171.818314813037,174.016316407078,1575.84518138077,0,0,0,0,0,0
17663.5937047,697.8,-0.00804879236966372,0.0490389972925186,0,-50.6008110360214,-35.6072104718141,1835.00271891822,83.2992483487752,-31.621573060704,1816.06597682706,237.162265511189,135.866281188496,1576.95669573192,-171.805790682734,173.794270125754,1575.87614655502,0,0,0,0,0,0
17663.6178752,700.8,-0.00772435963153839,0.0495923146605492,0,-50.528706930019,-35.6377231968963,1834.97723026225,83.3704374811247,-31.6850706829504,1816.09327908027,237.173260325785,135.846820458582,1576.95776518027,-171.775625344509,173.775188768549,1575.86109637053,0,0,0,-16.8799991607666,74.6699981689453,220.539993286133
17663.6284711,703.8,-0.00810810457915068,0.0494642019271851,0,-50.4417954508486,-35.8468057914003,1834.89876298697,83.5169359434239,-31.8467439009739,1816.00187069755,237.2579144068,135.78707314931,1576.92800409449,-171.676313110252,173.663360650566,1575.83066726258,0,0,0,0,0,0
17663.6390608,706.8,-0.0091488054022193,0.0506952725350857,0,-50.3824382247064,-36.0652318896843,1834.77222099083,83.659395770034,-31.9863538153982,1815.85877131553,237.363174499515,135.738710419614,1576.9318988655,-171.531151319857,173.541267221595,1575.77798394877,0,0,0,0,0,0
17663.6497277,709.8,-0.00869825016707182,0.050857300311327,0,-50.2446117760115,-36.3276072863645,1834.62096251676,83.8155780573692,-32.1477516603837,1815.74568995065,237.454353569445,135.726215899514,1576.93772253497,-171.429353066856,173.428187009046,1575.78467828698,0,0,0,0,0,0
17663.6711431,712.8,-0.00898450240492821,0.049785627424717,0,-50.2005202071156,-36.3508938063974,1834.59850597826,83.8253801103178,-32.1289087418215,1815.73891754602,237.478145130081,135.725209609284,1576.94893976472,-171.395773771581,173.411834635619,1575.78404949044,0,0,0,-16.4500007629395,78.6500015258789,218.979995727539
17663.6817502,715.8,-0.0092757623642683,0.0502383358776569,0,-50.0934025770528,-36.5635503555664,1834.4958960319,83.8660804405388,-32.2303973841532,1815.62871504029,237.579333547121,135.76520229473,1576.99316233419,-172.382983311447,173.430596784578,1576.34516677276,0,0,0,0,0,0
17663.6924821,718.8,-0.00908487662672997,0.0502997361123562,0,-50.0256820495721,-36.7317093510303,1834.37600890215,83.9609052016308,-32.3655721411437,1815.56788612956,237.668584756248,135.831753392274,1577.06653564619,-172.330225356695,173.369876539411,1576.46094807707,0,0,0,0,0,0
17663.705148,721.8,-0.00959251821041107,0.0500568993389607,0,-49.9801033003149,-36.7528899503735,1834.35665650451,83.969205021672,-32.375814670646,1815.56124881953,237.701386764394,135.848938852326,1577.09447380474,-172.312830358794,173.350684703609,1576.47376432927,0,0,0,-21.8700008392334,84.4899978637695,215.259994506836
17663.7157742,724.8,-0.00921124964952469,0.0507474005222321,0,-49.9048621602481,-36.8871916160581,1834.3244611926,84.02263204059,-32.4682016109227,1815.53796150784,237.778253774051,135.91101502976,1577.19011636852,-172.388475141314,173.275509958085,1576.63302271084,0,0,0,0,0,0
17663.7263547,727.8,-0.00947822351008654,0.0497534409165382,0,-49.820157236982,-36.977972322561,1834.33296125313,84.1413009887498,-32.5535229113703,1815.56727874047,237.878737172868,136.007163805078,1577.29971486474,-172.340954706152,173.237159096218,1576.76423424559,0,0,0,0,0,0
17663.7537447,730.8,-0.00969147682189941,0.0498966261744499,0,-49.813275310873,-36.9830371829331,1834.34725436898,84.1274843325316,-32.5391981625468,1815.55718374535,237.880904912778,136.030386490893,1577.31112852611,-172.282187525051,173.237281263723,1576.7506558836,0,0,0,-28.4699993133545,81.1999969482422,215.25
17663.7644212,733.8,-0.0104325907304883,0.0501730874180794,0,-49.7582751428798,-37.0367839048538,1834.39701966836,84.2128765879788,-32.547213654916,1815.58464868719,237.922084169578,136.082054711746,1577.37540716942,-172.703151016268,173.106936497979,1577.06938977582,0,0,0,0,0,0
17663.7752358,736.8,-0.00971752312034369,0.0491672478616238,0,-49.6741514241076,-37.0453653329039,1834.39717095249,84.2604307793613,-32.557139227497,1815.60041454021,237.96812974042,136.122072968872,1577.40166959564,-171.835679387605,173.283154991595,1576.71829073997,0,0,0,0,0,0
17663.7857621,739.8,-0.0101960767060518,0.0508794508874416,0,-49.5964176613155,-37.0548152225264,1834.42212255583,84.3153318692801,-32.5330820248438,1815.58997732493,237.979705253031,136.15433964165,1577.41585302563,-171.83075897836,173.252361370052,1576.74517429112,0,0,0,0,0,0
17663.7963239,742.8,-0.00982026383280754,0.049341144412756,0,-49.4563837319281,-37.0418598898936,1834.40822302631,84.4776957184342,-32.5320082073392,1815.6114387863,238.004631711813,136.253425018209,1577.41046242881,-171.77057570419,173.25684950215,1576.7403807038,0,0,0,0,0,0
17663.814956,745.8,-0.00965564325451851,0.0503719210624695,0,-49.4414485874048,-37.03115517018,1834.42685338445,84.440737684166,-32.4591618612071,1815.5735478275,238.004191320974,136.266750516712,1577.40960567803,-171.766287354617,173.275395187634,1576.73267511243,0,0,0,-45.8699989318848,88.5299987792969,223.440002441406
17663.8255956,748.8,-0.0102526508271694,0.0495559670031071,0,-49.2750270672474,-36.9811281826167,1834.36335477124,84.6568598095905,-32.3973377780343,1815.52184190954,238.039959345509,136.463737077697,1577.34889557641,-173.520964624234,172.986864568399,1577.48010951085,0,0,0,0,0,0
17663.8362001,751.8,-0.00975107494741678,0.0504453949630261,0,-49.1942896968797,-36.9550225250389,1834.33963115756,84.7074240843469,-32.3512697210453,1815.49543430427,238.039255600981,136.528394124367,1577.3241031305,-173.585150951528,173.014289346461,1577.49803470394,0,0,0,0,0,0
17663.8467824,754.8,-0.010194550268352,0.0496723636984825,0,-49.1673244175718,-36.8899339641774,1834.20067107239,84.8033539808533,-32.2651257405295,1815.39477543234,238.070008859547,136.685817667459,1577.28906102187,-173.504699679898,173.175071360888,1577.37405345524,0,0,0,0,0,0
17663.8851849,757.8,-0.0101573755964637,0.0496190138161182,0,-49.1590779751039,-36.8546954113981,1834.19119648199,84.7735755609627,-32.2177190358848,1815.34787606535,238.09113094924,136.723250489647,1577.28863662183,-173.502250913429,173.191844718881,1577.33701820468,0,0,0,-11.9899997711182,82.7099990844727,234.789993286133
17663.8958677,760.8,-0.0102803204208612,0.0497625343501568,0,-49.1493752767875,-36.8179580187364,1834.15887912261,84.7984037106041,-32.1670155382985,1815.32085495968,238.085225667432,136.782606595978,1577.26576756237,-173.520662325601,173.237744847439,1577.32359912074,0,0,0,0,0,0
17663.9065332,763.8,-0.0102258399128914,0.0486569911241531,0,-49.0086192930788,-36.5864290012668,1834.04678198645,84.8835406243657,-31.9651307499566,1815.22370321281,238.159773844898,137.088819024813,1577.22435306707,-173.542910894118,173.558855110646,1577.22959241295,0,0,0,0,0,0
17663.9171203,766.8,-0.0103285098448396,0.0489013552665711,0,-48.9057542114702,-36.3807247640122,1833.98987921286,84.872344443048,-31.7559712786875,1815.20789040131,238.1835661258,137.315402767118,1577.20718176687,-173.527791641298,173.752510074592,1577.15763138013,0,0,0,0,0,0
17663.9277054,769.8,-0.0105487406253815,0.0476425312459469,0,-48.9274494444694,-36.1529845783665,1833.98605186937,84.9172341744341,-31.5911269057854,1815.24567701408,238.230130890502,137.523264654124,1577.20637995764,-173.492892248434,173.945085310883,1577.09659335049,0,0,0,0,0,0
17663.9404017,772.8,-0.010217284783721,0.04799629971385,0,-48.9441608274027,-36.106967841907,1833.9782836411,84.9107114259503,-31.560527950995,1815.23970763533,238.240792399472,137.565820421393,1577.21087906127,-173.500313534296,173.972667568732,1577.08809231623,0,0,0,-2.23000001907349,82.5599975585938,236.190002441406
17663.9509224,775.8,-0.0114265456795692,0.0457355886697769,0,-48.9659082038419,-35.8895402150925,1834.00561278342,84.8154854932795,-31.2977140875903,1815.20965308891,238.25192399489,137.699888137551,1577.21411754197,-173.498775597748,174.12808017632,1577.05030519429,0,0,0,0,0,0
17663.9823561,778.8,-0.0099071254953742,0.0477567747235298,0,-48.9982788227178,-35.8428842254402,1834.01225841628,84.8240441002784,-31.2184807990198,1815.22551085074,238.252804168166,137.725630508608,1577.21096779968,-173.488321213218,174.155150953309,1577.03097884328,0,0,0,-0.389999985694885,83.5400009155273,236.029998779297
17663.9930389,781.8,-0.0104808835312724,0.0454639256000519,0,-49.0130693408723,-35.6762125556454,1834.05391573804,84.6684531816858,-30.8006317516537,1815.14789634008,238.259713564583,137.857648228793,1577.19546985329,-173.529865293985,174.281845204835,1576.98499088921,0,0,0,0,0,0
17664.0056789,784.8,-0.0109174167737365,0.0453031457960606,0,-48.9850114312292,-35.5565208799959,1834.03190704347,84.6574347557769,-30.6929117019402,1815.16569775274,238.259048932946,137.924442753735,1577.18101450738,-173.520148506615,174.344040716482,1576.95011445631,0,0,0,0,0,0
17664.0173726,787.8,-0.0108589846640825,0.0448083266615868,0,-48.9469322544119,-35.5255580442075,1834.01922648811,84.6760932085687,-30.6638753347338,1815.17805357321,238.268231937003,137.942804894538,1577.17429175912,-173.534191051276,174.35988140145,1576.93782439336,-0.3158999979496,0.421200007200241,0.850099980831146,0,0,0
17664.0278978,790.8,-0.0107965217903256,0.0457764625549316,0,-49.0838594077729,-35.1973038342378,1834.00719717796,84.6407467928039,-30.4192348284927,1815.2046067681,238.220974659945,138.136864364525,1577.06688868618,-173.413867064872,174.532879595263,1576.74801723079,0,0,0,0,0,0
17664.0592497,793.8,-0.0112829450517893,0.0447864852845669,0,-49.121147180677,-35.1626209628496,1833.98742309146,84.6248705997969,-30.3909184482232,1815.19799319711,238.200375768198,138.145198818876,1577.04847008897,-173.408609760742,174.556410989141,1576.72382864776,0,0,0,2.10999989509583,98.3099975585938,229.789993286133
17664.0698658,796.8,-0.0116348695009947,0.0446372389793396,0,-49.2830590777149,-34.9595718599183,1833.91666174958,84.5531566002369,-30.2667781690824,1815.14561702184,238.203410953154,138.286561232133,1576.95256702078,-171.510140187126,174.821975064608,1575.77700821731,0,0,0,0,0,0
17664.0843861,799.8,-0.0091240843757987,0.0449152573943138,0,-49.2511284406369,-34.9482277656842,1833.8724600403,84.5098799387636,-30.2392217730335,1815.11252623239,238.20163396565,138.31793611057,1576.93574789975,-171.401003511294,174.892064650962,1575.69997062549,0,0,0,-53.6800003051758,92.0400009155273,218.919998168945
17664.0952014,802.8,-0.00965001527220011,0.044675900042057,0,-49.4141955411827,-34.7404127939876,1833.67785038643,84.4649534844529,-30.1290541968301,1815.03150219827,238.096385951454,138.609566613577,1576.73000162566,-170.980690493818,175.249995924942,1575.30738369023,0,0,0,0,0,0
17664.1058177,805.8,-0.00954362284392118,0.0441367462277412,0,-49.4290463894924,-34.6882941727205,1833.64994512431,84.4232448946871,-30.0724651325995,1814.96459864111,238.071238097684,138.710724139764,1576.67701980538,-171.049647164438,175.282517603967,1575.32525297046,0,0,0,0,0,0
17664.116954,808.8,-0.00971356406807899,0.0438858442008495,0,-49.4080207782868,-34.5649501847239,1833.52912161644,84.4453597853415,-30.01244306759,1814.89891110066,238.006499732339,138.933091631132,1576.58505804722,-171.16578843422,175.415370873856,1575.36974421976,-0.221499994397163,0.424600005149841,0.877900004386902,0,0,0
17664.1275669,811.8,-0.00869869068264961,0.042546907812357,0,-49.3187652544064,-34.3034890735649,1833.46733180429,84.5159434570925,-29.8780962131084,1814.68867589055,237.821004015806,139.565082118133,1576.44149901703,-171.502795935953,175.654746317761,1575.55138066436,0,0,0,0,0,0
17664.1523424,814.8,-0.00951624941080809,0.0440913051366806,0,-49.3093040331685,-34.2805710884282,1833.48038471323,84.4985266191814,-29.7791291436877,1814.64754625867,237.785600310594,139.614057213538,1576.43229019575,-171.525181391019,175.673661347808,1575.55827201067,-0.218999996781349,0.488499999046326,0.844600021839142,8.01000022888184,86.9899978637695,235.460006713867
17664.1630301,817.8,-0.00887879822403193,0.0432067610323429,0,-49.064079251442,-34.0808917091149,1833.68772608118,84.7149751163311,-29.151013189213,1814.54636504852,237.518717544647,140.087228003697,1576.47170063321,-171.682276122594,175.72017070903,1575.64647422803,0,0,0,0,0,0
17664.1736436,820.8,-0.00889088399708271,0.043685494363308,0,-48.8900358654138,-34.0594550748556,1833.75201795701,84.8940855398284,-28.9561565383524,1814.65757156691,237.432282677851,140.222689064168,1576.48989392273,-171.716980483075,175.684694635976,1575.65347985468,0,0,0,0,0,0
17664.1842236,823.8,-0.00849803909659386,0.0438244625926018,0,-48.7860768471442,-34.0318960142954,1833.84436361743,84.9799675160769,-28.8041963892267,1814.69192767648,237.368729293431,140.359732330035,1576.51070482351,-171.728911681751,175.691542249171,1575.6343767615,0,0,0,0,0,0
17664.1947972,826.8,-0.00880569405853748,0.0439849779009819,0,-48.6663454569946,-33.993437589676,1833.88989727031,85.0492867542782,-28.6990603185239,1814.73242508184,237.325251179237,140.53139030195,1576.53154379422,-171.823866074712,175.632943527883,1575.67286340532,0,0,0,0,0,0
17664.2054653,829.8,-0.00891015212982893,0.0431593604385853,0,-48.570042350786,-33.9645697214443,1833.91407847568,85.1504619772235,-28.6206849537969,1814.7704399327,237.257300499958,140.669916394236,1576.56320385861,-171.898434706628,175.602354525353,1575.6953389789,0,0,0,0,0,0
17664.2162517,832.8,-0.00844686385244131,0.0426588714122772,0,-48.435349790655,-33.9107223766071,1834.04872175685,85.197288339451,-28.3619796782403,1814.83834726374,237.134059424454,140.933704481798,1576.60030416976,-172.023480251147,175.572216685297,1575.67689809418,0,0,0,0,0,0
17664.227046,835.8,-0.00856795627623796,0.0433035776019096,0,-48.3749250404703,-33.8720913009115,1834.05008099884,85.2619975324186,-28.2909063162224,1814.88326981843,237.047649189473,141.035247010766,1576.58029161284,-172.113495516216,175.5540120121,1575.67833917471,0,0,0,0,0,0
17664.2386877,838.8,-0.00816032662987709,0.0431637935340405,0,-48.365564973119,-33.8605316918806,1834.08002026017,85.3167536398926,-28.2808106096149,1814.92833181303,237.021562910994,141.071650931543,1576.57622729911,-172.138706405111,175.579417875738,1575.66565917178,0,0,0,31.5200004577637,83.9899978637695,237.740005493164
17664.2492823,841.8,-0.00811706855893135,0.0428478330373764,0,-48.3837678780161,-33.7867345956595,1834.07493169182,85.4170296141305,-28.1293097197909,1815.04830333463,236.94238027657,141.252570000679,1576.55713640019,-172.220096310412,175.610298269484,1575.58837621862,-0.225500002503395,0.484899997711182,0.845000028610229,36.4300003051758,82.7600021362305,238.199996948242
17664.2598159,844.8,-0.00808846764266491,0.0424944557249546,0,-48.4009007306142,-33.7322771847228,1834.04863644435,85.4146812826314,-28.0767908902733,1815.05155505201,236.905089463513,141.319254264452,1576.54017011204,-172.254912587378,175.622662582614,1575.55363517714,0,0,0,0,0,0
17664.2897944,847.8,-0.00810512062162161,0.0413468278944492,0,-48.4077939580442,-33.7359943312141,1834.06714109899,85.3343458569576,-28.003743773372,1814.99531919554,236.894169054039,141.356030895327,1576.5313378301,-172.257556127478,175.63734542509,1575.52873706917,-0.167600005865097,0.465999990701675,0.868799984455109,38.9599990844727,82.4700012207031,238.240005493164
17664.3003551,850.8,-0.00758220767602324,0.041838450729847,0,-48.4586813791162,-33.7018876614701,1834.05679028782,85.353921455712,-28.0234978848287,1815.03886849644,236.867436930929,141.401633389182,1576.5177588204,-172.305889482088,175.640344648867,1575.51138190477,0,0,0,0,0,0
17664.3110247,853.8,-0.00830180384218693,0.043548183888197,0,-48.5814877253937,-33.6065061168435,1834.01520443727,85.2539191373912,-27.927884089238,1815.00716606048,236.773103572674,141.546625975882,1576.44445436317,-172.358602755019,175.709399606706,1575.4021376009,0,0,0,0,0,0
17664.3216799,856.8,-0.00786617770791054,0.041966462880373,0,-48.6008174573014,-33.5957666004013,1834.0088113431,85.1536322640381,-27.8406738945917,1814.92487697582,236.769112507108,141.572013000124,1576.43515196374,-172.375231565097,175.734589752754,1575.37367263256,-0.25900000333786,0.479099988937378,0.838699996471405,0,0,0
17664.3323446,859.8,-0.00760464975610375,0.0420150443911552,0,-48.7150550455111,-33.5044743291436,1833.96202224974,85.0263872670863,-27.8121172472463,1814.89212692547,236.695125451381,141.641502350273,1576.37762963225,-172.405102091078,175.76882970033,1575.25446665947,0,0,0,0,0,0
17664.3430519,862.8,-0.00807134062051773,0.0414500184357166,0,-48.8585985169848,-33.4324767240744,1833.8939564069,84.8792935815099,-27.7758148037014,1814.85907659288,236.63269286192,141.719871468819,1576.32659344325,-172.543092294952,175.738582638974,1575.18925406995,0,0,0,0,0,0
17664.3536604,865.8,-0.00761623261496425,0.0413559623062611,0,-48.9951756027892,-33.4328221381965,1833.81357454852,84.7682654010563,-27.7657840240189,1814.88068526794,236.603199908898,141.742315325164,1576.31717259178,-172.644922461592,175.674122144887,1575.1188963925,0,0,0,0,0,0
17664.3716984,868.8,-0.00830914173275232,0.0420077167451382,0,-49.0869472951119,-33.4388502879914,1833.79943492126,84.7339519553779,-27.8302920582049,1814.858480756,236.601304367087,141.746413683056,1576.31279131444,-172.665793610206,175.663489263699,1575.11238069587,-0.26010000705719,0.433099985122681,0.862999975681305,0,0,0
17664.3823426,871.8,-0.00862437393516302,0.0425212703645229,0,-49.2931580766898,-33.4580268141934,1833.71075099609,84.5415164337753,-27.7708470906795,1814.89544226969,236.540992073985,141.689876104042,1576.34208878299,-172.711832599104,175.641047007016,1575.02629104485,0,0,0,0,0,0
17664.3930833,874.8,-0.00865921191871166,0.0412060938775539,0,-49.348329803347,-33.5034263556804,1833.68603360856,84.5298949038002,-27.8214334023957,1814.97203394057,236.529246990094,141.662344236709,1576.37531979442,-172.708672161647,175.669557525657,1574.98086091381,0,0,0,0,0,0
17664.4100489,877.8,-0.00793912913650274,0.041654697060585,0,-49.3291334722964,-33.5320894496215,1833.67290828692,84.5244431165558,-27.8360419020792,1814.9876026352,236.523291939431,141.637922397609,1576.38695873217,-172.715549108525,175.657243015594,1574.97956906375,-0.303999990224838,0.373699992895126,0.876299977302551,32.2099990844727,74.6800003051758,241.559997558594
17664.4205715,880.8,-0.00793179497122765,0.0419651590287685,0,-49.3848771326905,-33.5496653008858,1833.6605472017,84.4363282578809,-27.8178520860778,1814.95034063512,236.506597467554,141.610613676876,1576.40895677292,-172.737519581554,175.652522359774,1574.97442471435,0,0,0,0,0,0
17664.431127,883.8,-0.00918872933834791,0.0419736936688423,0,-49.4926344499228,-33.6496529464912,1833.64490704156,84.1902335880087,-27.8216031988414,1814.87269972937,236.490374426979,141.526045251591,1576.50611679678,-172.760553602552,175.621153055989,1574.96160853812,0,0,0,0,0,0
17664.442675,886.8,-0.00867640320211649,0.040492007881403,0,-49.5492192044712,-33.7390551110399,1833.59548199163,84.1450238434247,-27.9572727416963,1814.97062799171,236.450543896542,141.401437953141,1576.61207173172,-172.779883377707,175.567847267371,1574.96999847314,0,0,0,0,0,0
17664.45328,889.8,-0.0084470808506012,0.0414076656103134,0,-49.5708741929036,-33.7868476695687,1833.59087849603,84.1406772761817,-28.0467065067687,1815.02828218073,236.413654573569,141.327741070826,1576.65866618112,-172.775437851624,175.524989888551,1574.96595243574,0,0,0,0,0,0
17664.4638654,892.8,-0.00886242184787989,0.0410626403987408,0,-49.6228466981463,-33.8275838769264,1833.58837185566,84.0369652645111,-28.0466076810154,1814.98555329379,236.422367945973,141.284573344826,1576.72648209136,-172.727804481483,175.528296318115,1574.93730730828,0,0,0,0,0,0
17664.4744862,895.8,-0.00883078016340733,0.0408101327717304,0,-49.6237157351772,-33.9143114609748,1833.59426099883,84.0216993250843,-28.1156359610845,1815.02085016699,236.388557984152,141.221921580983,1576.7611184644,-172.72767167908,175.461662029629,1574.93077765374,0,0,0,0,0,0
17664.485115,898.8,-0.00928642228245735,0.0415848813951016,0,-49.6525590805188,-33.9615923609832,1833.62179294922,84.0002599932314,-28.1569689926316,1815.02219647348,236.383525362059,141.178519991754,1576.79796891836,-172.753172618336,175.364218099201,1574.93991240876,0,0,0,0,0,0
17664.4960254,901.8,-0.00911995954811573,0.0413346871733666,0,-49.6441381043347,-34.1595578880794,1833.6492041247,84.0793489952414,-28.3152758146935,1815.13066415964,236.357616844647,141.06336145839,1576.85068106331,-172.791609052111,175.194181874451,1574.92656023858,0,0,0,0,0,0
17664.5065652,904.8,-0.00886770151555538,0.0399284720420837,0,-49.6330243307225,-34.2670877040354,1833.69519532807,84.0930807106283,-28.3601450587998,1815.12849502757,236.340974775223,141.001592393289,1576.87778510143,-172.800663173287,175.107349330517,1574.9308589848,0,0,0,0,0,0
17664.5224287,907.8,-0.0097774313762784,0.0421880766749382,0,-49.6193293994376,-34.291349764404,1833.68648446564,84.0447652302478,-28.3328606533404,1815.06777403057,236.339836381737,140.980908446043,1576.88987968193,-172.832000529966,175.041942563304,1574.94038624951,-0.210600003600121,0.410199999809265,0.887399971485138,0,0,0
17664.5329868,910.8,-0.00976050458848476,0.0419872425496578,0,-49.5157025376662,-34.5271641808484,1833.71201703414,84.1113090559357,-28.3699108856637,1815.01630381819,236.310389526806,140.88241981662,1576.92224013848,-172.936727366881,174.833431960481,1574.97032648163,0,0,0,0,0,0
17664.5558222,913.8,-0.00951896049082279,0.0426704086363316,0,-49.5185401242072,-34.5631366657309,1833.73837011486,84.1325308499082,-28.3751236722186,1815.00614613888,236.29559532567,140.865215130607,1576.93153384361,-172.947604810607,174.824073721383,1574.97432812838,-0.1807000041008,0.395099997520447,0.900699973106384,0,0,0
17664.5664894,916.8,-0.0101395631209016,0.043140234798193,0,-49.1445397322203,-34.9964288082914,1833.6883241931,84.687137854957,-28.8038313695611,1815.10297711435,236.221337862534,140.714222424401,1576.98595619279,-173.109208236082,174.493258808302,1575.00336309137,0,0,0,0,0,0
17664.5770681,919.8,-0.0100899469107389,0.0432447627186775,0,-48.9363948707132,-35.199178728613,1833.70212141699,84.7144975753415,-28.4386217845038,1815.04520675286,236.209134671848,140.672288730848,1577.01119560049,-173.190924421244,174.350398110943,1575.04109611269,0,0,0,0,0,0
17664.5876511,922.8,-0.0108169596642256,0.042630723118782,0,-48.5844657113929,-35.5094488207824,1833.73136985557,85.0572918236963,-28.9026401669269,1814.97203610386,236.160176828439,140.603146446626,1577.04458619333,-173.328783238796,174.129050726787,1575.09800280352,-0.0544000007212162,0.308299988508224,0.949699997901917,51.7400016784668,66.5999984741211,243.699996948242
17664.5982778,925.8,-0.00950099248439074,0.0443359225988388,0,-48.4039023738457,-35.6795928649225,1833.74239190607,85.1849490586783,-28.646109570739,1814.99079675675,236.094543181157,140.571967151945,1577.05659688149,-173.346378827341,174.050644770969,1575.0837738838,0,0,0,0,0,0
17664.6088648,928.8,-0.00985140167176723,0.0445917010307312,0,-47.6143331931917,-36.2004818255604,1833.7309559617,85.8092425993419,-28.8919238535651,1814.78413758156,236.023507638938,140.450985511393,1577.12942105292,-173.567346459165,173.717721649175,1575.13926176844,0,0,0,0,0,0
17664.6219389,931.8,-0.00985919870436192,0.0448786415159702,0,-47.4747980214008,-36.3117854175052,1833.69294302594,85.8017307315399,-28.5396868081076,1814.66365870436,236.00051813372,140.427682095308,1577.13706547435,-173.537856233266,173.678765863224,1575.10937586048,-0.196400001645088,0.462700009346008,0.864499986171722,0,0,0
17664.6325248,934.8,-0.00924705341458321,0.044623202085495,0,-46.6321519162361,-36.8827408303689,1833.74862853288,86.5923264162041,-27.619989904479,1814.91761956339,235.832500110968,140.292625194867,1577.22030592176,-173.630394752579,173.460046675896,1575.10244208199,0,0,0,0,0,0
17664.6478512,937.8,-0.010019838809967,0.0460192695260048,0,-46.4802252958821,-36.9847536702497,1833.77422218103,86.7842684844458,-27.5662603345213,1814.91956171532,235.817545143258,140.272722237645,1577.24065514611,-173.670931741387,173.390857810736,1575.10743285021,-0.229800000786781,0.433299988508224,0.871500015258789,0,0,0
17664.6584657,940.8,-0.0100968880578876,0.0452021159231663,0,-44.736793813024,-37.9969694175214,1833.85419615484,88.3263897145184,-27.0295566901891,1814.72644051388,235.517113862378,140.056051497508,1577.4228835439,-174.064024641921,172.873423407415,1575.20809893787,0,0,0,0,0,0
17664.6886768,943.8,-0.00983694288879633,0.0463407397270203,0,-44.5050503504957,-38.1415323637895,1833.87957882414,88.5504683335158,-26.9768602689494,1814.72859833489,235.483892616698,140.037884771769,1577.45726756523,-174.044904957147,172.842861194553,1575.17006051203,-0.0614000000059605,0.306400001049042,0.949899971485138,0,0,0
17664.6992105,946.8,-0.00923870597034693,0.0458459056913853,0,-43.1884340770982,-38.8605158717382,1833.81452848834,89.623553285807,-26.6709457535523,1814.65011737342,235.316521811708,139.951595698185,1577.5637429206,-174.076314203391,172.654345824974,1575.03666662817,0,0,0,0,0,0
17664.7098065,949.8,-0.00926152989268303,0.0468484781682491,0,-41.4987624375429,-39.7008865872942,1833.80120405375,91.070038713797,-25.9474918616159,1814.36317030975,235.080490720595,139.801619301124,1577.72972212264,-174.321794322708,172.296610403919,1574.97018853217,0,0,0,0,0,0
17664.7204807,952.8,-0.00957215763628483,0.0470270536839962,0,-41.18431005324,-39.8699379756528,1833.77671517677,91.3155667579176,-25.8753424340787,1814.34806385339,235.030385641918,139.774730129897,1577.75758688353,-174.371095008344,172.230047147547,1574.96053800954,-0.0471000000834465,0.346199989318848,0.936999976634979,0,0,0
17664.7312801,955.8,-0.00961316004395485,0.0474437572062016,0,-39.29366139323,-40.5982587458135,1833.72780967088,92.5879995920355,-25.528506623284,1814.18071933611,234.800221273196,139.628857346062,1577.90737454305,-174.71655675651,171.863702260197,1574.96918728933,0,0,0,0,0,0
17664.7420259,958.8,-0.00960445590317249,0.0471519179642201,0,-38.4827861533564,-41.0574069402686,1833.70164818606,93.2991160828348,-25.2041965255589,1814.08468311789,234.650952012855,139.564369518274,1577.99553577196,-174.825308258082,171.715141320675,1574.91419089019,0,0,0,0,0,0
17664.7527569,961.8,-0.00920950155705214,0.0473883360624313,0,-37.7129868193431,-41.5108552097627,1833.69441088559,94.0301967940543,-24.9047350901613,1813.98670210715,234.514354696495,139.54502565238,1578.04842592025,-175.029274910681,171.533609110786,1574.93950798723,0,0,0,0,0,0
17664.7695819,964.8,-0.00891700107604265,0.0474611058831215,0,-37.505680517839,-41.7019863826825,1833.69587668747,94.2842327105017,-24.8463049720308,1813.98429654407,234.471491342686,139.538507989103,1578.06479792612,-175.044056629895,171.514814989374,1574.90743733448,-0.029899999499321,0.41609999537468,0.908800005912781,0,0,0
17664.7802346,967.8,-0.00848224200308323,0.0477693401277065,0,-34.7167359253195,-43.2491697161748,1833.51685226533,95.9446667633802,-23.5786590020683,1812.92976139633,233.968913067664,139.563338942759,1578.16571055492,-175.523558584048,170.964622545009,1574.91501446183,0,0,0,0,0,0
17664.802828,970.8,-0.00887544918805361,0.0482612572610378,0,-34.4844505129201,-43.4036541947075,1833.53506645431,96.6769634910263,-23.708675558956,1813.44184053514,233.924849660038,139.567469795283,1578.17164893666,-175.586651960045,170.892799625521,1574.93828107837,-0.0204000007361174,0.417100012302399,0.908599972724915,35.5900001525879,55.1599998474121,248
17664.8134226,973.8,-0.00852900743484497,0.048804184794426,0,-33.3693785621784,-44.1066112984499,1833.52190223502,97.1381134339405,-23.1857728754939,1812.7139265423,233.661404931599,139.676702174359,1578.1654922527,-175.877834070707,170.567860322424,1574.97148037035,0,0,0,0,0,0
17664.8252123,976.8,-0.00786194019019604,0.0482730329036713,0,-32.7246020760618,-44.5359743156935,1833.52196067028,97.471974239999,-23.0439699155619,1812.48664384652,233.509443248108,139.750390675553,1578.15747260115,-175.934302844195,170.461199758763,1574.93766014794,0,0,0,0,0,0
17664.835883,979.8,-0.00836974661797285,0.049780035763979,0,-30.9665808802907,-45.5562563036324,1833.51322886955,99.3295765889174,-22.211462210494,1812.40918255764,233.136937108731,139.967713202889,1578.1336573814,-176.4995469571,169.900836943603,1574.99371246935,0,0,0,0,0,0
17664.8477413,982.8,-0.00752648105844855,0.0484932385385037,0,-30.7588512537357,-45.6215886821847,1833.5153440352,99.5325883531353,-22.1822468922914,1812.37662247057,233.108809332357,139.985138324165,1578.1367407756,-176.578552723416,169.8042254693,1575.00441524447,-0.107900001108646,0.48309999704361,0.868900001049042,0,0,0
17664.8582629,985.8,-0.00722480192780495,0.0490699917078018,0,-29.8529717413448,-46.1931437667516,1833.52773005564,100.169508617728,-21.8164606265438,1812.15941596984,232.911822320722,140.095408139064,1578.13372862047,-176.727410133141,169.548543691135,1574.87704096531,0,0,0,0,0,0
17664.8703886,988.8,-0.00750387459993362,0.0489442482590675,0,-29.6840669746048,-46.2910900017005,1833.54427569744,100.318159964584,-21.6555362837032,1812.12682771875,232.877684347866,140.11857207099,1578.1339580645,-176.731265383023,169.473461323171,1574.84782182254,-0.103900000452995,0.464100003242493,0.879700005054474,45.75,85.3300018310547,236.919998168945
17664.8810919,991.8,-0.00755463913083076,0.0492647759616375,0,-28.8693026746928,-46.6680718873357,1833.55958931437,101.180244418739,-21.4087350322801,1812.15965870597,232.675632399851,140.222419019601,1578.16589793855,-177.012887641376,169.111585389713,1574.78561208713,0,0,0,0,0,0
17664.8917295,994.8,-0.00732369301840663,0.0495577365159988,0,-28.3746057396961,-46.909480510697,1833.59862099227,101.624659310701,-21.1431245681244,1812.14172166089,232.546356501201,140.282874086161,1578.20398210802,-177.195628722928,168.877678546668,1574.76892133441,0,0,0,0,0,0
17664.9022877,997.8,-0.00698611233383417,0.0494848363101482,0,-27.9117295669856,-47.1398620692564,1833.67156188332,102.081972462043,-20.9357436803415,1812.19068444254,232.413732854551,140.364714756029,1578.23950297285,-177.420919688157,168.645840622679,1574.78071910688,0,0,0,0,0,0
17664.9129156,1000.8,-0.00736600393429399,0.0495617337524891,0,-27.5309533937336,-47.342015033357,1833.73153376266,102.496873142128,-20.759294747549,1812.22291569834,232.29620878643,140.429558300582,1578.29141106065,-177.529167837844,168.475675825129,1574.69113409298,0,0,0,0,0,0
17664.9269787,1003.8,-0.00753562990576029,0.050124628841877,0,-27.1295773102084,-47.5249581145885,1833.81995194391,102.81070302547,-20.5012702753477,1812.22969991315,232.146041528744,140.502880428563,1578.34274929609,-177.614024222369,168.273791468953,1574.63238342517,0,0,0,0,0,0
17664.9377416,1006.8,-0.0072353514842689,0.0490584880113602,0,-26.2943771328684,-47.7835315992981,1833.9916878197,103.599454151278,-19.9275311079955,1812.31339758532,231.833123007271,140.646880061612,1578.48379656185,-177.96733442301,167.792145353777,1574.60015774372,0,0,0,0,0,0
17664.9707298,1009.8,-0.0076132589019835,0.0507765434682369,0,-26.2001705777764,-47.819695542438,1834.02168805532,103.783959152704,-19.8058678561778,1812.38044549647,231.787829318437,140.674140558345,1578.5136107089,-177.9919004574,167.759581074263,1574.5779287576,-0.0898000001907349,0.450899988412857,0.888100028038025,0,0,0
17664.9814364,1012.8,-0.00858035311102867,0.0512458108365536,0,-25.1253454344618,-48.233800917704,1834.40701584402,104.923926297967,-19.0459274140106,1812.57305187488,231.311535191123,141.085923079762,1578.83670616162,-178.441605973944,167.166572190955,1574.43182356233,0,0,0,0,0,0
17664.992116,1015.8,-0.0073998998850584,0.0502980224788189,0,-24.7972421056095,-48.3659896926938,1834.52568448948,105.136231801406,-18.8831999749458,1812.6160336505,231.187120899059,141.18614221958,1578.93390146866,-178.551013417298,167.016027736513,1574.40305821056,0,0,0,0,0,0
17665.0026973,1018.8,-0.00806624349206686,0.0501147642731667,0,-24.4517506181759,-48.4155484869608,1834.65272336146,105.383401920015,-18.7235657878172,1812.62778289065,231.097756558629,141.297224429821,1579.04563810887,-178.702676879707,166.858798571362,1574.37338975767,0,0,0,0,0,0
17665.0133094,1021.8,-0.00686954008415341,0.0516550190746784,0,-23.9128352949356,-48.5561585562673,1834.91810336869,105.993206162554,-18.1542814854921,1812.82577199333,230.924697935431,141.520011113362,1579.26371677132,-178.896521368258,166.562162922134,1574.2324158874,0,0,0,0,0,0
17665.0325577,1024.8,-0.00741988560184836,0.0512354508042336,0,-23.8449305015597,-48.5835005331763,1834.98140417353,106.125065237392,-18.097419971439,1812.89845217595,230.881979722983,141.546386992991,1579.30101022966,-178.920500006426,166.517775638563,1574.22497647864,-0.118699997663498,0.406599998474121,0.905900001525879,0,0,0
17665.0431187,1027.8,-0.00735353445634246,0.0507082253694534,0,-23.4174221875572,-48.679782714131,1835.19816477855,106.495830895655,-17.6854678143612,1813.038849332,230.709658208446,141.705379357989,1579.51174274073,-179.116413709884,166.276018659609,1574.1726314393,0,0,0,0,0,0
17665.05369,1030.8,-0.00801126845180988,0.0504690580070019,0,-22.9021046273037,-48.71256597907,1835.37137848171,106.953002045813,-17.2652780470853,1813.24159990751,230.449709119133,141.964497276751,1579.79054080725,-179.351319165746,166.034144856345,1574.11384684262,0,0,0,0,0,0
17665.0848902,1033.8,-0.0073956698179245,0.0506267160177231,0,-21.8473690939895,-48.6573942178121,1835.10386367419,106.985866849722,-17.1535599804719,1813.2539744191,230.401841201441,142.00631687408,1579.82479546106,-179.406575269045,166.002491989566,1574.10108646676,-0.12899999320507,0.394600003957748,0.909699976444244,0,0,0
17665.0956038,1036.8,-0.00734016625210643,0.0494144394993782,0,-21.1381200582594,-48.7023112578342,1835.29215534391,107.427771249523,-16.5268294271099,1813.38419464722,230.185067482728,142.31354762202,1580.00323813143,-179.725194194644,165.648257159166,1573.97552462317,0,0,0,0,0,0
17665.1064801,1039.8,-0.00738685019314289,0.0510201923549175,0,-20.8859961447549,-48.6754147293042,1835.33225780725,107.695967200052,-16.2429446077454,1813.49083520047,230.124856904565,142.410453890044,1580.05573115895,-179.801716247505,165.538443686729,1573.89506443217,0,0,0,0,0,0
17665.1171017,1042.8,-0.00783710647374392,0.0519626721739769,0,-20.5392724681668,-48.6403869055594,1835.40473856278,107.955803560677,-15.6249637946566,1813.59787866206,230.027883186333,142.721216312289,1580.10702868128,-179.984826009097,165.452730959717,1573.76486385051,0,0,0,0,0,0
17665.1319807,1045.8,-0.00611306959763169,0.051047133654356,0,-20.4417923519316,-48.6482577624541,1835.40970133551,107.960248970045,-15.4436408505772,1813.56440627424,229.999771977694,142.78688601093,1580.11174211698,-179.992390109243,165.445646916788,1573.74250841073,-0.105400003492832,0.323300004005432,0.940400004386902,0,0,0
17665.1425845,1048.8,-0.00720461318269372,0.0510678313672543,0,-19.8061953145747,-48.5566286672985,1835.42280857771,108.434945867754,-14.7812988139996,1813.62055893748,229.86719506354,143.311054722936,1580.1183819911,-180.166058828035,165.370237354524,1573.58623637209,0,0,0,0,0,0
17665.1531929,1051.8,-0.00712267868220806,0.0511554725468159,0,-19.4805469340943,-48.4844895980046,1835.40367326191,108.715510111304,-14.3793693511627,1813.64973905131,229.714256716951,143.653250320095,1580.09826118358,-180.325266839189,165.358267459452,1573.5316306171,0,0,0,0,0,0
17665.1708768,1054.8,-0.00701963389292359,0.0513281397521496,0,-19.3953108016542,-48.4559992029199,1835.44961985851,108.779242687674,-14.2745434849389,1813.6762432922,229.723900595063,143.727194713831,1580.09799286185,-180.2925109197,165.390285358022,1573.47002422941,-0.316799998283386,0.235200002789497,0.918799996376038,-22.0699996948242,77.379997253418,229.850006103516
17665.1814871,1057.8,-0.00714002968743443,0.0509757533669472,0,-19.1838982842851,-48.3984550872731,1835.43798392978,108.92152893676,-14.0830648110381,1813.70416216361,229.676597863574,143.871292174675,1580.09896478487,-180.347381965887,165.389172755432,1573.41961044429,0,0,0,0,0,0
17665.2088226,1060.8,-0.00715953158214688,0.0518345892429352,0,-19.0223574755102,-48.3826708931679,1835.47230899774,108.934441181297,-13.9269503894978,1813.69434644514,229.654409159157,143.928227318991,1580.09906432817,-180.38107830592,165.382229370401,1573.39611165074,-0.168500006198883,0.355399996042252,0.919399976730347,0,0,0
17665.2195353,1063.8,-0.00747854914516211,0.0511317051947117,0,-18.5572233660362,-48.2594898338469,1835.50234574568,109.225904599099,-13.3893974609763,1813.78315734512,229.546434332885,144.240235610387,1580.12401938634,-180.439820890895,165.44086574632,1573.24375048438,0,0,0,0,0,0
17665.2302633,1066.8,-0.00784894824028015,0.0508840255439282,0,-17.6863741834592,-47.994424290669,1835.6147102484,109.835291898404,-12.383985948974,1813.92146143314,229.252406372532,144.838683596656,1580.23186348729,-180.741119579878,165.508212687287,1573.13116559545,0,0,0,0,0,0
17665.240954,1069.8,-0.00720723997801542,0.0496638774871826,0,-17.6050702731317,-47.8983665893692,1835.69191740702,109.925254673472,-12.1105560043618,1813.88663923649,229.175637949334,145.076305232833,1580.26390649594,-180.834082272638,165.545750662788,1573.10281917078,0,0,0,0,0,0
17665.2515094,1072.8,-0.00725503731518984,0.0503427743911743,0,-17.0152173889453,-47.5890561795618,1835.80446286149,110.320363853337,-11.3772220107269,1814.04811809563,229.068866202766,145.493177113686,1580.33240204825,-180.900497046578,165.647288085276,1572.99158380327,0,0,0,0,0,0
17665.2621344,1075.8,-0.00767739349976182,0.0499714337289333,0,-16.8415671776887,-47.4251929951461,1835.9021017423,110.485889593902,-10.8944016654169,1814.11766815484,229.063672675371,145.69123991779,1580.37937423146,-180.923796649169,165.70539169314,1572.92703000399,0,0,0,0,0,0
17665.2727465,1078.8,-0.00685453182086349,0.0520349614322186,0,-16.6000687111611,-47.2850761412836,1835.96884828168,110.768232197141,-10.5257899273685,1814.25252625547,229.048375988914,145.906592172758,1580.44296823279,-180.990402967059,165.761254926621,1572.87858939446,0,0,0,0,0,0
17665.2847045,1081.8,-0.00743746524676681,0.0506694450974464,0,-16.424002978815,-47.1695297095123,1836.056881654,110.939293471355,-10.155872894318,1814.35219462312,228.982961368071,146.104634517988,1580.48564621189,-181.038450152115,165.84002520363,1572.81411124868,0,0,0,0,0,0
17665.2953152,1084.8,-0.00763000035658479,0.0496842697262764,0,-15.8868375574728,-46.8919835739707,1836.20372492799,111.415697012327,-9.57916105684186,1814.45196952789,228.841943453555,146.422467364659,1580.58637699867,-181.222977816262,165.903757456479,1572.73611629801,0,0,0,0,0,0
17665.3058789,1087.8,-0.0077203088440001,0.0496787264943123,0,-15.6355377895778,-46.7047125991398,1836.27450229728,111.536938645793,-9.03829593914635,1814.40677787182,228.787904309436,146.590098660977,1580.63487496882,-181.270377794283,165.945510704314,1572.6722480036,0,0,0,0,0,0
17665.3268831,1090.8,-0.00878971163183451,0.0483178667724133,0,-15.5495525395314,-46.6439280970741,1836.30719351123,111.62089799866,-8.95184814831347,1814.43188380099,228.807072409429,146.640874803878,1580.66599788167,-181.296204604479,165.957301999211,1572.6571641815,-0.168799996376038,0.26240000128746,0.950100004673004,37.689998626709,67.9000015258789,243.839996337891
17665.3375695,1093.8,-0.007764199282974,0.0495335072278976,0,-15.4026500728478,-46.541337172741,1836.34390677952,111.693430121497,-8.68969490786896,1814.43881307229,228.801450715386,146.744697998735,1580.70594436908,-181.308197208201,165.996649732222,1572.59718453156,0,0,0,0,0,0
17665.3482013,1096.8,-0.00792684033513069,0.0481720663607121,0,-15.0993218129246,-46.2347348427954,1836.40788202844,111.837524424441,-8.06272287080185,1814.43382662989,228.676254355584,147.152301155798,1580.80487536403,-181.385898646557,166.108361295705,1572.39659291234,0,0,0,0,0,0
17665.3587637,1099.8,-0.0081981522962451,0.048378711938858,0,-14.8858375326681,-46.0584489490234,1836.4055931773,112.022425860453,-7.69376008602375,1814.48948222985,228.601821709514,147.376534914016,1580.86831012157,-181.417420560918,166.202782923376,1572.28442910227,0,0,0,0,0,0
17665.3694166,1102.8,-0.00837227888405323,0.0486101716756821,0,-14.623175740796,-45.8764576428016,1836.40169289912,112.132222658678,-7.18676438014915,1814.47484997069,228.541640027089,147.582970615621,1580.9279343909,-181.466153798229,166.297049417712,1572.16880151693,0,0,0,0,0,0
17665.3799797,1105.8,-0.00819867942482233,0.0474950283765793,0,-14.4243953199972,-45.7144761475797,1836.36751886355,112.280204546491,-6.88547931962009,1814.51652440328,228.513772204937,147.765739331025,1580.99295865824,-181.530006614526,166.368886565642,1572.05025086711,0,0,0,0,0,0
17665.3906636,1108.8,-0.00849560182541609,0.0483260363340378,0,-14.1459091457164,-45.4325773837685,1836.39325464231,112.454705540188,-6.11903125331735,1814.56979870744,228.453658513284,148.07306679588,1581.08792303669,-181.590779036139,166.584869712067,1571.81161168368,0,0,0,0,0,0
17665.4048047,1111.8,-0.00881214812397957,0.0474636539816856,0,-14.094300314965,-45.3832791572237,1836.39301899089,112.540464393463,-6.04418462487433,1814.61174302088,228.455000481793,148.128909333077,1581.10580667618,-181.600948235496,166.624445087247,1571.77136718244,-0.154499992728233,0.322800010442734,0.933799982070923,0,0,0
17665.415434,1114.8,-0.00820118840783834,0.048338232934475,0,-13.8554538760794,-45.1188715342107,1836.37698740068,112.681680678161,-5.31068624486501,1814.70864965229,228.476820329096,148.355508888971,1581.18157654225,-181.69130224212,166.800181987909,1571.64727706488,0,0,0,0,0,0
17665.4272505,1117.8,-0.00840484537184238,0.0472692757844925,0,-13.7275346484456,-44.8185816439524,1836.38205400469,112.776983945403,-4.52592922318107,1814.75042553833,228.50514986335,148.622916866867,1581.26738974169,-181.829817911409,167.038594963819,1571.5375576363,0,0,0,0,0,0
17665.4378137,1120.8,-0.0082650650292635,0.0476403780281544,0,-13.5636190477931,-44.6597708906001,1836.37653517712,112.774668601137,-4.19328812376278,1814.71687161363,228.522805909898,148.736042772334,1581.31762528705,-181.830016355412,167.149392119763,1571.45797305368,0,0,0,0,0,0
17665.44838,1123.8,-0.00909000542014837,0.0466738849878311,0,-13.4384115515257,-44.481494517347,1836.38506047321,112.873878070083,-3.83757522030484,1814.70737115646,228.527847498947,148.836661829189,1581.362040302,-181.77586605565,167.336884054611,1571.37877152709,0,0,0,0,0,0
17665.4589944,1126.8,-0.00815219338983297,0.0471696019172669,0,-13.3040439052806,-44.2775418428956,1836.36817417673,112.983103966393,-3.56264430732748,1814.68551202115,228.519508492187,148.928530332763,1581.42830928576,-181.73769692897,167.499052640856,1571.32335702949,0,0,0,0,0,0
17665.4698495,1129.8,-0.0084343533962965,0.0466909617185593,0,-13.2119360491792,-44.2464394875408,1836.40086744346,113.072051041041,-3.51620653412698,1814.71335774742,228.518003480244,148.962613780136,1581.43964828017,-181.729462015373,167.550609801766,1571.32871952659,-0.0408000014722347,0.281899988651276,0.958599984645844,-5.98000001907349,59.8800010681152,239.289993286133
17665.4804951,1132.8,-0.00904008187353611,0.0458717852830887,0,-13.0459701543515,-44.1267788376986,1836.41252445643,113.155441171962,-3.31498597564178,1814.68412066919,228.508732377247,149.021201562741,1581.49133033362,-181.772289507774,167.636944583217,1571.35127359868,0,0,0,0,0,0
17665.4910622,1135.8,-0.00901760067790747,0.0452778622508049,0,-12.7806836599006,-43.7778816734734,1836.55699888457,113.341171078397,-2.41312906786112,1814.71907676927,228.475402672052,149.203425544204,1581.61802882511,-181.632573069531,167.998031948951,1571.26136046268,0,0,0,0,0,0
17665.5016398,1138.8,-0.00921791698783636,0.0454633705317974,0,-12.6621516793037,-43.6296840829944,1836.58694680235,113.378142888856,-2.08005534502218,1814.72991565175,228.454159815503,149.320823115928,1581.67876233373,-181.687660187412,168.135449934644,1571.24395917875,0,0,0,0,0,0
17665.5123026,1141.8,-0.00911829061806202,0.0444119036197662,0,-12.3107491694329,-43.4884532956226,1836.63618081727,113.599227376833,-1.68656949502176,1814.80130419315,228.420314908543,149.440360209722,1581.75237607368,-181.671861383173,168.254658250075,1571.2203453646,0,0,0,0,0,0
17665.5240713,1144.8,-0.00947408005595207,0.0457104466855526,0,-11.8165702051189,-43.1891990601469,1836.73594005706,114.083505086003,-0.928355650957496,1814.93963803637,228.335180910265,149.707169336534,1581.87470341866,-181.721405427462,168.496627572794,1571.15888709214,0,0,0,0,0,0
17665.5699979,1147.8,-0.00952215306460857,0.0444590173661709,0,-11.6917410800614,-43.1140171116793,1836.70954009673,114.158585727798,-0.789524596143294,1814.93673570127,228.30468270366,149.747926601437,1581.89547232076,-181.726544788196,168.533827565171,1571.14766678038,-0.142399996519089,0.266999989748001,0.953100025653839,0,0,0
17665.580696,1150.8,-0.0096203088760376,0.0442662037909031,0,-11.2184864451906,-42.8871984004261,1836.77405804432,114.511546960528,-0.232193213390192,1814.99126610002,228.265095984011,150.026152715355,1581.95676904956,-181.800380030793,168.752799247264,1571.10022975855,0,0,0,0,0,0
17665.5921171,1153.8,-0.00909419637173414,0.0453506357967854,0,-11.2176350435818,-42.8209899386391,1836.8140559499,114.559409352126,-0.127218169580953,1814.97952527659,228.251534521662,150.094589627911,1581.9759003731,-181.826982662953,168.786577484526,1571.08682101613,-0.145600005984306,0.270799994468689,0.951600015163422,0,0,0
17665.6027325,1156.8,-0.0105491215363145,0.0450389742851257,0,-10.7371127211124,-42.6059416285788,1836.83190642277,115.000099740752,0.473039847173899,1814.96117748401,228.214499418926,150.442563065779,1582.01455306828,-181.887580853402,169.028709604012,1571.02303709873,0,0,0,0,0,0
17665.6133215,1159.8,-0.00975883007049561,0.0439399428665638,0,-10.1528007717255,-42.3412400805827,1836.80777463933,115.43310731986,1.14940156966489,1814.8861766235,228.073382082203,150.946065212042,1582.00987963077,-182.034844594037,169.346579147434,1570.973231998,0,0,0,0,0,0
17665.6240549,1162.8,-0.0095027033239603,0.0438523687422276,0,-9.54179839840035,-42.0763313220315,1836.82860468271,116.0404050007,2.30022059365421,1814.69569688594,227.82798454032,151.575925822897,1581.96542175215,-182.292682096376,169.718417481042,1570.97194381039,0,0,0,0,0,0
17665.6346345,1165.8,-0.00956126488745213,0.0436661601066589,0,-9.10471618819039,-41.9249652375115,1836.79171745564,116.415726807949,2.78166602630184,1814.63065441918,227.688786001759,151.92470880671,1581.93923623177,-182.405496885284,169.874742943576,1570.93524340986,0,0,0,0,0,0
17665.6475405,1168.8,-0.00935982726514339,0.0432233087718487,0,-9.16550907246714,-41.9242638753751,1836.80537954922,116.520392339245,2.87403223568388,1814.63789673516,227.666272348943,152.025378407816,1581.93294705306,-182.418165879953,169.898018306043,1570.93109705905,-0.191100001335144,0.303600013256073,0.933399975299835,0,0,0
17665.6580999,1171.8,-0.00905559305101633,0.0425364583730698,0,-7.89930676919805,-41.416335015604,1836.5726900497,117.244948386406,4.05584541973499,1814.47983001667,227.572873125838,152.771135125229,1581.93149602798,-182.644177661169,170.124655113908,1570.84020593486,0,0,0,0,0,0
17665.6710489,1174.8,-0.00987052731215954,0.0432703256607056,0,-7.81907230513322,-41.3611577875852,1836.5401958752,117.314751966006,4.20951974210959,1814.4703059084,227.57008725796,152.860213993533,1581.9244212428,-182.703202534585,170.176600179381,1570.83989025701,-0.0976999998092651,0.194999992847443,0.975899994373322,32.1500015258789,61.7200012207031,242.369995117188
17665.6816599,1177.8,-0.00958175864070654,0.0426241181790829,0,-7.5299365853298,-41.2798575304905,1836.50512427273,117.432201256983,4.45857767734413,1814.40346435634,227.568690478101,153.010551584661,1581.92734446733,-182.76203650664,170.261743401487,1570.79278568095,0,0,0,0,0,0
17665.6982066,1180.8,-0.00966561958193779,0.0433204084634781,0,-7.65990201369583,-41.2540545417452,1836.56255621903,117.506920842494,4.54069902509224,1814.34518107515,227.555962730387,153.091539132246,1581.92262617446,-182.79986794157,170.298471630134,1570.78901761115,-0.206200003623962,0.300799995660782,0.931100010871887,0,0,0
17665.7088406,1183.8,-0.0108025763183832,0.0439589865505695,0,-7.44317444845461,-41.2032200765239,1836.54628694184,117.746501594649,4.84826969509276,1814.32543631479,227.533005690456,153.231344786393,1581.91081472829,-182.857518677891,170.37188705364,1570.7520149362,0,0,0,0,0,0
17665.7202689,1186.8,-0.0102872038260102,0.0443798251450062,0,-7.40783766110738,-41.1197522333334,1836.54088830359,117.881388620571,4.96431059781906,1814.31133407273,227.521033687717,153.312365067453,1581.91043349835,-182.909138464466,170.420315565361,1570.73957135227,-0.108400002121925,0.278899997472763,0.954200029373169,0,0,0
17665.7308097,1189.8,-0.00969560816884041,0.0424743354320526,0,-6.17977299267998,-40.6071875025312,1836.44645474731,118.721578253836,6.50404252751095,1814.04781158066,227.121544168411,154.214759251962,1581.85571352876,-183.227454631706,170.78425518342,1570.58571685621,0,0,0,0,0,0
17665.741424,1192.8,-0.00814810395240784,0.0424794390797615,0,-6.08922507459236,-40.5025564718238,1836.54766682855,118.968514905575,6.88198974569773,1814.03277251252,227.014019855129,154.424528843853,1581.83567747089,-183.248271793681,170.923536210909,1570.51139310255,0,0,0,0,0,0
17665.752039,1195.8,-0.00946985464543104,0.0422876089811325,0,0,0,0,119.342836058859,7.64194870957654,1814.07770823454,226.841648570186,154.746957598398,1581.83577240316,-183.431188008563,171.159419893807,1570.47687194373,0,0,0,0,0,0
17665.7654232,1198.8,-0.00960734765976667,0.0422737844288349,0,-5.86043004043611,-40.192817606071,1836.76238072329,119.438144028152,8.09308416395739,1814.07506296034,226.774478612263,154.890491193844,1581.85179256735,-183.460984144543,171.249739139135,1570.44416410811,0,0,0,0,0,0
17665.7761646,1201.8,-0.00919361133128405,0.0423107132315636,0,-5.4240084957045,-40.009619214661,1836.67660595065,119.5961998751,8.46116241563037,1814.07975383818,226.717802834486,155.054006818328,1581.86833425437,-183.557863224485,171.338949897938,1570.43001780647,0,0,0,0,0,0
17665.7867584,1204.8,-0.00932003557682037,0.0412563964724541,0,-4.67555084470141,-39.7545137823146,1836.50611774143,119.705712662899,8.77905516183434,1814.09073691002,226.613228694412,155.211132886516,1581.87588402803,-183.640574020801,171.415902660023,1570.43345880357,0,0,0,0,0,0
17665.7973071,1207.8,-0.00909498613327742,0.0418776258826256,0,-5.74591899154963,-39.840967303612,1836.96566964293,119.745850663061,9.06556129065651,1814.01708962321,226.578622335278,155.389308978292,1581.88166439361,-183.676091569317,171.519521389947,1570.40584988959,0,0,0,0,0,0
17665.8078745,1210.8,-0.0089040594175458,0.0417856223881245,0,-5.28771735618232,-39.5717527594422,1836.86712595213,119.919894405688,9.52824090206577,1814.04889751168,226.470915791363,155.709756618002,1581.89430903599,-183.887101797199,171.666339149497,1570.43134827168,0,0,0,0,0,0
17665.8242023,1213.8,-0.00866637658327818,0.0411139786243439,0,-1.59756069358194,-38.8749182511316,1835.97968395701,119.943625281553,9.59505437000287,1814.08252304465,226.414843666779,155.746746911733,1581.88206678616,-183.912965823876,171.699917413773,1570.42470410305,-0.0988999977707863,0.286399990320206,0.953000009059906,0,0,0
17665.834746,1216.8,-0.00831039994955063,0.0412836469709873,0,-1.55185792035424,-38.6613080926128,1836.02955954302,120.002972072549,9.9469076678049,1814.14017089845,226.321905162798,155.982212667897,1581.87290475052,-184.018990520351,171.796264949088,1570.4185291862,0,0,0,0,0,0
17665.8514971,1219.8,-0.00841054692864418,0.0409877806901932,0,0,0,0,120.016247804584,10.0118108916145,1814.15454170319,226.287347336392,156.032692456306,1581.86599967184,-184.064732104903,171.826774970284,1570.44032523969,-0.109899997711182,0.295399993658066,0.949000000953674,0,0,0
17665.8655949,1222.8,-0.00782386586070061,0.0412747658789158,0,-7.41120367366169,-39.1853461560695,1838.23308072821,119.841330852113,10.4947211424949,1814.14997977958,226.003572736908,156.368147058291,1581.84652263896,-184.325766731708,171.963836439861,1570.41504961687,0,0,0,0,0,0
17665.8762963,1225.8,-0.00847519747912884,0.0417207017540932,0,-7.46209288573916,-39.1081404527399,1838.27907907662,119.788862175295,10.6386728672547,1814.15565802796,225.863631501411,156.497113214786,1581.83934082667,-184.408651296667,172.007487319007,1570.43663456193,0,0,0,0,0,0
17665.8869456,1228.8,-0.00795313902199268,0.0413230493664742,0,-7.54179439672616,-39.0253694246141,1838.2665482176,119.626693761842,10.7658182905186,1814.12555687559,225.676638930853,156.611810202505,1581.82805023185,-184.526929179521,172.022645103467,1570.44156324854,0,0,0,0,0,0
17665.8974844,1231.8,-0.00800979789346457,0.0413496106863022,0,-7.69228469283169,-38.8277824030868,1838.28936237363,119.570241045169,10.9601486871069,1814.12457736862,225.409148402827,156.813119598043,1581.82373281502,-184.713782880174,172.083914279703,1570.4541456312,0,0,0,0,0,0
17665.9080995,1234.8,-0.00621949741616845,0.0423585049808025,0,-7.7324840145398,-38.7343274263966,1838.29356686265,119.514385189735,11.0655709493764,1814.13049945273,225.30110155258,156.905051487412,1581.83658110194,-184.812395044346,172.104434924263,1570.46683822222,0,0,0,0,0,0
17665.9224644,1237.8,-0.00733601721003652,0.0399673789739609,0,-7.78303366204558,-38.7159371535948,1838.27763240936,119.469059397219,11.1092930183281,1814.11452783399,225.285268064495,156.915779758625,1581.84776618064,-184.840898210109,172.118043250834,1570.46452838091,-0.111000001430511,0.353799998760223,0.928699970245361,0,0,0
17665.9332469,1240.8,-0.00737886689603329,0.0424565620720387,0,-7.94771924824989,-38.5957771962613,1838.22235008744,119.328858696464,11.2733786884583,1814.0601943243,225.030007941099,157.136512660771,1581.88077821776,-185.146680129982,172.182928256079,1570.53068060931,0,0,0,0,0,0
17665.9453365,1243.8,-0.00807483773678541,0.0417456053197384,0,-7.97804513363993,-38.522226984672,1838.18107041161,119.287415804508,11.3319233233983,1814.04252134927,224.884535193726,157.261782473942,1581.90459268607,-185.319099465889,172.165347503144,1570.58100501023,0,0,0,0,0,0
17665.9571646,1246.8,-0.00776227889582515,0.0422419294714928,0,-8.05408808781651,-38.5088435137264,1838.19335824585,119.279123940053,11.3531286621489,1814.01254490824,224.819641676474,157.296412919244,1581.91159605223,-185.356754676843,172.173391176497,1570.5902619324,-0.0917999967932701,0.352899998426437,0.931100010871887,52.9500007629395,68.3000030517578,239.360000610352
17665.9677585,1249.8,-0.00870401877909899,0.0413195215165615,0,-8.1325876720504,-38.4821499112079,1838.18547153581,119.200716675839,11.4264154524598,1813.99100308838,224.745605490228,157.375429574915,1581.92632118532,-185.399074451912,172.168871613122,1570.59404443935,0,0,0,0,0,0
17665.9856106,1252.8,-0.00758094759657979,0.0421334490180016,0,-8.06886761875018,-38.4562927479071,1838.13512934908,119.197757292905,11.4305668773287,1813.9920027828,224.738574655632,157.399529719768,1581.95302390883,-185.488984224553,172.14102523122,1570.63466414817,-0.0245999991893768,0.174400001764297,0.984399974346161,55.0400009155273,67.9400024414062,239.339996337891
17665.996207,1255.8,-0.00763473147526383,0.0421945139765739,0,0,0,0,119.174583571984,11.4897286190597,1813.93895049363,224.667325518194,157.472503711513,1581.99848576245,-185.506114872914,172.18196822536,1570.6235421812,0,0,0,0,0,0
17666.0067618,1258.8,-0.00754513591527939,0.0423906952142716,0,0,0,0,119.024898819512,11.6238945576239,1813.88446791181,224.487821810201,157.745653229205,1582.1346892228,-185.7397565787,172.192981229247,1570.72487305676,0,0,0,0,0,0
17666.0173243,1261.8,-0.00731221958994865,0.0421064555644989,0,0,0,0,118.789958490927,11.7849556528021,1813.68615939057,224.330429470474,157.964491205257,1582.26481522879,-185.979552481964,172.176663394027,1570.84932357363,0,0,0,0,0,0
17666.0280183,1264.8,-0.00735848024487495,0.0425269477069378,0,0,0,0,118.661245478788,11.8955404916245,1813.59453191856,224.256274364982,158.228476915514,1582.46475996073,-186.168430637167,172.178503593866,1570.9517566706,0,0,0,0,0,0
17666.0395099,1267.8,-0.00696776295080781,0.0415310882031918,0,0,0,0,118.594957966652,11.9061919407907,1813.55289059521,224.231461920038,158.280898512044,1582.48675644182,-186.204890071674,172.157354319513,1570.98098767672,-0.109700001776218,0.343400001525879,0.932799994945526,0,0,0
17666.0501359,1270.8,-0.00640928186476231,0.0403079301118851,0,0,0,0,118.328506047145,12.1489116594323,1813.39968536342,224.067922984469,158.603188986673,1582.73883358378,-186.267611965902,172.202176551361,1571.01911499597,0,0,0,0,0,0
17666.0608127,1273.8,-0.00677864672616124,0.0409336820244789,0,0,0,0,118.295720849437,12.1335689769466,1813.37990265195,224.042781138209,158.638843885471,1582.75403972585,-186.285061323005,172.183224693233,1571.03825371391,0,0,0,0,0,0
17666.0714789,1276.8,-0.00700161512941122,0.0414928518235683,0,0,0,0,118.210103323089,12.1378981347891,1813.35230211788,224.022584110798,158.743736991695,1582.81017697517,-186.32542421044,172.180347565131,1571.05780741171,0,0,0,0,0,0
17666.0856866,1279.8,-0.0071752592921257,0.0413460418581963,0,0,0,0,118.184225933348,12.154956259726,1813.34469952753,223.999762623613,158.796779336357,1582.83476671807,-186.344924154322,172.158071665648,1571.07458801634,0,0,0,0,0,0
17666.096379,1282.8,-0.00744443759322166,0.04153967872262,0,-3.49775753792153,-36.9721309355189,1834.8147498062,117.819604762086,12.2510501195599,1813.3126924273,223.88997260016,159.212275717304,1583.02177055762,-186.400260859119,172.137159901629,1571.16705910568,0,0,0,0,0,0
17666.1202041,1285.8,-0.00568020576611161,0.0434034191071987,0,0,0,0,117.764607708728,12.2477173071937,1813.30154042632,223.859833204487,159.256194350533,1583.02431775792,-186.427455870105,172.104894210354,1571.19234363795,0.0557000003755093,0.0337999984622002,0.997900009155273,62.25,73.1999969482422,236.580001831055
17666.1309801,1288.8,-0.00625779153779149,0.0409571625292301,0,0,0,0,117.548732536342,12.386720297066,1813.30861543063,223.766447518335,159.434942167252,1583.07194134869,-186.517922939354,172.05991257837,1571.28322733734,0,0,0,0,0,0
17666.1418036,1291.8,-0.00601884489879012,0.0409939758479595,0,-3.92799213779098,-36.6450987148866,1834.82939724342,117.40731371186,12.4839083309823,1813.31297266176,223.620651009154,159.641061038885,1583.10539173615,-186.595818962322,172.016114063292,1571.38474866563,0,0,0,0,0,0
17666.1526682,1294.8,-0.00522427074611187,0.0419540762901306,0,0,0,0,117.361219855639,12.550118689359,1813.32037026781,223.564421465378,159.760766009335,1583.12137132498,-186.717935632843,171.926127550859,1571.47988076821,0,0,0,0,0,0
17666.1703991,1297.8,-0.0055176941677928,0.0414852410554886,0,-4.00271347369981,-36.545358141642,1834.85077803678,117.364936447048,12.5497434261998,1813.32294899869,223.535213099176,159.812157381478,1583.1203765672,-186.727674756201,171.905213439061,1571.49694219512,-0.0254999995231628,0.227799996733665,0.973399996757507,0,0,0
17666.1811183,1300.8,-0.00581616722047329,0.0407147280871868,0,0,0,0,117.288457341686,12.7245853340137,1813.29439068682,223.426998247191,159.985631216396,1583.11981979889,-186.85777165805,171.861686505522,1571.58003237183,0,0,0,0,0,0
17666.1917099,1303.8,-0.0059824027121067,0.041220972687006,0,-4.04363691896656,-36.2507969363825,1834.82061983094,117.325316011357,12.9218202191289,1813.26228423944,223.274701321231,160.176069592442,1583.14213230858,-186.984213605654,171.815199042842,1571.69037397881,0,0,0,0,0,0
17666.2061558,1306.8,-0.00592274172231555,0.0415274113416672,0,-3.99985216659908,-36.2150910078063,1834.85031370726,117.332115493145,12.9531257951179,1813.24928873289,223.257466461317,160.207081589675,1583.15052504853,-187.013718264537,171.795828065845,1571.72152037153,-0.0518999993801117,0.391799986362457,0.918600022792816,0,0,0
17666.2166987,1309.8,-0.00565278623253107,0.040499410033226,0,-3.9451898252332,-36.1027095687818,1834.77456824416,117.384548374699,13.1333534400873,1813.18845934901,223.189012292055,160.366610470562,1583.19352717874,-187.105723611292,171.767982045562,1571.79834568323,0,0,0,0,0,0
17666.227262,1312.8,-0.00572128314524889,0.0411838091909885,0,-3.74999383304717,-35.9733947996334,1834.72856317434,117.438836506325,13.5404226883669,1813.10329871359,223.099209860404,160.539920382715,1583.25187469426,-187.204899485178,171.740100627662,1571.88704246133,0,0,0,0,0,0
17666.2516976,1315.8,-0.00517336139455438,0.0410818219184876,0,-3.7180964315523,-35.9600004733021,1834.70529303722,117.422409081039,13.585973008374,1813.06867241101,223.096341965459,160.567007198758,1583.2679286641,-187.207903401143,171.768631142793,1571.89640883897,-0.0540000014007092,0.327199995517731,0.943400025367737,0,0,0
17666.2622676,1318.8,-0.00493028620257974,0.0396516941487789,0,-3.61232359983462,-35.8207124429294,1834.6678868882,117.502678937733,13.7944363731014,1813.02329410416,223.056985388158,160.727882664413,1583.33136322399,-187.337416486307,171.730660305935,1572.00475541735,0,0,0,0,0,0
17666.2728671,1321.8,-0.00570305716246367,0.0402359463274479,0,-3.52949161904357,-35.7345798848591,1834.62115615968,117.539804394211,13.9070163721795,1812.9425179931,223.009545522571,160.841282785634,1583.38118086589,-187.416218502704,171.752159076189,1572.07471300531,0.0549000017344952,0.0844999998807907,0.994899988174438,74.6699981689453,65.0899963378906,238.279998779297
17666.2834428,1324.8,-0.00520736491307616,0.0411434270441532,0,-3.51165316547161,-35.7183457958299,1834.59149231216,117.55868368537,13.9426076185152,1812.90847897428,222.992585632097,160.896294528053,1583.4199072193,-187.420054939843,171.745019029687,1572.1007025031,0,0,0,0,0,0
17666.2941507,1327.8,-0.00538559770211577,0.040157238394022,0,-3.38327268209102,-35.6133281939063,1834.57096420421,117.651421923497,14.0867652963268,1812.8930000498,222.950420561344,161.031829793673,1583.51498114173,-187.383788993821,171.763724518223,1572.14355360319,0,0,0,0,0,0
17666.3048032,1330.8,-0.00617058342322707,0.0390100352466106,0,-3.3675248163722,-35.5936129175469,1834.57881910762,117.652376358816,14.0994620635595,1812.87753528282,222.93595750325,161.047577893539,1583.53104451511,-187.381780486027,171.725485660991,1572.17740034153,0.0227000005543232,0.289400011301041,0.956900000572205,0,0,0
17666.3154589,1333.8,-0.00562866916880012,0.0400141164660454,0,-3.29251001435704,-35.4656067123816,1834.52249990083,117.651476126892,14.222650978029,1812.77825150704,222.92289611881,161.122584802018,1583.64203263999,-187.320635992855,171.808927567511,1572.21032714781,0,0,0,0,0,0
17666.3270297,1336.8,-0.00548568554222584,0.0400111772119999,0,-3.28461147339575,-35.4615369894852,1834.51774847918,117.673797358593,14.2004650919713,1812.78688859658,222.915804824018,161.126077028602,1583.66290481005,-187.316424669446,171.794235515734,1572.22306845407,0.0904000028967857,0.406399995088577,0.909200012683868,0,0,0
17666.337709,1339.8,-0.0062959217466414,0.0390599839389324,0,-3.29276219284946,-35.3960277621888,1834.47329456778,117.617987123621,14.2540215107403,1812.6905308954,222.914325318308,161.127441186724,1583.73188783513,-187.287091579395,171.789204532943,1572.26208350695,0,0,0,0,0,0
17666.3484155,1342.8,-0.00538483401760459,0.0401408061385155,0,-3.35535149873919,-35.3731375281053,1834.3967458783,117.625306054542,14.2665334939569,1812.68111885388,222.964259633791,161.124312630026,1583.81291700902,-187.244593445169,171.832856198113,1572.28500950654,-0.0130000002682209,0.409200012683868,0.912299990653992,-36.2299995422363,89.3300018310547,235.789993286133
17666.3590672,1345.8,-0.00691147660836577,0.0382338970899582,0,-3.39907993258416,-35.3552437336842,1834.36470889958,117.617159011699,14.2553703165774,1812.66711495977,222.970774443214,161.097069632525,1583.84064827574,-187.250342534852,171.836977777798,1572.31553121266,0,0,0,0,0,0
17666.3857136,1348.8,-0.00587340164929628,0.0398753084242344,0,-3.33329208657901,-35.3432909379686,1834.35204390601,117.593294018952,14.2678575491382,1812.64029163045,222.985844326785,161.09064200085,1583.85580063974,-187.238203429691,171.847177749773,1572.32246201289,0.0737999975681305,0.416799992322922,0.906000018119812,0,0,0
17666.3963524,1351.8,-0.00626802258193493,0.0397195354104042,0,-3.44338899304357,-35.3209034785531,1834.2455565067,117.563599534527,14.2183613377956,1812.59351596332,223.033180566437,161.03511111075,1583.93375898727,-187.149122446331,171.917745534511,1572.35114875774,0,0,0,0,0,0
17666.4076753,1354.8,-0.00650568725541234,0.0397797547280788,0,-3.57873152663519,-35.3034446260759,1834.10154326124,117.435048179442,14.1995206311566,1812.50835469287,223.124246588541,160.973984370338,1584.01274355508,-187.113454140225,171.972722383586,1572.43135774551,0,0,0,0,0,0
17666.4182302,1357.8,-0.00597604271024466,0.0392350129783154,0,-3.69392071388418,-35.346940456308,1834.00004196801,117.341416713722,14.0302269344293,1812.47913302861,223.223631366856,160.919112227165,1584.08410791941,-186.964884766895,172.117445515881,1572.45595864981,0,0,0,0,0,0
17666.4322976,1360.8,-0.00658778520300984,0.0396499805152416,0,-3.67601046835674,-35.3556024245935,1833.97684608789,117.331738992313,14.0257994342963,1812.47619195731,223.239953637567,160.915435297229,1584.0939486569,-186.903988753877,172.151377449194,1572.4484144697,0.0538000017404556,0.408100008964539,0.911300003528595,0,0,0
17666.4457845,1363.2,-0.00650783814489841,0.0398900493979454,0,-3.95406885961336,-35.397379050249,1833.82910237346,117.195381999447,13.8338090127735,1812.46808796894,223.402556802266,160.794046456814,1584.17496968756,-186.703891593436,172.332609402554,1572.56753801075,0,0,0,0,0,0
17666.4563675,1360.2,-0.00729805650189519,0.0414363354444504,0,-4.03763583850838,-35.4188356550488,1833.79786432078,117.166064527924,13.7737994475703,1812.49366682042,223.481614548547,160.743229474812,1584.20314793625,-186.641378484979,172.385749517733,1572.63183582558,0,0,0,0,0,0
17666.4757022,1357.2,-0.00578874675557017,0.0385948963463306,0,-4.03397684917846,-35.442374160234,1833.8081205722,117.177177743249,13.7028678872726,1812.50824864511,223.507107173791,160.712153389568,1584.22331648979,-186.615788691432,172.393508293427,1572.65638982217,0.0599000006914139,0.405200004577637,0.912199974060059,0,0,0
17666.4863423,1354.2,-0.0058922772295773,0.039782053232193,0,-4.23381122517867,-35.4836718418013,1833.74527324797,117.047025088389,13.5635462261499,1812.49312610314,223.635664039824,160.587567794602,1584.28396415947,-186.53617148585,172.471081342564,1572.74729972554,0,0,0,0,0,0
17666.4969016,1351.2,-0.00613268138840795,0.0402425065636635,0,-4.31946782761264,-35.494575891434,1833.72914959029,117.006936692938,13.4590340493975,1812.48668419864,223.695172204435,160.503067279935,1584.31243530755,-186.501178335055,172.480709193292,1572.83477480609,0,0,0,0,0,0
17666.5075794,1348.2,-0.00647907610982656,0.0396125413477421,0,-4.4171583209729,-35.5220961811141,1833.72254852352,116.933198440293,13.34308478047,1812.48175469636,223.776843824838,160.407768401673,1584.34610469146,-186.484273967272,172.454225241791,1572.9238975142,0,0,0,0,0,0
17666.5189185,1345.2,-0.00774398166686296,0.0397593028843403,0,-4.48499599906225,-35.5251959058253,1833.72334685217,116.931040636443,13.2453304571676,1812.49349466111,223.811557236718,160.389582429447,1584.35450205312,-186.451939919559,172.462562156796,1572.92752408987,-0.060199998319149,-0.00700000021606684,0.998199999332428,37.9700012207031,84.3099975585938,232.070007324219
17666.5295061,1342.2,-0.00521538499742746,0.0409455694258213,0,0,0,0,116.855410640791,13.2210216498928,1812.47087367349,223.861756180205,160.31670580016,1584.37885237437,-186.438579236025,172.457394544657,1572.97791163766,0,0,0,0,0,0
17666.540045,1339.2,-0.0070364223793149,0.0409553967416287,0,-8.47772337623346,-36.3272958129719,1834.58869679483,116.633264544504,12.7594932412724,1812.47087937998,224.130680374555,160.04119740052,1584.45764854536,-186.209443041092,172.511341638854,1573.09966262833,0,0,0,0,0,0
17666.5506251,1336.2,-0.00743261678144336,0.0405093342065811,0,-8.56211392464886,-36.3922761370967,1834.60034592988,116.649311952752,12.622033850102,1812.45624349486,224.22164107869,159.949850682215,1584.4812195825,-186.144648318922,172.529199984088,1573.13805296797,0,0,0,0,0,0
17666.5720735,1333.2,-0.00693878252059221,0.0415252357721329,0,-8.43391426023955,-36.3710230353738,1834.4915554425,116.668601496447,12.5999535504065,1812.47179602881,224.236784395528,159.92172946227,1584.49415643318,-186.127507114551,172.523189567462,1573.15054902368,0.207599997520447,0.277799993753433,0.937900006771088,0,0,0
17666.5826074,1330.2,-0.00758000463247299,0.0414422176778317,0,-8.40881046993997,-36.5544555987958,1834.49442557197,116.614577918731,12.2461959960445,1812.46009889181,224.36330317182,159.656505781157,1584.56709171442,-185.904517198747,172.546765352063,1573.21776171292,0,0,0,0,0,0
17666.5932137,1327.2,-0.00780045008286834,0.0420684725046158,0,-8.35131692991543,-36.607523898705,1834.42529406845,116.602657875677,12.1621551378808,1812.43578460536,224.407572771554,159.545043216566,1584.59757679523,-185.85764769108,172.551870024435,1573.24557995031,0,0,0,0,0,0
17666.6038074,1324.2,-0.00823692698031664,0.0424156434834004,0,0,0,0,116.623587067254,12.0304096397193,1812.44152142942,224.443314776256,159.464373490195,1584.63635515956,-185.821043683389,172.534693927181,1573.27936971827,0,0,0,0,0,0
17666.614465,1321.2,-0.00797209795564413,0.0428982473909855,0,-7.88484467030785,-36.853066151685,1834.27792695668,116.705073411991,11.7501467456611,1812.43160223404,224.490719199522,159.285493859245,1584.71116363158,-185.75274057115,172.529061947163,1573.32683581851,0,0,0,0,0,0
17666.6251157,1318.2,-0.00797979719936848,0.0422891326248646,0,-7.2003031144719,-36.8273336465741,1834.0810964068,116.733929936274,11.6103380453119,1812.43592256834,224.52821839739,159.230623326323,1584.7540871968,-185.700857151621,172.521705634404,1573.33572178005,0,0,0,0,0,0
17666.6357949,1315.2,-0.00796948932111263,0.0419533871114254,0,0,0,0,116.745144617308,11.3757277153793,1812.39298812361,224.511831461006,159.157136952471,1584.80747841482,-185.65202650442,172.550320483767,1573.32047225218,0,0,0,0,0,0
17666.6519062,1312.2,-0.00945207756012678,0.0448328651487827,0,-8.58211538458971,-37.2538032297635,1834.4263598912,116.774449757002,11.3276936174695,1812.40073057087,224.535350274084,159.136425921404,1584.81043138016,-185.697611294176,172.499431681759,1573.36456925278,0.296700000762939,0.247500002384186,0.922299981117249,54.6199989318848,44.2299995422363,244.809997558594
17666.6625326,1309.2,-0.00877608358860016,0.0433260969817638,0,-7.78961294841823,-37.2966700212464,1834.07625085168,116.76619410944,11.0801071448357,1812.41264107938,224.601157740555,159.022027258545,1584.91422405067,-185.622529135605,172.49123150749,1573.35967275881,0,0,0,0,0,0
17666.6731298,1306.2,-0.00875292811542749,0.044015733897686,0,0,0,0,116.788305550164,10.9127193568705,1812.41019537708,224.642529255504,158.963329962136,1584.95079463238,-185.650757637475,172.412170840898,1573.40097719953,0,0,0,0,0,0
17666.6843086,1303.2,-0.00791245605796576,0.0441680759191513,0,-8.31841145840945,-37.616589976187,1834.12585091367,116.795623800614,10.7157818156073,1812.41439820843,224.656927373649,158.9037584114,1585.01493726531,-185.57546881871,172.439649990071,1573.361266141,0,0,0,0,0,0
17666.694859,1300.2,-0.00724777020514011,0.0457462020218372,0,0,0,0,116.708751501319,10.6446623077833,1812.36847512288,224.698780530988,158.858396836267,1585.04195809224,-185.518283941074,172.440272010465,1573.34578608501,0,0,0,0,0,0
17666.7161397,1297.2,-0.00693298177793622,0.0425564035773277,0,-8.75051404478189,-37.8606491545958,1834.23458487605,116.684457032575,10.6378944290841,1812.35728797186,224.709043054531,158.839100054989,1585.05101833809,-185.498136104132,172.439384357451,1573.33168177651,0.128600001335144,0.367300003767014,0.921199977397919,0,0,0
17666.7267363,1294.2,-0.00762941269204021,0.043847119808197,0,-8.3502449389778,-38.1196951049042,1833.95859681996,116.626698028507,10.2863685807116,1812.34422027419,224.802068357337,158.738194052568,1585.11147782505,-185.377935129546,172.425902686156,1573.33872629675,0,0,0,0,0,0
17666.737329,1291.2,-0.00803338550031185,0.04389433786273,0,-8.52482374267915,-38.3265284894594,1833.89289404001,116.625350511951,10.0986290845548,1812.35699658182,224.863612805492,158.67360037871,1585.12645267481,-185.306668619039,172.449447888557,1573.32015666492,0,0,0,0,0,0
17666.7480244,1288.2,-0.00771015556529164,0.0444686248898506,0,-5.32011755877193,-37.9250724663635,1833.07370008696,116.523639664863,9.988048579791,1812.24275951836,224.971151776769,158.64636757909,1585.11999451363,-185.237415579068,172.449268323302,1573.31047627113,0.314999997615814,0.252900004386902,0.914799988269806,79.2200012207031,70.0800018310547,236.149993896484
17666.758607,1285.2,-0.0082628270611167,0.0435767792165279,0,-5.38390653432111,-37.9720194256564,1833.04812469117,116.486810351062,9.89483887619968,1812.22075017356,224.996235493181,158.64964425542,1585.09838906426,-185.208775210043,172.47658539083,1573.28453354916,0,0,0,0,0,0
17666.7858386,1282.2,-0.00827266462147236,0.0439812377095223,0,-5.43018590576088,-37.9997422533752,1833.01313226857,116.476253681597,9.8456075807434,1812.21064395589,225.021247009885,158.654706107578,1585.08886961754,-185.191297408386,172.481184175535,1573.2791169151,0.289000004529953,0.295700013637543,0.91049998998642,86.4000015258789,64.2200012207031,237.289993286133
17666.7964182,1279.2,-0.00858190096914768,0.0439968653023243,0,-5.61678324218464,-38.1230612966432,1832.88327104845,116.390276645532,9.62739991986494,1812.09172232398,225.05247048914,158.67471059339,1585.01035477032,-185.141171065638,172.545097376998,1573.21249334873,0,0,0,0,0,0
17666.8071781,1276.2,-0.00872461311519146,0.0441060908138752,0,0,0,0,116.346809125917,9.39433441107816,1811.9986114793,225.12085729552,158.681249570063,1584.88657932054,-185.013510029101,172.736893374827,1573.08552064726,0,0,0,0,0,0
17666.8262161,1273.2,-0.00755523052066565,0.0432576596736908,0,-9.09464865883732,-38.8179226234787,1833.4464136296,116.339326161079,9.37847492578803,1811.98525266979,225.124854114894,158.676937757277,1584.86487554763,-185.000052656296,172.772365989076,1573.06163431498,0.374700009822845,0.0776000022888184,0.923900008201599,0,0,0
17666.8369285,1270.2,-0.00776073010638356,0.0418667480349541,0,-7.8933843964084,-38.666563734979,1832.82949271403,116.226638893106,9.09692675345492,1811.7867294043,225.206664581731,158.667687623374,1584.60128005844,-184.871688984349,173.141308752044,1572.90530368711,0,0,0,0,0,0
17666.8475363,1267.2,-0.00812076032161713,0.0435939118266106,0,-7.98494899886307,-38.6640112429935,1832.75342067029,116.247636610897,8.96283373835143,1811.72484865591,225.255506987974,158.646875537877,1584.50805926636,-184.88584867643,173.292770596382,1572.85773860856,0.401899993419647,0.150700002908707,0.903199970722198,108.029998779297,48.2299995422363,232.029998779297
17666.8581878,1264.2,-0.00802947860211134,0.041706407815218,0,-8.09524176674051,-38.680751109956,1832.77731645,116.192428962323,8.97351793482231,1811.67267524855,225.266281888277,158.641184297998,1584.46104302339,-184.763108679497,173.430331301103,1572.7748994712,0,0,0,0,0,0
17666.8770061,1261.2,-0.00861269794404507,0.042571297287941,0,-8.06685063635029,-38.6269245053502,1832.73006490658,116.16600914587,8.97131427102379,1811.63304708315,225.278099493068,158.640913274592,1584.43251274843,-184.758998970587,173.467103399473,1572.77094454011,0.32820001244545,0.0759999975562096,0.941600024700165,0,0,0
17666.8876426,1258.2,-0.00861166138201952,0.042201778292656,0,-8.63512896603392,-38.6230415068571,1832.73680043553,116.127518220469,8.85490085285726,1811.51801839118,225.309354719431,158.637734535798,1584.25858439156,-184.651246767653,173.799774926793,1572.64498902292,0.264499992132187,0.158000007271767,0.951399981975555,110.51000213623,74.9800033569336,223.820007324219
17666.898365,1255.2,-0.00794983748346567,0.0422664344310761,0,-8.83892038209255,-38.5752441227681,1832.68518735073,116.074891478992,8.74444143613886,1811.37692637075,225.372462787607,158.64000275368,1584.11464317537,-184.652516963767,174.047716425341,1572.56680985377,0,0,0,0,0,0
17666.9194469,1252.2,-0.00763869611546397,0.0409139081835747,0,-8.93209574242489,-38.5560755817017,1832.68859035313,116.054942923902,8.66168356105726,1811.35110480624,225.387473245871,158.636110783094,1584.08718743108,-184.667413382992,174.11097381084,1572.55718876646,0.161400005221367,0.337099999189377,0.927500009536743,109.269996643066,80.7399978637695,221.639999389648
17666.9299804,1249.2,-0.00738529674708843,0.0412136375904083,0,-8.97340381758625,-38.5060286673008,1832.62749102821,116.030029177634,8.68536436196344,1811.30559635493,225.404034799158,158.63461019903,1584.02627199269,-184.631890064138,174.218676190258,1572.50813725481,0,0,0,0,0,0
17666.9405438,1246.2,-0.00733972759917378,0.0416067339479923,0,-9.19813401811892,-38.4659923668108,1832.60073843767,115.90675828162,8.60243184818638,1811.22766921217,225.431291687571,158.650515672355,1583.91792489335,-184.646376242361,174.31486812487,1572.47364374541,0,0,0,0,0,0
17666.9518199,1243.2,-0.00791254825890064,0.0407870769500732,0,-9.2183690634515,-38.4462268329547,1832.57389176595,115.916864779795,8.5816824641452,1811.21726869216,225.420685422072,158.636983943258,1583.88458254325,-184.655080761866,174.364379801759,1572.46026158599,0.110200002789497,0.430000007152557,0.896099984645844,0,0,0
17666.9623421,1240.2,-0.00699941208586097,0.0420938193798065,0,-9.56840464257665,-38.2083327067821,1832.4268458034,115.711037994855,8.37634763889196,1811.0085101266,225.49257797336,158.642979735842,1583.62287056106,-184.605731099718,174.748846772992,1572.28915124926,0,0,0,0,0,0
17666.9729017,1237.2,-0.00754305440932512,0.0410413913428783,0,-9.65943340438138,-38.1077326591308,1832.38983172453,115.629065027628,8.29297815269965,1810.96122308101,225.527038250257,158.650801147709,1583.5370383289,-184.558618318162,174.903907046663,1572.22464490787,0,0,0,0,0,0
17666.984294,1234.2,-0.00746471015736461,0.0407259300351143,0,-9.79538321251286,-38.0468519052088,1832.36223533218,115.521043016539,8.21243203339814,1810.88585274795,225.563073396387,158.657066689933,1583.45484585378,-184.504718557741,175.07213951613,1572.18188472246,0,0,0,0,0,0
17666.9948651,1231.2,-0.00736283184960485,0.0403325393795967,0,-10.0801725681442,-37.871932108364,1832.3411199118,115.291468540825,8.13460320877644,1810.75308498653,225.663633155518,158.684658609769,1583.2906462686,-184.348460635608,175.458557831789,1572.06075439044,0,0,0,0,0,0
17667.0056551,1228.2,-0.00697382166981697,0.039485028386116,0,-9.92233080168126,-37.7332807832927,1832.24734511127,115.203250928953,8.06587845790521,1810.70993551505,225.705631478758,158.691469565981,1583.23842933194,-184.285334917519,175.562774478065,1572.01454820555,0,0,0,0,0,0
17667.0163081,1225.2,-0.00741453468799591,0.0397789500653744,0,-10.0816707457132,-37.5827776291541,1832.20143847935,115.07545094918,7.95062010240752,1810.67275087726,225.776979279112,158.731213241138,1583.15782138733,-184.221092408906,175.750010101882,1571.99477459132,0,0,0,0,0,0
17667.0269219,1222.2,-0.00803013611584902,0.0405968934297562,0,-10.3843190076254,-37.3995962748121,1832.19659081994,114.77989891427,7.79899512146615,1810.63029060341,225.879253851431,158.74017299527,1583.03220049843,-184.070986338728,176.066216221647,1571.87484495536,0,0,0,0,0,0
17667.0682325,1219.2,-0.0062767006456852,0.0382797330617905,0,-10.4748248956147,-37.3603158208327,1832.18903320135,114.691632919557,7.78773737246268,1810.62718556657,225.897215232345,158.748792068763,1583.00872196904,-184.06772188021,176.10092043137,1571.86361385272,0.0361000001430511,0.418000012636185,0.907700002193451,0,0,0
17667.0789648,1216.2,-0.00725684966892004,0.0384094886481762,0,-10.8933711608946,-37.2128436265216,1832.28823991293,114.411211674466,7.60545281310174,1810.65045356177,225.976508109334,158.755783001875,1582.89134997457,-184.015857797572,176.200796127414,1571.83579408341,0,0,0,0,0,0
17667.0896005,1213.2,-0.00814490020275116,0.0378537423908711,0,-11.682679655971,-36.9601965843083,1832.53117778798,113.915967679566,7.23825860745624,1810.76313573154,226.205693253665,158.706874594835,1582.72861713755,-183.92181183858,176.307843320571,1571.736600639,0,0,0,0,0,0
17667.1079531,1210.2,-0.00677527906373143,0.0401131011545658,0,-11.7574337752782,-36.9554627173327,1832.57287287021,113.898629319375,7.20032989457418,1810.79330017028,226.227120924822,158.682356945365,1582.7097690435,-183.918676355348,176.330268462693,1571.7125980617,0.0627999976277351,0.430400013923645,0.90039998292923,0,0,0
17667.1185912,1207.2,-0.00810726266354322,0.0372732415795326,0,-12.4788973066758,-36.7166266560307,1832.82204720794,113.35810122691,6.73848817527972,1811.02161661115,226.38655184618,158.560911564805,1582.56704499109,-183.667571196002,176.441986608188,1571.51322299357,0,0,0,0,0,0
17667.129221,1204.2,-0.0074414350092411,0.038055045902729,0,-12.5915072679577,-36.6962115997066,1832.86688867632,113.213594276008,6.56766269826457,1811.09435039893,226.451405490412,158.51356048093,1582.54503244786,-183.557986864324,176.503401446666,1571.42980253914,0,0,0,0,0,0
17667.1398151,1201.2,-0.00739932572469115,0.0388980977237225,0,-12.8485506216886,-36.6654910807918,1832.87077196021,112.969727304109,6.36640389741793,1811.10833774823,226.562750420044,158.446125316872,1582.51221297193,-183.466830340724,176.583202193405,1571.35339493414,0.034000001847744,0.401300013065338,0.915300011634827,99.7300033569336,65.1699981689453,230.720001220703
17667.1504407,1198.2,-0.0081735122948885,0.0375690780580044,0,-13.0132634155477,-36.6702146473807,1832.841389444,112.820439870272,6.22825030741349,1811.14077055906,226.648516300366,158.393492541816,1582.48790771224,-183.403586171216,176.62287373207,1571.31150211385,-0.00400000018998981,0.442699998617172,0.896700024604797,96.9700012207031,64.7300033569336,231.490005493164
17667.1610143,1195.2,-0.00815403740853071,0.0381580725312233,0,-13.1585102810523,-36.6519314920485,1832.80374245473,112.671014294314,6.12144870496416,1811.11336691465,226.713536686331,158.349094628382,1582.48407151204,-183.344614881484,176.68863515417,1571.26096490075,0,0,0,0,0,0
17667.1852942,1192.2,-0.00793526787310839,0.0381590411067009,0,-13.2308044882229,-36.6480312237356,1832.78831830151,112.617993312208,6.05878850689721,1811.13593997283,226.742827894434,158.333145354283,1582.47685880288,-183.328960050003,176.722110544035,1571.23642386938,0.0370000004768372,0.398900002241135,0.91619998216629,94.9400024414062,68.620002746582,230.559997558594
17667.1958696,1189.2,-0.00859605986624956,0.0387006536126137,0,-13.8592400240326,-36.7260668926495,1832.62866588208,112.045903344437,5.54704020482053,1811.1279802573,227.009141894985,158.173527390017,1582.45109258876,-183.129954915366,176.956994130481,1571.07795135372,0,0,0,0,0,0
17667.2064999,1186.2,-0.0087655046954751,0.0396299906075001,0,-14.1161189072675,-36.7059838852436,1832.54093002123,111.858448624838,5.40352385500712,1811.08963687378,227.0935600051,158.121020722754,1582.43777598967,-182.996521988882,177.089002464639,1570.98682074142,0,0,0,0,0,0
17667.2170559,1183.2,-0.0074964752420783,0.0392913766205311,0,-14.549809575885,-36.7481910656921,1832.39146124874,111.524535498726,5.10759793792222,1811.07074484106,227.262844923379,157.982338436144,1582.41549678995,-182.861627129652,177.350129477671,1570.91007855168,0,0,0,0,0,0
17667.2276016,1180.2,-0.00746879586949944,0.0384554736316204,0,-14.929532314184,-36.7919046336936,1832.33560086556,111.311052518948,4.83363584248777,1811.09033717168,227.337548992887,157.896309173803,1582.3997225913,-182.710254443626,177.553993583165,1570.83485686299,-0.0498000010848045,0.422300010919571,0.905099987983704,82.9400024414062,74.629997253418,230.759994506836
17667.2380803,1177.2,-0.00828992761671543,0.039699649810791,0,-15.1146040598022,-36.8084710458464,1832.29223815839,111.203750870338,4.6455017909743,1811.11387542643,227.388141790627,157.836863939409,1582.40119317073,-182.654440158145,177.647925753371,1570.81235308089,0,0,0,0,0,0
17667.2486153,1174.2,-0.00818393100053072,0.0408066794276238,0,-15.499950954966,-36.866360008759,1832.27346856363,110.904409116547,4.2971013176682,1811.15300542547,227.4916590165,157.732467822194,1582.3866312085,-182.611178778299,177.781773964134,1570.8304604277,-0.0434000007808208,0.426800012588501,0.903299987316132,84.4599990844727,76.2699966430664,229.779998779297
17667.2591094,1171.2,-0.00824763439595699,0.0400998316705227,0,-15.6242384938275,-36.865525251178,1832.23758270172,110.793204589111,4.14133370955011,1811.18765314675,227.534909691987,157.675262513332,1582.38452877521,-182.591180763784,177.850469392614,1570.82932718675,0,0,0,0,0,0
17667.2699521,1168.2,-0.00739561207592487,0.0406394511461258,0,-15.7056911667417,-36.8704580649585,1832.21642695854,110.748224849403,4.03563962057125,1811.19435231567,227.55804371499,157.647068624366,1582.38620245407,-182.575504608313,177.882008494712,1570.85094829933,0.0733999982476234,0.393099993467331,0.916599988937378,85.0699996948242,76.0100021362305,229.789993286133
17667.2804688,1165.2,-0.00798172317445278,0.0422648251056671,0,-15.989244723588,-36.893718066411,1832.25068599706,110.629545267513,3.88770697561247,1811.19483702871,227.594407114455,157.586955317982,1582.3628811,-182.488214402892,177.982596988315,1570.83142519752,0,0,0,0,0,0
17667.2910203,1162.2,-0.00731004774570465,0.0418832510709763,0,-16.4384892359582,-36.8666535156576,1832.19326513176,110.228927640019,3.5833196619889,1811.14401369919,227.709451153443,157.414591111465,1582.33051020618,-182.43837497753,178.163531600475,1570.91205209279,0,0,0,0,0,0
17667.3015657,1159.2,-0.0070792818441987,0.042618764936924,0,-16.6581946864091,-36.8265418462278,1832.17028146705,110.017493173591,3.36545671762178,1811.12683539485,227.810180543492,157.305251244498,1582.30483219803,-182.305287488846,178.293524282892,1570.87815748472,0,0,0,0,0,0
17667.3189245,1156.2,-0.00745570426806808,0.0427234902977943,0,-16.7336520478275,-36.8153900110107,1832.16888312466,109.916893405647,3.29102318114884,1811.09265829487,227.829835443503,157.28540602861,1582.29514812732,-182.285585670115,178.315602326567,1570.88932188938,0.0379999987781048,0.414299994707108,0.909300029277802,0,0,0
17667.3294381,1153.2,-0.00657626753672957,0.0435099922120571,0,-17.0676790199584,-36.7808700222258,1832.09848337037,109.634495330623,2.77671986912158,1811.10974091899,227.966967984403,157.149222006037,1582.22728730346,-182.035466419967,178.486640426712,1570.88089439457,0,0,0,0,0,0
17667.3401957,1150.2,-0.00738948723301291,0.0429905824363232,0,-17.4684770744923,-36.7112397345631,1832.04474751064,109.197398212957,2.20805473773874,1811.0727099512,228.084299953843,157.00695945428,1582.14502510668,-181.917914804486,178.587768836146,1570.98796309808,0,0,0,0,0,0
17667.3508766,1147.2,-0.00698452675715089,0.042941952496767,0,-17.7327183622109,-36.6906913319407,1832.05518254979,108.945835457639,1.89978319207571,1811.01267977513,228.151899461984,156.939606644112,1582.11211449746,-181.824560849272,178.670109242114,1571.00740429769,0,0,0,0,0,0
17667.3614613,1144.2,-0.00645712437108159,0.0429897665977478,0,-18.0162989896987,-36.6340764378316,1832.05081788137,108.86200683594,1.71898465791741,1811.02969445588,228.228431890871,156.892979942839,1582.06271674243,-181.738564181082,178.753007235068,1571.05722791439,0,0,0,0,0,0
17667.3720553,1141.2,-0.00662023713812232,0.0432973675429821,0,-18.207029353016,-36.5418447121208,1832.0506144618,108.779924546619,1.53166126333652,1811.04284021896,228.332490842394,156.836149609061,1582.02036263709,-181.672806384839,178.835783561779,1571.09238812204,0,0,0,0,0,0
17667.3847996,1138.2,-0.00721022998914123,0.0441899247467518,0,-18.4957053520641,-36.489359575646,1832.0444928078,108.710797422359,1.41922816920469,1811.07519065866,228.426495709248,156.810447331255,1581.97431175049,-181.602942331867,178.898936522127,1571.13689909131,0,0,0,0,0,0
17667.395531,1135.2,-0.00684075895696878,0.0440683387219906,0,-18.7677445333505,-36.3929646412969,1832.0098941765,108.576771783525,1.09419097787123,1811.07708449597,228.624483283375,156.754788913949,1581.84832247162,-181.366885023149,179.064887068119,1571.15194131866,0,0,0,0,0,0
17667.4061513,1132.2,-0.00661006476730108,0.0449077472090721,0,-18.9457904496402,-36.2854802180939,1832.01441162857,108.417156220202,0.940951003216134,1811.04334107979,228.794888788683,156.689321453955,1581.73372109247,-181.130836133631,179.233730698079,1571.11212206659,0,0,0,0,0,0
17667.4167369,1129.2,-0.0069858068600297,0.0447618387639523,0,-19.1117652740211,-36.200760439604,1831.97794863042,108.348129360936,0.799815671312087,1811.02756703307,228.932015636835,156.650151355489,1581.63473132012,-180.994820530778,179.342659215183,1571.1057888509,0,0,0,0,0,0
17667.4273401,1126.2,-0.00632289098575711,0.0443402476608753,0,-19.2343135614873,-36.1086512865219,1831.9502807576,108.293290311806,0.61475453621153,1811.03000366529,229.067706576956,156.628651456843,1581.54256950304,-180.839561139667,179.46097404434,1571.08910558576,0,0,0,0,0,0
17667.4380011,1123.2,-0.00646436819806695,0.0437142871320248,0,-19.3435364887054,-36.026554123359,1831.92858251181,108.23946722713,0.490564391256489,1811.0097451804,229.173680487046,156.600606569257,1581.42405416502,-180.726667735995,179.546374058714,1571.09323406525,0,0,0,0,0,0
17667.4528598,1120.2,-0.00693016778677702,0.0444843493402004,0,-19.3994996556169,-35.9964046991295,1831.91250046857,108.221916633699,0.420542680608127,1811.00083753567,229.224274955402,156.592939298877,1581.385129029,-180.643547886288,179.590847994734,1571.07386700975,0.0120999999344349,0.387800008058548,0.921599984169006,81.9100036621094,57.9599990844727,237.070007324219
17667.4662234,1117.2,-0.00771846855059266,0.0437201842665672,0,-19.6095197252338,-35.856250657683,1831.86015828713,108.202274769395,0.173223005717368,1810.96906142957,229.434785426198,156.558084687709,1581.16354153379,-180.4110223457,179.774454484569,1571.04883117004,0,0,0,0,0,0
17667.476903,1114.2,-0.00630563078448176,0.0450809508562088,0,-19.7558357577673,-35.6859581234997,1831.82433223674,108.096309450015,-0.114483720148928,1810.86087859766,229.70692683067,156.562781010069,1580.90176098484,-180.185723948915,179.962273999335,1571.11550239965,0,0,0,0,0,0
17667.4881366,1111.2,-0.00688006822019815,0.0446748122572899,0,-19.7961339127352,-35.654681505947,1831.81392106469,108.062716285269,-0.0504161885589017,1810.83094570747,229.762329654838,156.554543624862,1580.87397737338,-180.1370985249,179.98423034695,1571.11700756511,0.0271000005304813,0.415199995040894,0.909300029277802,77.7799987792969,49.3400001525879,240.380004882812
17667.4991396,1108.2,-0.00753188086673617,0.0436378739774227,0,-19.9351337221553,-35.5221477373775,1831.77078316017,108.035777383498,-0.212537958887826,1810.70829288823,229.987931408136,156.560738892052,1580.70080827113,-179.905631564108,180.193554240456,1571.15461401516,0,0,0,0,0,0
17667.5098978,1105.2,-0.00658262008801103,0.0451003819704056,0,-19.9882643533279,-35.4225970228179,1831.7466207075,108.095105740225,-0.421702691021609,1810.72203230678,230.097502899741,156.547999956975,1580.60903039108,-179.739066131368,180.32695886064,1571.17655457333,0,0,0,0,0,0
17667.5205681,1102.2,-0.00648219510912895,0.0444875158369541,0,-20.0368293328538,-35.3553844955092,1831.73456770641,108.016985755219,-0.501537050097394,1810.6363903502,230.272408762275,156.53885594491,1580.51384281366,-179.704266910988,180.399365877521,1571.27646711993,0,0,0,0,0,0
17667.531249,1099.2,-0.00645704800263047,0.0442636705935001,0,-20.2663653265465,-35.1363573891459,1831.66752824483,107.852146495705,-0.717839457565601,1810.56907373568,230.556622116689,156.524813568397,1580.33401205335,-179.479961867767,180.545044907238,1571.37556838306,0,0,0,0,0,0
17667.543462,1096.2,-0.00594556611031294,0.044055587053299,0,-20.5683750017963,-34.9995175988217,1831.66741013405,107.739592534233,-0.970641099062293,1810.58620159567,230.844973755847,156.554514166335,1580.20640605244,-179.297706625892,180.681062673064,1571.4816194694,0,0,0,0,0,0
17667.554007,1093.2,-0.00579069461673498,0.043597037345171,0,-20.7223161922041,-34.8667789846072,1831.64876973737,107.610216185966,-1.20120444472936,1810.60754841669,231.004829625962,156.543160541031,1580.09595896581,-179.006264273296,180.868682438338,1571.47478059369,0,0,0,0,0,0
17667.5646447,1090.2,-0.00622091488912702,0.0436810128390789,0,-20.9041696496489,-34.7102413121712,1831.63641703302,107.455540122638,-1.36258036320593,1810.5710614057,231.229458149212,156.545891032956,1579.96310854861,-178.781826879589,181.009630557573,1571.4825888756,0,0,0,0,0,0
17667.5833991,1087.2,-0.00656623626127839,0.0434629455208778,0,-20.9425063412858,-34.6628830191598,1831.63894418771,107.504799247909,-1.4776396483483,1810.66394642693,231.293744276177,156.541610941498,1579.92865170959,-178.696246245962,181.045718258294,1571.49174943613,-0.0584000013768673,0.482300013303757,0.874100029468536,90.0400009155273,63.5999984741211,233.419998168945
17667.5940731,1084.2,-0.00593503704294562,0.043402137607336,0,-21.283082612918,-34.4390582957172,1831.62099634815,107.263732949231,-1.74764969976431,1810.68743418661,231.645345018566,156.488205528831,1579.76424890618,-178.387436556378,181.214003638391,1571.62743757767,0,0,0,0,0,0
17667.6052289,1081.2,-0.00647756922990084,0.0433680288493633,0,-22.5405927893762,-34.313480009045,1831.98605535372,107.098183971841,-2.03272993348295,1810.72064817396,231.848193428224,156.503666017444,1579.66159507089,-178.155071027902,181.357038724761,1571.67595011432,0,0,0,0,0,0
17667.6158144,1078.2,-0.00622119754552841,0.0425505772233009,0,-22.7856443253776,-34.2035548964765,1832.00278708508,106.886233310508,-2.34949299726953,1810.72480995539,232.124293432839,156.494598788745,1579.58867151615,-177.909109930384,181.520330748446,1571.75342807138,0,0,0,0,0,0
17667.6264069,1075.2,-0.00596533762291074,0.0453389532864094,0,-23.3017060178286,-33.9169816511946,1831.98769648993,106.4707783355,-2.8904570719663,1810.90004927517,232.666299294337,156.549664783229,1579.44100146851,-177.439073830341,181.754325943317,1571.89839211408,0,0,0,0,0,0
17667.6369615,1072.2,-0.00685840751975775,0.0444486536085606,0,-23.6208005255309,-33.7737143298421,1832.01520985516,106.247120857281,-3.15255366439775,1810.94725311079,232.896015377227,156.590040201865,1579.36901501809,-177.142623027401,181.885457073192,1571.95022320703,0,0,0,0,0,0
17667.6475609,1069.2,-0.00673557911068201,0.0428398609161377,0,-24.0047924697651,-33.5164198242814,1832.01237398343,106.009804167318,-3.43306881266698,1810.97117687362,233.182987103485,156.603584180189,1579.25228414032,-176.735107985862,182.08709192319,1571.99881673919,-0.179199993610382,0.502099990844727,0.846000015735626,79.870002746582,70.8499984741211,232.820007324219
17667.6581233,1066.2,-0.00663333106786013,0.0429531432688236,0,-24.2885381712344,-33.3114134657582,1831.98364955266,105.777230296325,-3.73193699475605,1811.00814770312,233.443785452732,156.609561783557,1579.1447785279,-176.483669439694,182.263266730279,1572.07448766926,-0.0272000003606081,0.415899991989136,0.908999979496002,71.8300018310547,72.0999984741211,233.660003662109
17667.6686578,1063.2,-0.00639365939423442,0.0439062252640724,0,-24.5160599853565,-33.1608766218931,1831.99979967839,105.496130540468,-4.02162858770952,1810.98642250137,233.712309525831,156.601563217693,1579.05590582445,-176.156657143602,182.406911805943,1572.12094719599,-0.196400001645088,0.499199986457825,0.8439000248909,68.75,75.2300033569336,232.979995727539
17667.6791917,1060.2,-0.00788396596908569,0.0421022534370422,0,-24.7068052209074,-33.0088629485925,1831.97648642898,105.363333908577,-4.46163538598253,1810.99585965181,233.903091263595,156.607435843473,1578.97384571572,-175.909167859235,182.54598736136,1572.13653614865,0,0,0,0,0,0
17667.6897095,1057.2,-0.00715178856626153,0.0430190585553646,0,-24.9784684766675,-32.8282394785379,1831.9644251292,105.075411806495,-4.69509381137799,1810.92472568605,234.195781592973,156.634998492683,1578.87982978288,-175.709510457666,182.659203524039,1572.22288308528,0,0,0,0,0,0
17667.713272,1054.2,-0.00682234112173319,0.0428285695612431,0,-25.0690434836655,-32.7513986325073,1831.94621410795,104.958872794699,-4.81669332541343,1810.86657935355,234.308901361691,156.65485644152,1578.85469091785,-175.61468922687,182.683511829574,1572.25188100511,-0.129600003361702,0.410299986600876,0.902700006961823,67.2900009155273,72.8000030517578,234.149993896484
17667.7239152,1051.2,-0.00679071340709925,0.0428832121193409,0,-25.2644155157888,-32.623140917007,1831.93735639571,104.767783197948,-5.00579383211153,1810.81993524151,234.494098993057,156.647491388,1578.80165354732,-175.370527187802,182.790787963681,1572.26918334459,0,0,0,0,0,0
17667.734603,1048.2,-0.00750949885696173,0.0434170424938202,0,-25.8568171445949,-32.25568110848,1831.90725993395,104.44053238017,-5.59605037444198,1810.84941019113,235.148182725917,156.616623548458,1578.71187860994,-174.767436491439,183.065980587955,1572.44184433366,0,0,0,0,0,0
17667.7452128,1045.2,-0.00814063753932714,0.0430496655404568,0,-26.3408672890605,-31.7820343177282,1831.87104409272,104.228690703191,-6.19253113284335,1811.1672018297,235.683002648831,156.545887066011,1578.63316926296,-174.188333628423,183.355296907731,1572.68141912581,0,0,0,0,0,0
17667.7558264,1042.2,-0.00941956508904696,0.0442597776651383,0,-26.5140424533397,-31.5562273048819,1831.8646005004,103.783048385967,-6.51749449330306,1810.93151905829,235.994224891385,156.501628776912,1578.59723858119,-173.791296392644,183.576649047647,1572.69963272382,0,0,0,0,0,0
17667.7663985,1039.2,-0.00769367255270481,0.0415852017700672,0,-26.6196616951536,-31.416274257594,1831.84715524862,103.667202475211,-6.80635941025874,1810.92604607403,236.215898293041,156.470304257007,1578.56064706909,-173.61206586185,183.656021856431,1572.78141557832,0,0,0,0,0,0
17667.7769891,1036.2,-0.00841238908469677,0.0429996162652969,0,-27.1213489512573,-30.8212525400335,1831.80789723826,103.088335942977,-7.54665946677995,1810.67473086548,236.98407945997,156.360372450983,1578.44969494963,-172.83838966622,183.995926763107,1572.96616274093,0,0,0,0,0,0
17667.7879333,1033.2,-0.00895761046558619,0.0418979845941067,0,-27.1713628946341,-30.7440643718859,1831.82659737522,103.485061759831,-7.17497082637039,1811.18791482904,237.12003453399,156.343447455796,1578.42769179503,-172.78880591256,184.015884027226,1573.04595075346,0.0368000008165836,0.490099996328354,0.870899975299835,75.1100006103516,72.870002746582,244.929992675781
17667.7984464,1030.2,-0.0103822043165565,0.042147683352232,0,-27.5181411881908,-30.3632587269496,1831.86923366834,103.194943437297,-7.61002573829969,1811.23773749894,237.686146802087,156.285933870541,1578.3145966175,-172.179242508299,184.366994948791,1573.15901041958,0,0,0,0,0,0
17667.8114838,1027.2,-0.00915795750916004,0.0427241459488869,0,-27.5956188378695,-30.2596524594567,1831.86926881018,103.188358480213,-7.70037399753251,1811.24917335057,237.794041227703,156.254084333395,1578.28164713521,-172.069045670715,184.427466666307,1573.17905684539,-0.00600000005215406,0.545000016689301,0.83840000629425,0,0,0
17667.8247912,1024.2,-0.00944795459508896,0.0420796297490597,0,-27.7966357418062,-29.8945596426499,1831.88604765614,102.908655969524,-8.1288917203586,1811.28043569668,238.360600343735,156.231849640703,1578.13132942713,-171.462012675962,184.77570955601,1573.2755492805,0,0,0,0,0,0
17667.843429,1021.2,-0.0104291280731559,0.0411696754395962,0,-27.8122611564017,-29.8244827117354,1831.87623845347,102.878496647162,-8.17596921377173,1811.27109029471,238.475557764269,156.230029840857,1578.09809966716,-171.325820825968,184.838592231615,1573.30658300826,0.00540000014007092,0.566399991512299,0.824100017547607,0,0,0
17667.8541038,1018.2,-0.0112379230558872,0.039636304974556,0,-28.0177246165337,-29.4269858757851,1831.87920895255,103.440191860738,-8.86151182991076,1811.44689295224,238.99569339394,156.201224879996,1577.99615562217,-170.727734663331,185.150978993977,1573.42366683677,0,0,0,0,0,0
17667.8661742,1015.2,-0.0104630030691624,0.0397538676857948,0,-28.1578455571374,-28.9155837009913,1831.85794901778,102.821418675177,-8.84030760614601,1810.8481445067,239.601157821635,156.110336723048,1577.80394054253,-170.104362256912,185.501085630138,1573.56798744369,0,0,0,0,0,0
17667.8767687,1012.2,-0.0109820729121566,0.0381138272583485,0,-28.282359164547,-28.3726427450406,1831.83323207604,102.729495814243,-9.08607795270879,1810.78408000281,240.253582223541,155.940687133018,1577.58980767107,-169.417659781795,185.822818957369,1573.69680149124,0,0,0,0,0,0
17667.8873028,1009.2,-0.0111220013350248,0.0385282322764397,0,-28.2714388326516,-28.2954631102223,1831.81201657655,102.66649598871,-9.11838927065558,1810.753594153,240.371950008339,155.924689832272,1577.55202512298,-169.32998775249,185.865159388855,1573.72125444752,0.0529999993741512,0.45210000872612,0.890399992465973,23.75,92.75,240.979995727539
17667.8978108,1006.2,-0.0110963406041265,0.0377929754555225,0,-28.3391312060706,-27.9372205240427,1831.73815187969,102.416911238346,-9.25332998763703,1810.56234448694,240.865474525867,155.747297591805,1577.30163590358,-168.754190369346,186.202573282322,1573.7783553941,0,0,0,0,0,0
17667.9084335,1003.2,-0.0102325864136219,0.0359060302376747,0,-28.467503703261,-27.6690592847597,1831.66592657808,103.011998987685,-9.96745065354192,1811.2270620811,241.195471499907,155.63576900677,1577.17051599003,-168.470674493825,186.403971764989,1573.8189990098,0,0,0,0,0,0
17667.9190187,1000.2,-0.0101501233875751,0.0347637817263603,0,-28.5968687082731,-27.4261921635426,1831.61777243272,102.966079125124,-10.1233261626876,1811.21444563784,241.540058271218,155.549389665603,1577.00389082928,-168.15053202229,186.633786377128,1573.86523903397,0,0,0,0,0,0
17667.9322892,997.2,-0.0106599004939198,0.0351807087659836,0,-28.6392218328143,-27.3505463337823,1831.62568481873,102.935816375276,-10.1921148616343,1811.20628683234,241.618844206509,155.536492516321,1576.96324931747,-168.0282420452,186.716016378947,1573.87281806306,0.0529000014066696,0.424499988555908,0.903900027275085,0,0,0
17667.9458506,994.2,-0.0114643899723887,0.036792753636837,0,-28.9674589690929,-26.6991049014115,1831.4947590346,102.792552290775,-10.5893206531718,1811.00828326671,242.406067942445,155.359264925664,1576.40348005851,-167.295059606608,187.119521504659,1574.0577849848,0,0,0,0,0,0
17667.9564805,991.2,-0.0101212374866009,0.0380110017955303,0,-29.0504186296927,-26.4935305293724,1831.45964108794,102.739486777216,-10.7424456885108,1810.92483926868,242.684623692004,155.309990408579,1576.15674045142,-166.897976303519,187.375913161291,1574.05042611258,0,0,0,0,0,0
17667.9745791,988.2,-0.010578534565866,0.0349349364638329,0,-29.106958240315,-26.4490665082677,1831.44650303352,102.718417318397,-10.7793994311357,1810.88613836131,242.78285251695,155.292126697369,1576.08442404308,-166.789789599871,187.454897286274,1574.06255941854,-0.000300000014249235,0.420199990272522,0.907400012016296,0,0,0
17667.9850999,985.2,-0.0115928677842021,0.0360738322138786,0,-29.2667863370842,-26.0301597384002,1831.35491231389,102.589162667286,-10.986879550579,1810.75522576238,243.222944188684,155.296821218497,1575.7665893833,-166.172531066772,187.755594648312,1574.09165489685,0,0,0,0,0,0
17667.9956517,982.2,-0.0124006494879723,0.0356241971254349,0,-29.458347056066,-25.5395741633233,1831.31013175027,102.498618895542,-11.2492264653645,1810.67222428232,243.689564114897,155.307845475528,1575.45642816723,-166.278605980677,188.169396924204,1574.57962331683,0,0,0,0,0,0
17668.0061295,979.2,-0.0128421476110816,0.0349873214960098,0,-29.7326515789061,-25.3776784941568,1831.28334988819,102.363421939361,-11.3937848680387,1810.60395919702,244.012436980846,155.310654103018,1575.36396375417,-166.234473310032,188.267701051783,1574.71967552214,0,0,0,0,0,0
17668.0166348,976.2,-0.0122005827724934,0.035716412961483,0,-30.0149548937518,-25.1629512477681,1831.2495473563,102.239382911818,-11.523086865001,1810.58070238647,244.34658115064,155.322308622302,1575.29061717992,-167.670275287096,188.062846132052,1575.56557250383,0,0,0,0,0,0
17668.0375089,973.2,-0.0124445464462042,0.035395210981369,0,-30.3104099083902,-25.1537825086542,1831.21466498843,102.224277952518,-11.6187108113715,1810.60208734709,244.433344630481,155.310504378045,1575.26414011365,-167.541841464303,188.088554664522,1575.59064734087,-0.0518999993801117,0.491600006818771,0.869300007820129,0,0,0
17668.0482356,970.2,-0.0122425779700279,0.0348548576235771,0,-30.556101292865,-24.7709327449871,1831.21955785601,102.002203530356,-11.8317931409494,1810.58541037434,244.925132449385,155.339445589229,1575.18620809968,-167.103957049163,188.351316737385,1575.69342762767,0,0,0,0,0,0
17668.0588514,967.2,-0.0126002207398415,0.0350289478898048,0,-30.7227418744224,-24.4521406061772,1831.2430528143,101.908846327377,-12.0008613877236,1810.63713240448,245.22725605906,155.383223751193,1575.15251071103,-166.844118884503,188.507338755477,1575.75850469706,0,0,0,0,0,0
17668.0693906,964.2,-0.0131440022960305,0.0353764057159424,0,-30.8634625740726,-24.1426678486087,1831.22958894832,101.746346596911,-12.1126501525745,1810.65877748718,245.560445961107,155.440841638669,1575.11679323385,-166.568928665474,188.634501789418,1575.82264291535,0,0,0,0,0,0
17668.1051217,961.2,-0.0122784255072474,0.0347313120961189,0,-30.9119606301188,-24.0442029471812,1831.24840735834,101.707106008071,-12.1752163206149,1810.68010049115,245.641734206406,155.45021280514,1575.09889580629,-166.472453876839,188.684795028825,1575.84408341559,0.010499999858439,0.514400005340576,0.857500016689301,0,0,0
17668.1157068,958.2,-0.0130273383110762,0.0333005994558334,0,-31.2539826416211,-23.4059038313854,1831.41912852963,101.404894406484,-12.3124890256005,1810.75395664421,246.117780484623,155.45279257538,1574.99906312152,-165.840946773932,188.932541987847,1575.91803369271,-0.160899996757507,0.490700006484985,0.856299996376038,18.9300003051758,102.519996643066,239.169998168945
17668.1263337,955.2,-0.0133198332041502,0.0336978644132614,0,-31.9606118053871,-22.2379449133021,1831.89466610776,100.759500705806,-13.1181470044424,1810.85533013592,247.022427488828,155.212153798996,1574.83863419126,-164.991576776233,189.246134208158,1576.04806658772,0,0,0,0,0,0
17668.1368886,952.2,-0.0132826780900359,0.0357477799057961,0,-32.1785111003285,-21.8584356713817,1832.1010752963,100.529108244061,-12.9041708506512,1811.03910962179,247.21462291625,155.099516327252,1574.7873762176,-164.762337731082,189.318093102,1576.090256351,0,0,0,0,0,0
17668.147516,949.2,-0.0137018738314509,0.0346211031079292,0,-32.6379951825367,-21.1661398326504,1832.41090165393,100.211099919492,-13.1113190024534,1811.3677564939,247.623759057618,154.777671076184,1574.66782565031,-164.344131750993,189.400363303984,1576.18734947412,0,0,0,0,0,0
17668.1582991,946.2,-0.0137497037649155,0.034783861041069,0,-32.9894163049641,-20.6919634493419,1832.75495239608,100.075402992381,-13.2060232124236,1811.72681195581,247.87996904739,154.5463509788,1574.52715623552,-164.104628611781,189.442267532577,1576.25453191611,-0.130500003695488,0.478300005197525,0.868499994277954,22.6700000762939,90.129997253418,243.690002441406
17668.1688847,943.2,-0.0135607030242682,0.0351525381207466,0,-33.0644195682413,-20.5161575012568,1832.90792438377,99.9930975577385,-13.1294578714689,1811.93901320523,247.989535401279,154.436647672346,1574.46335181038,-163.968395978221,189.452711776792,1576.27978092845,0,0,0,0,0,0
17668.1879987,940.2,-0.0131428735330701,0.0354843497276306,0,-33.1296499536504,-20.4225639437684,1832.96326841935,99.9310389492584,-13.2024496755362,1811.98999961958,248.035631359747,154.365121973781,1574.41955855804,-163.912864698375,189.465816894765,1576.2986726205,0.0182000007480383,0.426600009202957,0.904299974441528,0,0,0
17668.1985959,937.2,-0.0139902085065842,0.0348054006695747,0,-33.4426686937821,-19.9177950597069,1833.27489131518,99.6877385161619,-13.321538618375,1812.35194712793,248.331089450783,154.101611176668,1574.31478314898,-163.574587135673,189.483054008864,1576.32483070844,0,0,0,0,0,0
17668.2091919,934.2,-0.0143339680507779,0.0352349117398262,0,-33.8257234493586,-19.4190498633591,1833.55496842121,99.3251201472636,-13.5694526189987,1812.68708228036,248.636103617892,153.74851367231,1574.16638929577,-163.265457971786,189.521864106461,1576.39023693837,0,0,0,0,0,0
17668.2374436,931.2,-0.0137636391445994,0.0349281266331673,0,-33.8895505911164,-19.336664782407,1833.61803122955,99.3026985424778,-13.6636425964236,1812.77195003313,248.695376555815,153.679611291344,1574.13848080618,-163.175863264731,189.52594882579,1576.37558200111,0.0282000005245209,0.42509999871254,0.904699981212616,0,0,0
17668.2481944,928.2,-0.0141280004754663,0.0350650161504746,0,-34.4311933750664,-19.0019127129986,1833.86139169639,98.957270174045,-13.9437643351737,1813.02173168314,248.899236758149,153.347047747078,1574.00779743137,-162.934938556571,189.544191832512,1576.44718675178,0,0,0,0,0,0
17668.2588178,925.2,-0.0142530258744955,0.0341219514608383,0,-34.9822077178853,-18.5826333766111,1834.13278372364,98.5108882496934,-14.2713676675711,1813.43088256162,249.139479688043,152.956478094688,1573.90990710152,-162.682032536815,189.561866441656,1576.5091121217,0,0,0,0,0,0
17668.2694231,922.2,-0.0148554546758533,0.0353325739502907,0,-35.9258345168098,-18.1241096988951,1834.44932884008,97.7298682358322,-14.7728388040072,1813.89873027141,249.458212418363,152.47242730103,1573.80693968048,-162.360008667999,189.532523266411,1576.57738895885,0.0270000007003546,0.388099998235703,0.921199977397919,95.129997253418,69.3300018310547,245.020004272461
17668.2799454,919.2,-0.0157574322074652,0.0358132481575012,0,-36.1733822393098,-18.0228463525859,1834.48712869266,97.4532634384342,-14.8900506972551,1813.96562984972,249.593211324698,152.318582781996,1573.79343783827,-162.288556668508,189.518902093268,1576.59732773113,0,0,0,0,0,0
17668.2905403,916.2,-0.0151225756853819,0.0352957084774971,0,-36.4437038196885,-17.8983739829552,1834.55117100416,97.122294192074,-15.1518127219557,1814.13349890956,249.717120368859,152.155483603709,1573.78054341828,-162.174148201384,189.525297752232,1576.61846677558,0,0,0,0,0,0
17668.3010596,913.2,-0.0141962487250566,0.0348448291420937,0,-36.8828771293153,-17.7493207681142,1834.64249673777,96.7122361460112,-15.3832850317865,1814.21861474188,249.789411584054,151.97240797343,1573.7726725184,-162.035356601641,189.494792453363,1576.63600992228,0,0,0,0,0,0
17668.3116494,910.2,-0.0157927256077528,0.0360148906707764,0,-37.2944991548455,-17.6428582704536,1834.77470631441,96.381706343662,-15.7279997441308,1814.37574858117,249.876123210374,151.777140156848,1573.76663434394,-161.863541356333,189.48191689141,1576.64100674873,0,0,0,0,0,0
17668.3223017,907.2,-0.0158251170068979,0.034564083814621,0,-37.8213486769581,-17.5174452974431,1834.86973102552,96.1059384139858,-16.1762604935092,1814.58831680569,250.00759810957,151.48544841167,1573.79257010938,-161.748990901432,189.442557293921,1576.67893498356,0,0,0,0,0,0
17668.3329754,904.2,-0.0156662259250879,0.0349594861268997,0,-38.5018469300869,-17.2465549775616,1834.99038864384,95.519029608968,-16.8295186460486,1814.87580305135,250.204561588334,150.893793129486,1573.82123652434,-161.547245724852,189.399084642188,1576.74109623716,0,0,0,0,0,0
17668.3436375,901.2,-0.0151795372366905,0.0357743784785271,0,-39.0155432489565,-17.1443962123987,1835.05660893896,95.0820984566322,-17.0627382504636,1814.89705186722,250.303614247378,150.478337979855,1573.82181093005,-161.446093889105,189.321233867531,1576.7919899518,0,0,0,0,0,0
17668.3542992,898.2,-0.0154134212061763,0.0362297058105469,0,-39.6383326239002,-17.005734452966,1835.16446383386,94.4554416204386,-17.5166590661414,1815.09688424386,250.329550632495,150.007744051774,1573.76646105982,-161.218058093311,189.199076447583,1576.80719541392,0,0,0,0,0,0
17668.3742679,895.2,-0.0160044487565756,0.0354398846626282,0,-39.7956497673747,-16.9898691414578,1835.16518277592,94.3382563174202,-17.6460973191857,1815.16540213846,250.323661936708,149.898941523021,1573.73752066326,-161.167946243767,189.166137244033,1576.83498670481,0.131400004029274,0.0211999993771315,0.991100013256073,0,0,0
17668.3849303,892.2,-0.0157709009945393,0.03614561855793,0,-40.5170124219498,-16.8950856006979,1835.34953742054,93.6018152765157,-18.1807814374781,1815.35175108111,250.470077199896,149.250871549508,1573.60028043125,-161.021928303159,188.980624757224,1576.95833214023,0,0,0,0,0,0
17668.3956485,889.2,-0.0153808789327741,0.0365961253643036,0,-41.3943826262844,-16.8479638242661,1835.57350630439,92.8172743437601,-18.8979052856286,1815.59242401596,250.498178570704,148.320459126608,1573.44158926789,-160.934735438987,188.684731655013,1577.0813530441,0,0,0,0,0,0
17668.4101327,886.2,-0.0154577679932117,0.0372851997613907,0,-41.5239098660512,-16.8401959663051,1835.62499002104,92.6192229581127,-19.0132456478956,1815.61211309273,250.474838246873,148.164925959201,1573.41709014382,-160.941612446837,188.631565195703,1577.10001888648,0.137600004673004,0.198699995875359,0.970399975776672,0,0,0
17668.4212766,883.2,-0.015122557990253,0.0387791492044926,0,-42.48578584086,-16.9029956145646,1835.88873558794,91.792660539493,-19.9049025772451,1815.85477686164,250.438319841405,147.204406266313,1573.27614392274,-160.946810824849,188.270191685988,1577.28908089096,0,0,0,0,0,0
17668.4318452,880.2,-0.0148385278880596,0.0376732259988785,0,-42.5645220107081,-16.9162111319262,1835.92522121932,91.6786683603118,-20.0120273727267,1815.9089218631,250.441951662183,147.071738418606,1573.26394954413,-160.968683840541,188.230427581637,1577.30393883516,0,0,0,0,0,0
17668.4425025,877.2,-0.0152114666998386,0.0393015056848526,0,-43.1782013967921,-17.0064626770963,1836.00164283727,90.9418517700601,-20.6554516426571,1815.96504827757,250.386922766856,146.311105393574,1573.20393161884,-160.940114165195,187.929739869278,1577.4062160278,0,0,0,0,0,0
17668.4530852,874.2,-0.0145754143595695,0.0396503381431103,0,-43.4696055085148,-17.0724054544253,1836.05471727894,90.7156448534691,-20.9351171492902,1816.03295609377,250.325253726999,146.034933290358,1573.16249430602,-160.983322835156,187.834974685866,1577.47402189337,0.063900001347065,0.407799988985062,0.910799980163574,89.4400024414062,59.7700004577637,254.899993896484
17668.4636906,871.2,-0.0147632770240307,0.0394517615437508,0,-43.987340340724,-17.256659178185,1836.09995773791,90.0685248641003,-21.5318538276118,1816.05278386529,250.15443489984,145.387636096853,1573.03625231448,-161.117679019576,187.513616706174,1577.61356070769,0,0,0,0,0,0
17668.4750947,868.2,-0.0150262201204896,0.0383831694722176,0,-44.3654001395295,-17.4050618939668,1836.13422733641,89.6424537923928,-21.9373185209185,1816.06565949123,250.064027342305,145.054589095194,1573.00776603009,-161.186314491121,187.303982636143,1577.69949211249,0,0,0,0,0,0
17668.5031457,865.2,-0.0151704642921686,0.041539891064167,0,-44.4682047758343,-17.4313962682125,1836.15376747459,89.5161273393701,-22.0860560225275,1816.04336269481,250.024663163904,144.952151123021,1573.00058922188,-161.161382620756,187.219981468287,1577.71206635334,0.0742999985814095,0.345099985599518,0.935599982738495,84.9300003051758,62.9099998474121,254.779998779297
17668.513838,862.2,-0.0138539131730795,0.0415802657604218,0,-45.0716621881997,-17.7043372701345,1836.16787965706,88.9012641485555,-22.8395049929986,1816.11255896043,249.850429136744,144.353589133841,1572.99972079642,-161.373668100744,186.798889135206,1577.87450459847,0,0,0,0,0,0
17668.5257923,859.2,-0.0150246322154999,0.040413985401392,0,-45.9104525812627,-18.0791179307157,1836.2546391464,88.1370150548492,-23.6179149266685,1816.09184486075,249.582211062116,143.61966864815,1573.01214504146,-161.604623410997,186.302138996154,1578.09208372314,0,0,0,0,0,0
17668.5431969,856.2,-0.0141303511336446,0.0412746913731098,0,-46.0634958854638,-18.1453390486859,1836.23730845284,87.9919738698037,-23.77152632827,1816.09271728495,249.538423044158,143.51715496102,1573.01158333971,-161.681256178631,186.229250763001,1578.16102004235,0.0623999983072281,0.386599987745285,0.920099973678589,82.6399993896484,67.0899963378906,253.940002441406
17668.5537071,853.2,-0.0142364362254739,0.0419856444001198,0,-46.3582903752791,-18.2822625362389,1836.26109761516,87.7263829989681,-24.0816849567639,1816.13074585264,249.467134464,143.323146125835,1573.0323470916,-161.70969613187,186.071022520022,1578.19412176954,0,0,0,0,0,0
17668.5644365,850.2,-0.0140301287174225,0.0420099034905434,0,-46.692058652503,-18.4949247088225,1836.29083894005,87.3289823778346,-24.5304679383871,1816.10775666148,249.319516774484,143.007046657606,1573.03628749112,-161.815664787931,185.830718115889,1578.23797704268,0,0,0,0,0,0
17668.5750114,847.2,-0.0137425949797034,0.0419584572315216,0,-47.1005292579792,-18.6968169649881,1836.29861271196,86.9251980803222,-24.938262979533,1816.07775662886,249.108618690589,142.666505668771,1573.06572960867,-161.943320842557,185.570349801696,1578.29478419974,0,0,0,0,0,0
17668.5855536,844.2,-0.0138291316106915,0.0429871067404747,0,-47.8923638805981,-19.1212197504859,1836.25401532195,85.9983789669398,-25.8585048408319,1816.05291463333,248.745404439355,142.042760533858,1573.12261874896,-162.265504003813,185.076483277858,1578.40510709377,0,0,0,0,0,0
17668.5960504,841.2,-0.0136978719383478,0.0436388351023197,0,-48.4090736632746,-19.3387706639717,1836.26510356737,85.5870492617168,-26.2134059330099,1815.96968812327,248.624322186622,141.76822556063,1573.13223193814,-162.512656951329,184.814226807597,1578.47020076852,0,0,0,0,0,0
17668.6066335,838.2,-0.0133009497076273,0.0448492489755154,0,-49.3979347649959,-19.8098798668239,1836.04122215588,84.727916017787,-27.2005091925688,1815.90066361881,248.310699209369,141.19129155011,1573.19134978063,-162.820099032927,184.34021620966,1578.52549438318,0,0,0,0,0,0
17668.6172,835.2,-0.0134328408166766,0.0440237693488598,0,-49.8755707550617,-20.0435789890754,1835.9694617182,84.2200356221457,-27.6555445641321,1815.81105025142,248.098871412882,140.817573478217,1573.24210498458,-163.055496901092,184.083390071859,1578.56213125166,0,0,0,0,0,0
17668.6352508,832.2,-0.0133581310510635,0.0446081258356571,0,-50.0381152231481,-20.1085767580619,1835.92308319972,84.030920194887,-27.7564686827093,1815.74615578739,248.022054242997,140.703333427559,1573.24884620004,-163.10828678059,184.013683329343,1578.54592463257,-0.214800000190735,-0.187299996614456,-0.958500027656555,-223.440002441406,-193.830001831055,-877.010009765625
17668.6458126,829.2,-0.0110071925446391,0.0456382915377617,0,-51.3482029612668,-20.6561831577285,1835.60824297839,82.6073862170271,-28.7816037389245,1815.53583433347,247.459892558331,139.989407340235,1573.30366213101,-163.567603438719,183.63966797821,1578.48587690816,0,0,0,0,0,0
17668.6564122,826.2,-0.0123262954875827,0.0459102265536785,0,-52.6260090531089,-21.0538600562181,1835.29066583138,81.5133493105952,-29.6171833468753,1815.41211876028,247.063858930396,139.43554951142,1573.27352810231,-163.810501356555,183.404615743456,1578.3332312086,0,0,0,0,0,0
17668.66696,823.2,-0.0122351506724954,0.0459054656326771,0,-53.3740595035263,-21.2100200690655,1835.09488672856,80.6820495786591,-30.1401857433754,1815.22440273264,246.780174150048,138.988326759074,1573.26247882907,-164.106047540798,183.264896353593,1578.23806557395,0.134200006723404,0.327699989080429,0.935199975967407,1218.15002441406,2493.39990234375,7488
17668.6775484,820.2,-0.0115025360137224,0.0473226964473724,0,-53.7279520291982,-21.3226447199803,1834.97429989559,80.2279587967722,-30.3958753192145,1815.13502294325,246.68852725293,138.784078357833,1573.2816776362,-164.186589310603,183.21971709697,1578.18697298842,0,0,0,0,0,0
17668.6893646,817.2,-0.012819891795516,0.0453302323818207,0,-53.9895095569066,-21.3507290385165,1834.9405142197,80.0364807343184,-30.5418874512671,1815.11964939961,246.617893623303,138.673278310691,1573.28176782986,-164.293065056147,183.180679854898,1578.19516392823,0.121799997985363,0.345999985933304,0.930299997329712,1100.03002929688,2708.73999023438,7426.4599609375
17668.6999756,814.2,-0.0115837911143899,0.0465284906327725,0,-54.860395786141,-21.5770035528287,1834.60640071296,78.9653972752535,-31.0708490567544,1815.00186366157,246.268386416844,138.10729880234,1573.28771835934,-164.639298183044,183.017278993979,1578.10858317466,0,0,0,0,0,0
17668.7105373,811.2,-0.0116539373993874,0.0462315104901791,0,-55.6005838378149,-21.6245141845859,1834.47463378837,78.2703008877631,-31.4091174402555,1814.95213991809,246.012967485346,137.715902140478,1573.27531529771,-164.84653327044,182.947800607186,1578.09374350971,0,0,0,0,0,0
17668.7210633,808.2,-0.0117131443694234,0.0469870775938034,0,-56.1874276284821,-21.6604149316026,1834.32361220077,77.5904976696984,-31.8221969877171,1814.90226352082,245.778359263431,137.319284794935,1573.27277732983,-165.071092429348,182.882693358562,1578.04915025949,0,0,0,0,0,0
17668.7316192,805.2,-0.0116789480671287,0.0471800811588764,0,-57.3641120506461,-21.7191963513375,1834.16199781491,76.4271461888539,-32.4342865154025,1814.82690561196,245.401137191238,136.830258300236,1573.24128185052,-165.416060149232,182.792389120164,1578.03273275688,0,0,0,0,0,0
17668.7422127,802.2,-0.0110449939966202,0.046847677230835,0,-57.5450156738252,-21.7215332211341,1834.14329180727,76.1611261355993,-32.5441793155611,1814.78794036773,245.371338811074,136.711588576014,1573.26587598093,-165.422638997947,182.786692412351,1577.97367946474,0,0,0,0,0,0
17668.7527893,799.2,-0.0115409912541509,0.0486150853335857,0,-58.8634256675618,-21.7419006909367,1833.90257565574,75.0143760502583,-33.2362766212744,1814.89175784906,245.051251610504,136.04606405985,1573.26322242617,-165.73527364846,182.714477905201,1577.9085865985,0,0,0,0,0,0
17668.7644195,796.2,-0.0102892778813839,0.0456439353525639,0,-59.1483397525107,-21.754493220127,1833.88054475359,74.6998865394078,-33.3237451417704,1814.88037833717,244.979122361631,135.889487913698,1573.26153593593,-165.79450085145,182.701817562882,1577.9192147302,0,0,0,0,0,0
17668.7749751,793.2,-0.0105263711884618,0.0480489566922188,0,-60.6026377526427,-21.7183544815466,1833.79273522038,73.5789940326336,-34.1780140408702,1814.94436022262,244.549465147256,135.009677547021,1573.24010196551,-166.127686408814,182.564401906964,1577.880435746,0,0,0,0,0,0
17668.7875038,790.2,-0.0105083025991917,0.047227630764246,0,-60.9622307408508,-21.6896438115507,1833.82727812475,73.330064025566,-34.2871329900489,1814.96174549878,244.486125078601,134.886515613215,1573.22745174015,-166.21391515977,182.538121968457,1577.8632116916,-0.0335999988019466,0.337000012397766,0.940900027751923,374.309997558594,2609.6298828125,7259.2099609375
17668.7982189,787.2,-0.0100665865465999,0.0483932293951511,0,-61.5439546041613,-21.6338104099322,1833.82033575969,72.7675182905906,-34.5325583238884,1814.93170146259,244.373397308214,134.637108329119,1573.197839766,-166.309975775545,182.497339228674,1577.84480191648,0,0,0,0,0,0
17668.8087384,784.2,-0.00953654479235411,0.048349840939045,0,-63.0006326059972,-21.551738215036,1833.69930730143,71.2665079630062,-35.2711872316418,1815.01611216124,243.910299520601,133.852602923633,1573.16441062099,-166.629882975874,182.329416365245,1577.87794868529,0,0,0,0,0,0
17668.8192556,781.2,-0.00926085468381643,0.0493138678371906,0,-63.7257951619744,-21.5848614352118,1833.63456031421,70.5701089179345,-35.6217199909582,1815.07298087819,243.682874467235,133.457859766061,1573.12184476951,-166.819458405835,182.253225393604,1577.89040661164,0,0,0,0,0,0
17668.8298251,778.2,-0.00919721089303493,0.0493661969900131,0,-64.7356983388468,-21.5696079208549,1833.54509966387,69.568849928272,-36.1508158981895,1815.19875937516,243.467789406647,133.012439487682,1573.13469295365,-167.086844551291,182.105869012423,1577.90121998442,-0.0746999979019165,0.33899998664856,0.937799990177155,264.970001220703,2769.080078125,7001.7001953125
17668.8403142,775.2,-0.00744417076930404,0.0505896754562855,0,-65.7330045766375,-21.5099093292753,1833.53237842453,68.5439643574791,-36.5905359376744,1815.21328109078,243.076789473078,132.472413483912,1573.13179201566,-167.347961210575,181.948696974748,1577.98380818388,0,0,0,0,0,0
17668.8507959,772.2,-0.0080300010740757,0.050217392295599,0,-66.4199933522287,-21.5022896326476,1833.53670953303,67.5401847772349,-36.7099186598821,1815.15052524951,242.811491531968,132.071900871677,1573.14093990611,-167.582945771416,181.829526270282,1578.00604473907,0,0,0,0,0,0
17668.8659999,769.2,-0.00704339426010847,0.0501213505864143,0,-67.1452761134606,-21.4845032628456,1833.56657100521,66.8354649505143,-37.2892277306078,1815.30348277769,242.559666106569,131.708466452738,1573.17379014795,-167.823166684633,181.658984635602,1578.05135636967,0,0,0,0,0,0
17668.8766224,766.2,-0.00706432294100523,0.0507245756685734,0,-67.9406571088232,-21.5054573567661,1833.62375369733,66.1019668310031,-37.6016245313094,1815.34473673922,242.33729320096,131.417087882196,1573.18781452373,-168.024461715643,181.537142507751,1578.08110855837,0,0,0,0,0,0
17668.9038156,763.2,-0.00683288276195526,0.0510645158588886,0,-68.1526087065341,-21.5111177986237,1833.63911727569,65.8871049031077,-37.7017203942923,1815.35020221859,242.264427969765,131.333391262184,1573.19149704622,-168.144723503334,181.482991893904,1578.1499854808,0.0208000000566244,0.305999994277954,0.951799988746643,483.380004882812,2562.4599609375,6883.509765625
17668.9146346,760.2,-0.00628460990265012,0.0515080638229847,0,-69.1295474753875,-21.5417896995137,1833.593015184,64.930843252062,-38.2799795665014,1815.49991182203,241.802700278447,130.832064321083,1573.24064077665,-168.505823340311,181.212046818366,1578.26808387486,0,0,0,0,0,0
17668.9253907,757.2,-0.00535850273445249,0.0502576440572739,0,-70.3452100687343,-21.5754040291934,1833.6634530721,63.699338077409,-38.9511540388537,1815.64651445607,241.302327898721,130.320970102703,1573.31284649751,-168.971044102983,180.838292710843,1578.41806360268,0,0,0,0,0,0
17668.9360296,754.2,-0.00521707674488425,0.052531959861517,0,-71.4112856410026,-21.7186571023735,1833.63301845309,62.5206867327915,-39.4593566376199,1815.63661197893,240.934784205919,129.866500535766,1573.36584054993,-169.405966301486,180.373825635663,1578.52915879182,0,0,0,0,0,0
17668.9466304,751.2,-0.00504895346239209,0.0520251601934433,0,-71.9198646377531,-21.7673442678357,1833.55455119017,62.0105078387296,-39.7013999268002,1815.69290428248,240.685895524559,129.641794188249,1573.39552641319,-169.605170326322,180.181558458939,1578.61578597735,0,0,0,0,0,0
17668.9572912,748.2,-0.00507231941446662,0.0514831900596619,0,-72.6657905407003,-21.7193129583127,1833.71910264111,61.4436834386102,-39.9711462833677,1815.72108488911,240.429649177167,129.407870726118,1573.39608940869,-169.845861173041,179.959693577319,1578.66670698552,0,0,0,0,0,0
17668.9679133,745.2,-0.00444344151765108,0.0526527523994446,0,-73.1889974207702,-21.8998102767256,1833.60557026376,60.7450925421502,-40.2721254194115,1815.71818710973,240.109168016296,129.093564083148,1573.38214286334,-170.071116577944,179.729858688888,1578.63937458388,-0.030799999833107,0.383599996566772,0.922999978065491,709.549987792969,2665.3798828125,6470.330078125
17668.9784442,742.2,-0.00402897549793124,0.0531907960772514,0,-73.5217852101966,-21.8900338528871,1833.62696576347,60.4291486433023,-40.4002306303504,1815.68837997288,239.962768855695,128.944415403611,1573.37468880432,-170.234759928796,179.620479235398,1578.66704979269,0,0,0,0,0,0
17668.9891275,739.2,-0.00338673451915383,0.0534975662827492,0,-73.9148745996067,-21.9614447287419,1833.56888844082,60.0053475732459,-40.6544148149433,1815.71881638674,239.795397767059,128.789863324249,1573.37904984062,-170.384122617732,179.431135917409,1578.64155910956,0,0,0,0,0,0
17668.9997697,736.2,-0.00296682096086442,0.0533060416579247,0,-74.4332020657989,-21.9429705358257,1833.61363592918,59.6085468009559,-40.8852072184736,1815.75403992835,239.582902746439,128.638639794539,1573.35923090706,-170.553251706897,179.24440885563,1578.62450108149,0,0,0,0,0,0
17669.0104519,733.2,-0.00293558905832469,0.0534347094595432,0,-74.7853538035668,-22.1197154215197,1833.51314112594,59.1695395610012,-41.1240542168334,1815.75913697885,239.455061971638,128.524868920633,1573.35356581741,-170.75081674127,179.046553722288,1578.6399353092,0,0,0,0,0,0
17669.021077,730.2,-0.00279769254848361,0.0536350704729557,0,-75.1928989435116,-22.2946327579341,1833.45881444046,58.7289544776696,-41.4333280752845,1815.7955653603,239.273610440968,128.389202721597,1573.33341523041,-170.970367316674,178.819568918846,1578.64993432033,0,0,0,0,0,0
17669.0363828,727.2,-0.0030215154401958,0.053835517168045,0,-75.3681169479893,-22.197141101385,1833.49746841258,58.5824998818625,-41.517410466513,1815.79417734794,239.210890686751,128.349984549621,1573.33126843151,-171.011975221826,178.75095846498,1578.62332971933,-0.00970000028610229,0.307200014591217,0.951600015163422,658,2528.42993164062,6401.6201171875
17669.0469511,724.2,-0.0025403555482626,0.0536572620272636,0,-75.905368080965,-22.4099822325759,1833.30732807314,57.9119713841755,-41.9597309509647,1815.69115173414,238.965192061468,128.176955288971,1573.31710203637,-171.302232451973,178.384686619205,1578.59778231947,0,0,0,0,0,0
17669.0575903,721.2,-0.0027633267454803,0.0540097899734974,0,-77.099480615018,-22.0928412231555,1833.70097896121,57.106670186286,-42.3599445829565,1815.5867878027,238.646499656851,127.944972321666,1573.32063210993,-171.687731826425,177.957696221043,1578.60830795579,0,0,0,0,0,0
17669.068087,718.2,-0.00315666478127241,0.0558864943683147,0,-77.3919191622645,-22.4603615456753,1833.40004624176,56.5926324261077,-42.6405839276432,1815.49389578216,238.410594605675,127.795999512103,1573.3211726357,-171.891032841754,177.671303953991,1578.57341966849,-0.0230999998748302,0.321700006723404,0.946600019931793,745.739990234375,2156.86010742188,6256.06005859375
17669.0787324,715.2,-0.00216204323805869,0.0538910277187824,0,-77.8413273027424,-22.2252953406474,1833.60547468023,56.368307358659,-42.8030301510797,1815.48136384736,238.315008661257,127.734999979996,1573.33290291577,-172.008659239246,177.549976758342,1578.5823965098,0,0,0,0,0,0
17669.0893135,712.2,-0.00247268448583782,0.0546252712607384,0,-78.1843374372034,-22.2725155511771,1833.54278618435,55.9894415686812,-43.0381817070169,1815.43702492914,238.176252097718,127.669117260668,1573.33066473946,-172.148430765572,177.384051276576,1578.54536810899,0,0,0,0,0,0
17669.0998769,709.2,-0.00277880346402526,0.0548798017203808,0,-78.4270784343776,-22.4086976868124,1833.45328087631,55.6420045521263,-43.2607729993876,1815.3901387134,238.050705316531,127.615687956186,1573.34422562634,-172.347702474551,177.181736890718,1578.55548823652,0,0,0,0,0,0
17669.1104285,706.2,-0.00201658112928271,0.0554867148399353,0,-78.7113104771943,-22.5204983990306,1833.3807072277,55.3530667185966,-43.4307702415146,1815.29845589047,237.95870667016,127.57595712627,1573.3735720056,-172.509431138049,177.031104627427,1578.54499518474,0,0,0,0,0,0
17669.1210095,703.2,-0.0009834049269557,0.0558862671256065,0,-78.9789865296947,-22.6167597954134,1833.33415256759,55.1173960309512,-43.6553244062654,1815.25693195264,237.843911243774,127.534365265954,1573.4016745997,-172.660331298549,176.855340901839,1578.55239809015,0,0,0,0,0,0
17669.1320882,700.2,-0.00233545992523432,0.0554712176322937,0,-79.4130941761978,-22.8075663850429,1833.25616680879,54.7169133921133,-43.9870054216479,1815.15153690666,237.659326443098,127.460746360293,1573.48053942312,-172.833267974401,176.567453120478,1578.5381941772,0,0,0,0,0,0
17669.1427318,697.2,-0.00282024452462792,0.0550705626606941,0,-79.4638207347785,-22.8572345410861,1833.23436751516,54.6598809395798,-44.0851300585121,1815.17179720695,237.624406889454,127.442398764448,1573.49909387531,-172.871700215572,176.521785312403,1578.5297258022,0,0,0,0,0,0
17669.1532688,694.2,-0.00259302975609899,0.0559278711676598,0,-79.8014576322322,-23.1031106807612,1833.17402434458,54.2105585170013,-44.4833813296527,1815.11303960547,237.423517719323,127.321616804379,1573.65118558691,-173.068568986612,176.195472276714,1578.52004163905,0,0,0,0,0,0
17669.1690168,691.2,-0.00373174902051687,0.0547401964664459,0,-79.8628313936069,-23.1437448430069,1833.16143205452,54.1576890010571,-44.5527078505494,1815.1172662885,237.403643956246,127.307329870794,1573.67883618861,-173.112433350332,176.152136009038,1578.50755304775,0.0522000007331371,0.366499990224838,0.929000020027161,522.530029296875,2342.34008789062,5975.02978515625
17669.1795319,688.2,-0.00248426198959351,0.0566687159240246,0,-79.8887921736559,-23.2364873936925,1833.12706258418,54.0310989286024,-44.6540826848465,1815.07393306444,237.336118119968,127.271303363009,1573.72692229355,-173.164411606166,176.064542392919,1578.48145440077,0,0,0,0,0,0
17669.190164,685.2,-0.00297738402150571,0.05578308776021,0,-80.1926709248374,-23.5446779113052,1833.08911009523,53.8174433335273,-44.9336202105805,1815.04970845845,237.199772088497,127.149134281773,1573.91062028131,-173.365631850759,175.787979583261,1578.52261829808,0,0,0,0,0,0
17669.2006651,682.2,-0.00313381524756551,0.0561052843928337,0,-80.2939295859565,-23.6673126172282,1833.02930034565,53.705740858762,-45.0096148024153,1814.99180979157,237.146117362272,127.091595036567,1573.98608437245,-173.423640296692,175.692343925245,1578.52079714492,0,0,0,0,0,0
17669.2112096,679.2,-0.00385123630985618,0.056697404384613,0,-80.3868723439073,-23.8235021966339,1833.00035544472,53.6776619029998,-45.1178095871372,1814.97738072125,237.062900033057,127.044942564194,1574.04526144174,-173.515762306961,175.614383259853,1578.52956158284,0,0,0,0,0,0
17669.2218858,676.2,-0.00374929374083877,0.0569370783865452,0,-80.3952800029511,-24.0133350595631,1832.96952175863,53.6674923144819,-45.2017160258767,1814.95130463864,237.004715870244,127.009024787576,1574.11480118962,-173.572705796877,175.551207796104,1578.5055227893,0,0,0,0,0,0
17669.2325138,673.2,-0.00366476969793439,0.0562429524958134,0,-80.4210991366181,-24.2761064112097,1832.9114100654,53.6732591631755,-45.3035430477106,1814.8993690413,236.921918757949,126.982797433033,1574.21131910109,-173.63880878215,175.457307863938,1578.47479102738,0,0,0,0,0,0
17669.2444792,670.2,-0.00412033870816231,0.0575898163020611,0,-80.4472092769661,-24.5168551004756,1832.88377986812,53.7094218326081,-45.3983730363436,1814.83407413088,236.842228741263,126.938579808449,1574.27509081033,-173.712833639366,175.4153837175,1578.45326006864,0,0,0,0,0,0
17669.2551363,667.2,-0.00476814899593592,0.0571145288646221,0,-80.4247680937849,-24.6643624302983,1832.83130206213,53.7437742795314,-45.4442380134568,1814.8194673551,236.801980074204,126.93275967427,1574.32916251757,-173.739437821231,175.37412775708,1578.43644592164,0,0,0,0,0,0
17669.2656476,664.2,-0.00443387357518077,0.0597140662372112,0,-80.4174638675143,-24.7970336711712,1832.81014234453,53.7782606798824,-45.5288656277668,1814.7810266186,236.750717627616,126.930045467382,1574.38103594469,-173.802985533755,175.351292587077,1578.41832352189,0,0,0,0,0,0
17669.276317,661.2,-0.0052097593434155,0.0590442627668381,0,-80.3631516846823,-24.8865529235235,1832.76189314645,53.8158735074429,-45.5444288586033,1814.75656932386,236.715179502555,126.924670818362,1574.44312084161,-173.825364193379,175.339016018357,1578.43114033423,0,0,0,0,0,0
17669.302854,658.2,-0.0048845587298274,0.0582370966672897,0,-80.3855422726374,-24.9125221452623,1832.77946898164,53.8069086893361,-45.5417914172876,1814.73147498166,236.708388582647,126.927003564476,1574.45653686157,-173.819156637722,175.32296589547,1578.42626245684,-0.0425000004470348,0.42849999666214,0.902499973773956,173.179992675781,2310.8798828125,5597.08984375
17669.3134666,655.2,-0.00536903413012624,0.058821102976799,0,-80.3568999444736,-25.0311389364862,1832.72354356169,53.8696887463824,-45.5824529186242,1814.68148307449,236.648569489004,126.944193705418,1574.5577335923,-172.59737881792,175.245561684419,1577.89609699321,0,0,0,0,0,0
17669.3254626,652.2,-0.00593700772151351,0.0589857794344425,0,-80.3107566119978,-25.136783749064,1832.73070681434,53.9726328798181,-45.5828802974471,1814.63385977804,236.6132349802,127.035448402294,1574.72222230591,-171.632591531234,175.456964670856,1577.40483847545,0,0,0,0,0,0
17669.3360264,649.2,-0.00590919377282262,0.0584673084318638,0,-80.2500505226515,-25.1381992926319,1832.72429804134,53.9988713216874,-45.5647920069408,1814.59684934134,236.613798263942,127.120568052636,1574.80117823111,-171.354502320915,175.584239511568,1577.24134247912,0,0,0,0,0,0
17669.3466089,646.2,-0.00636970857158303,0.0588865637779236,0,-80.2226192282618,-25.1435695590739,1832.72116168023,54.0323153981389,-45.4751750547051,1814.59014136108,236.638955149803,127.194599015485,1574.88830278275,-171.383767546072,175.626536419189,1577.28068906178,-0.0944000035524368,0.374199986457825,0.922500014305115,47.9500007629395,2148.47998046875,5427.02978515625
17669.357262,643.2,-0.00608547544106841,0.05856773853302,0,-80.1435114564476,-25.3958585693785,1832.59317822628,54.0801539157429,-45.4216244304751,1814.60264159487,236.64001320207,127.288104332907,1574.94495097077,-171.377053899086,175.666332521995,1577.27888697749,-0.0500000007450581,0.342900007963181,0.938000023365021,9.67000007629395,2149.13989257812,5402.56982421875
17669.367923,640.2,-0.00664601242169738,0.0583771601319313,0,-80.1472895341746,-25.0666553110823,1832.75117331943,54.109362438619,-45.3517063511116,1814.60611936995,236.643450508912,127.384979555653,1574.98157514198,-171.388350377278,175.727080048167,1577.27814308483,-0.113499999046326,0.383399993181229,0.916599988937378,8.88000011444092,2186.61010742188,5359.81982421875
17669.378461,637.2,-0.00709020672366023,0.0588974863290787,0,-80.1258450123169,-25.0560588481951,1832.76207429999,54.1392776963359,-45.3105526717367,1814.62060538226,236.629212062915,127.444066841108,1575.00962655598,-171.403484771244,175.747137276841,1577.28287606374,0,0,0,0,0,0
17669.3890252,634.2,-0.00658466294407845,0.0589336961507797,0,-80.098256950972,-24.994975979285,1832.76204925625,54.1816969159763,-45.1981332285484,1814.6182394901,236.646752173347,127.5210486432,1575.04179830033,-171.432416688753,175.828992281106,1577.27632233457,0,0,0,0,0,0
17669.3995885,631.2,-0.00638303998857737,0.0575475081801415,0,-80.0275666345944,-24.9364513342162,1832.76960822154,54.2602032718643,-45.0891398837305,1814.63861787874,236.628166146538,127.631565979462,1575.05387638103,-171.492481406993,175.883983911504,1577.29530212243,0,0,0,0,0,0
17669.4102265,628.2,-0.00639789970591664,0.0578278549015522,0,-79.9191006274236,-24.8844321481327,1832.76306669642,54.3073048317261,-44.9585737724764,1814.64943968633,236.61053505066,127.734332690163,1575.06283615984,-171.515759479104,175.951242251846,1577.28199129215,0,0,0,0,0,0
17669.4207781,625.2,-0.007154849357903,0.0588910602033138,0,-79.714698407048,-25.0446111466233,1832.62508378409,54.3921167690223,-44.8126677577807,1814.67297127951,236.597713477919,127.862716489751,1575.06135637876,-171.531240350194,176.047472293535,1577.25524202338,0,0,0,0,0,0
17669.4363488,622.2,-0.0049623753875494,0.0585122875869274,0,-79.68701016147,-25.0810938948385,1832.6201958946,54.4023395587518,-44.7515391618738,1814.6570141167,236.601087652011,127.896350572274,1575.05723980242,-171.518359116521,176.073453982816,1577.24390235064,-0.0522000007331371,0.34799998998642,0.935999989509583,-110.389999389648,2154.78002929688,5269.10986328125
17669.4468687,619.2,-0.00632838765159249,0.0578525088727474,0,-79.5986354690675,-24.8768888301586,1832.57788072849,54.4984526028665,-44.4730783823204,1814.66253176666,236.555690696549,128.149536988876,1575.0197551905,-171.481533819571,176.33680904051,1577.15002072367,0,0,0,0,0,0
17669.4575128,616.2,-0.00589743908494711,0.0584557563066483,0,-79.6537605978698,-24.2092149036581,1832.79634922095,54.5957693550688,-44.0881205000179,1814.64514617573,236.486081015837,128.527504270585,1574.94208494648,-171.475757321131,176.57613678131,1577.06869439104,0,0,0,0,0,0
17669.4680655,613.2,-0.00663459999486804,0.0570080414414406,0,-79.1305923265947,-24.1957366612665,1832.38454520628,54.6156625463535,-43.8380507620365,1814.61121117532,236.510137607843,128.827800215235,1574.88094713837,-171.534228076365,176.706643673228,1577.04817876043,-0.179499998688698,0.354299992322922,0.917800009250641,-315.850006103516,1958.86999511719,5160.35986328125
17669.4786244,610.2,-0.0062999427318573,0.0570215493440628,0,-79.1264466273176,-24.1717209233498,1832.37234722551,54.6386087491031,-43.7274975519177,1814.60935823138,236.501794711881,128.967672934078,1574.85843451127,-171.528485411175,176.777971660752,1577.01481481812,0,0,0,0,0,0
17669.4892194,607.2,-0.00664492649957538,0.057017682492733,0,-79.1100128345555,-24.0650146356651,1832.31368099022,54.645328486213,-43.5260014449344,1814.57910011381,236.483956460266,129.215708638822,1574.79513584628,-171.448456376634,176.942100679465,1576.92330010552,0,0,0,0,0,0
17669.499733,604.2,-0.00672987010329962,0.0568569958209992,0,-79.1592216578899,-24.0617696593615,1832.27501264959,54.6606634263766,-43.3625144199573,1814.5526605007,236.529928328935,129.437236407848,1574.75332483452,-171.433626245341,177.127724742275,1576.85498870927,0,0,0,0,0,0
17669.5102903,601.2,-0.00680882157757878,0.0572326131165028,0,-79.1439418496935,-23.9692135819207,1832.18021084956,54.705749595903,-43.2014188983231,1814.51451338266,236.53946549753,129.661444230592,1574.69326202206,-171.403720908064,177.295840268278,1576.82537338597,0,0,0,0,0,0
17669.5208493,598.2,-0.00677171349525452,0.0562531746923924,0,-79.2087197575321,-23.813779053073,1832.18657872009,54.7164678260088,-43.0090891240467,1814.45061289811,236.543950123919,129.847710290819,1574.64104381817,-171.444157621733,177.480810576456,1576.83060691662,0,0,0,0,0,0
17669.5317777,595.2,-0.00675655202940106,0.0556691870093346,0,-79.3403501193866,-23.2969529152995,1832.2471436777,54.7932737810759,-42.6763178427894,1814.37637976653,236.549695587176,130.160304788762,1574.5713048216,-171.489492237231,177.764874755308,1576.84417195059,0,0,0,0,0,0
17669.5422936,592.2,-0.00649030320346355,0.0563033692538738,0,-79.3636102271103,-22.8992037765909,1832.30551734297,54.7916002385477,-42.3991493182506,1814.28630561034,236.574593040406,130.360093056946,1574.53686388743,-171.4985722767,177.961977010105,1576.83733647084,0,0,0,0,0,0
17669.5528344,589.2,-0.00663411058485508,0.0550621956586838,0,-79.3008623928346,-22.8197492227544,1832.25540809075,54.7805347912872,-42.2916298153432,1814.25143392273,236.597795644596,130.434939825168,1574.53415045168,-171.440727669201,178.061658393213,1576.80769288616,0,0,0,0,0,0
17669.5695621,586.2,-0.00696329027414322,0.0561062343418598,0,-79.3469453918296,-22.6716297653164,1832.28817899554,54.7957804765086,-42.2016417673355,1814.23233646465,236.57752387173,130.481331301331,1574.51917818024,-171.433552504221,178.154186826256,1576.80670248231,0,0,0,-266.140014648438,2166.17993164062,4922.240234375
17669.5801397,583.2,-0.00715529872104526,0.0532028660178185,0,-78.8966934204926,-22.2356236479505,1831.87210434607,54.8447744303724,-41.5709434721316,1814.22827774986,236.736815261622,131.157596885078,1574.51208699282,-171.376921116516,178.916685602773,1576.79677543736,0,0,0,0,0,0
17669.5907678,580.2,-0.00651256600394845,0.0543098025023937,0,-78.9738685548438,-22.0407704136629,1831.92263502254,54.8372334923666,-41.3586659655641,1814.23088767601,236.786462953499,131.380445372504,1574.51719317833,-171.192389282487,179.23621021794,1576.68035134696,0,0,0,0,0,0
17669.6013222,577.2,-0.0065951207652688,0.0543587565422058,0,-78.9868218817119,-21.8657785316937,1831.95654326681,54.836554289077,-41.1238133668877,1814.22412188874,236.824487239792,131.589375713866,1574.50891314958,-171.174780654702,179.507425197535,1576.65639861352,0,0,0,0,0,0
17669.6119076,574.2,-0.00624153297394514,0.0539266228675842,0,-79.3359533985606,-20.8372553652916,1832.36510865488,54.9414450630042,-40.7415512287965,1814.24652285691,236.864791437801,131.89381939322,1574.51677424282,-171.245737665727,179.89907154805,1576.68905946925,0,0,0,0,0,0
17669.6224234,571.2,-0.00612570298835635,0.0536270946264267,0,-79.2450865425472,-20.7947240637751,1832.20079288506,54.9302654126439,-40.3940749945769,1814.19794065592,236.884628482856,132.083416838741,1574.4986778536,-171.145979901372,180.216596134629,1576.64512360117,0,0,0,0,0,0
17669.6329389,568.2,-0.00701337587088346,0.0525898024439812,0,-79.2650989957433,-20.5047685201881,1832.14254013152,54.9253484115504,-40.0975085995552,1814.15723900854,236.900586723341,132.312722993171,1574.47961084547,-171.03808471621,180.547355837382,1576.57929498576,0,0,0,0,0,0
17669.6442662,565.2,-0.00703640840947628,0.0516710117459297,0,-79.3213347504321,-19.868469884895,1832.21255669134,54.9577386317694,-39.661488460152,1814.09166961574,236.961073487003,132.675102673792,1574.45054079414,-171.123816224147,180.897067165168,1576.66647387448,0,0,0,0,0,0
17669.6548204,562.2,-0.00725855538621545,0.0519611448049545,0,-79.2628797086928,-19.5854525824216,1832.16075047873,54.9682072150097,-39.3920155592733,1814.05037839486,236.986208202031,133.001809231533,1574.40537797042,-171.027781987333,181.251844333935,1576.61466649416,0,0,0,0,0,0
17669.6655471,559.2,-0.00706137996166945,0.0519713819026947,0,-78.983290016189,-19.589566333193,1831.90288413182,55.0495522710194,-39.1882180062891,1814.02668581575,236.995491002594,133.353229482344,1574.33706390138,-171.116622736676,181.534370224458,1576.67608959895,0,0,0,0,0,0
17669.6761801,556.8,-0.00727796228602529,0.0517364650964737,0,-78.9763887796234,-19.3029236723717,1831.87406728515,55.1376882781841,-38.9083366301327,1813.97574293813,236.977820095391,133.641866471533,1574.26291554586,-171.0438471938,181.867421966482,1576.62650096465,0,0,0,0,0,0
17669.7032369,559.8,-0.00710057700052857,0.0507152363657951,0,-78.9626996752262,-19.2095906512266,1831.86847878508,55.1578723908039,-38.8263649949889,1813.95715698695,236.982554670593,133.746709885364,1574.2291429561,-171.012334406458,181.983623250326,1576.60374071573,-0.202199995517731,0.361200004816055,0.910300016403198,-599.030029296875,1869.73999023438,4713.60009765625
17669.7140575,562.8,-0.00700037647038698,0.051205350458622,0,-78.9776717661966,-18.6763629262417,1831.7963027227,55.2268072090813,-38.231718537474,1813.80456710713,236.979437403032,134.213056738629,1574.152781334,-170.837530548746,182.610374257596,1576.49421318385,0,0,0,0,0,0
17669.725527,565.8,-0.00728421192616224,0.050676366686821,0,-78.7023474529139,-18.0605279666467,1831.58184216648,55.243905882795,-37.5858496256532,1813.68408878826,237.04982760539,134.807179099743,1574.11961360938,-170.909167797829,183.211669203874,1576.49847993711,0,0,0,0,0,0
17669.7360861,568.8,-0.00535060930997133,0.0500561468303204,0,-78.5563949256839,-17.6990587159931,1831.51515435255,55.3992865839234,-36.9967143762134,1813.64936454827,237.120450057143,135.543923784771,1574.03626240665,-170.886199645702,183.825821791663,1576.43809546754,0,0,0,0,0,0
17669.7466288,571.8,-0.00695038540288806,0.0499415419995785,0,-78.554449886483,-17.4903602139606,1831.47469438761,55.5112039580654,-36.6516337851985,1813.6075010552,237.175357846169,135.915905021903,1573.98487938105,-170.885611881194,184.10954936464,1576.38617318383,0,0,0,0,0,0
17669.7572742,574.8,-0.00677937362343073,0.0488239586353302,0,-78.4627756574412,-17.0796609307711,1831.47435194968,55.5896807117805,-36.0832946771189,1813.53356125096,237.239378939948,136.39156406599,1573.9537119867,-170.836285184467,184.549555947429,1576.27696943078,-0.219400003552437,0.422699987888336,0.879299998283386,-691.669982910156,2008.05004882812,4391.60009765625
17669.7678618,577.8,-0.00719375116750598,0.0482717700302601,0,-78.4206575168028,-16.6645704571338,1831.56003307327,55.6282929573566,-35.8312927677917,1813.51159684559,237.256124757488,136.654043534169,1573.94007729847,-170.843729290704,184.718416710163,1576.25604619874,0,0,0,0,0,0
17669.7783654,580.8,-0.00642338953912258,0.0483890272676945,0,-78.0384588643083,-16.3069878841849,1831.37027252007,55.6697822654719,-35.5003841340023,1813.48697458984,237.325374701238,137.050036729348,1573.91293647227,-170.792725040942,184.959944176727,1576.21375788912,0,0,0,0,0,0
17669.7890322,583.8,-0.00651217717677355,0.047969201952219,0,-77.8790881085628,-16.11633318498,1831.25554775449,55.8360744989196,-35.1593019813471,1813.48091662163,237.292604105404,137.45394838175,1573.86173132354,-170.775263770266,185.260192406379,1576.18713334331,0,0,0,0,0,0
17669.8093488,586.8,-0.00730726169422269,0.0471354372799397,0,-77.9027734064321,-16.0430684473011,1831.25402575796,55.9031523398048,-35.0546699667445,1813.47780060332,237.290690016981,137.591655414484,1573.83985521005,-170.786057146335,185.341342460971,1576.19535587001,-0.277099996805191,0.459800004959106,0.843699991703033,0,0,0
17669.8199303,589.8,-0.0072965114377439,0.0466022849082947,0,-77.9123496246052,-15.8672296106807,1831.31984725575,55.9907095831864,-34.8167888759267,1813.46527874207,237.293498262738,137.849797487803,1573.78856699561,-170.669251260718,185.578510248896,1576.09016498501,0,0,0,0,0,0
17669.8345065,592.8,-0.00708471471443772,0.0462581016123295,0,-77.8601636163164,-15.766174980311,1831.31300960164,56.0253870557829,-34.6707659241596,1813.44951070973,237.29291937667,137.983086808016,1573.77048645224,-170.684762148987,185.663998563066,1576.07830964113,-0.250299990177155,0.476500004529953,0.84280002117157,0,0,0
17669.8451613,595.8,-0.00730719463899732,0.0456984177231789,0,-77.9149823104057,-14.8946405679027,1831.54362666401,56.1956269971511,-34.0387938600755,1813.41070349822,237.31874734078,138.550662417463,1573.7072493907,-170.588004390126,186.142360291748,1575.97288974603,0,0,0,0,0,0
17669.8557474,598.8,-0.0071874437853694,0.0440964758396149,0,-77.5229698606355,-14.5150198635286,1831.28224573391,56.3253015405042,-33.2634992479479,1813.51756710156,237.48572823267,139.303927584143,1573.64212867716,-170.511762221325,186.664920878891,1575.84967140262,0,0,0,0,0,0
17669.8663458,601.8,-0.00743279373273253,0.0432588554918766,0,-77.4212043301428,-13.1791359622563,1831.51695882091,56.6496435129674,-32.1673627716507,1813.56451127641,237.523264056264,140.363073870996,1573.42021309591,-170.74176854905,187.224984643689,1575.92170915547,0,0,0,0,0,0
17669.8768986,604.8,-0.00726563297212124,0.0442606568336487,0,-77.4162173884925,-12.8564207894125,1831.51306518968,56.6725764593526,-31.7998540376941,1813.54188190262,237.585128529189,140.698088024295,1573.35984523197,-170.667373078655,187.479857657588,1575.8758466174,0,0,0,0,0,0
17669.887458,607.8,-0.00625569792464375,0.0428869858384132,0,-77.2556683950445,-12.6584743993844,1831.39844981788,56.7097630884068,-31.4796436518314,1813.56744261204,237.66602581189,141.053620459319,1573.31381781386,-170.488153929853,187.775833996096,1575.77694058771,0,0,0,0,0,0
17669.8982397,610.8,-0.00745262205600739,0.0422904774546623,0,-77.1385600665164,-12.3350851646114,1831.34663540679,56.811094286764,-31.1854262924377,1813.57975306734,237.715047846686,141.367275940037,1573.29422252366,-170.409544133628,188.036507474817,1575.73625003617,0,0,0,0,0,0
17669.9232296,613.8,-0.00746922707185149,0.0421692416071892,0,-77.0894928787505,-12.2211197580959,1831.35415095177,56.8449662675139,-31.082345865556,1813.59394194705,237.715779258874,141.474233758928,1573.28001768119,-170.375330604806,188.146585281111,1575.70685755172,-0.292600005865097,0.455099999904633,0.841000020503998,0,0,0
17669.9338797,616.8,-0.00701742712408304,0.0414707608520985,0,-77.0000891470295,-11.4314590676833,1831.49928909747,57.1352593784195,-30.2983587564842,1813.61960556409,237.736338876347,142.255177341412,1573.19036508987,-170.24248784115,188.748947486756,1575.6926918878,0,0,0,0,0,0
17669.9447856,619.8,-0.00779312988743186,0.0408199302852154,0,-76.7032200220707,-11.061260421803,1831.35944677338,57.2818439397209,-29.727873416111,1813.60808137302,237.895243999787,142.949649298278,1573.12660124939,-170.201415344354,189.18242326118,1575.69471870704,0,0,0,0,0,0
17669.9684143,622.8,-0.00756000448018312,0.0404868073761463,0,-76.7396103096244,-10.9788143531734,1831.4158786541,57.3243370661971,-29.6632788458497,1813.6280234817,237.918592647496,143.049255422915,1573.12439258078,-170.180103400859,189.246720141899,1575.69322394089,0,0,0,-608.559997558594,1759.69995117188,3960.67993164062
17669.9790987,625.8,-0.00797341670840979,0.0410336464643478,0,-76.4157635318147,-10.8243996448996,1831.36478800041,57.5080645189865,-29.2053467327027,1813.56031555145,237.925085779589,143.533352085692,1573.1193946991,-170.170091264243,189.581971186429,1575.72292763672,0,0,0,0,0,0
17669.9897214,628.8,-0.00919502507895231,0.0426223151385784,0,-76.1923537944772,-10.3429465603116,1831.47197401521,57.8151237932024,-28.7466255928886,1813.55024586311,237.959397317888,144.142200632831,1573.12707415714,-170.255045115428,189.93417951334,1575.83276473524,0,0,0,0,0,0
17670.0042812,631.8,-0.00745316641405225,0.039413383603096,0,-76.1694588535722,-10.227408887393,1831.50055622659,57.853079117977,-28.6421369271228,1813.52447161683,237.968336576588,144.246130742893,1573.11871114516,-170.273551053063,190.002894572594,1575.8441805668,0,0,0,-713.890014648438,1729.56994628906,3929.3798828125
17670.0148529,634.8,-0.0086893942207098,0.0395187981426716,0,-75.6842389435547,-10.174464323317,1831.35111706066,58.1165420521385,-28.3181208272695,1813.49533464596,238.000070908694,144.897393209832,1573.08905549978,-170.418432060711,190.216360210625,1575.99606885224,0,0,0,0,0,0
17670.0256145,637.8,-0.00793723948299885,0.0414396360516548,0,-75.3162035560363,-9.97527445971051,1831.32488572227,58.4114810151975,-27.9402088383516,1813.4476497635,237.983964832245,145.46459716982,1573.09395322693,-170.49703055186,190.458546307547,1576.11211924418,0,0,0,0,0,0
17670.036058,640.8,-0.00726074865087867,0.0383464194834232,0,-75.2997123979523,-9.95585263290283,1831.33693985297,58.4852908990785,-27.8800694862492,1813.44486921194,237.985282243493,145.567614187165,1573.10243582603,-170.485194581706,190.507638868525,1576.12948200416,0,0,0,0,0,0
17670.0588331,643.8,-0.00948874745517969,0.0399138614535332,0,-75.2516586891057,-9.92200899767838,1831.34629915729,58.5450344788118,-27.8178334660432,1813.43518415934,237.995772907608,145.644185511582,1573.12081454598,-170.433151227708,190.581895823482,1576.10201949049,0,0,0,-864.580017089844,1677.05004882812,3892.15991210938
17670.0695379,646.8,-0.00806609820574522,0.0395673014223576,0,-75.0536806832718,-9.65888741438218,1831.49394865131,58.8842168432809,-27.4506209212084,1813.39926745856,237.985924113596,146.057997687217,1573.1617015362,-170.37781020213,190.783412244948,1576.12638246067,0,0,0,0,0,0
17670.080088,649.8,-0.00751974619925022,0.0401620738208294,0,-74.5624204918988,-9.6750100332913,1831.47783221567,59.3960958930548,-26.9689185675684,1813.33893562271,238.083492324794,146.666541670523,1573.22285546776,-170.422278627153,190.963463995879,1576.18914820799,0,0,0,0,0,0
17670.104327,652.8,-0.00832015182822943,0.0392474181950092,0,-74.50366368113,-9.64709872588571,1831.46206872614,59.5076605823068,-26.9152536934917,1813.31599223778,238.091387619248,146.790028206408,1573.22697291059,-170.381354677606,191.010667722298,1576.17471048601,0,0,0,-812.52001953125,1690.10998535156,3852.43994140625
17670.1149814,655.8,-0.00798559468239546,0.0384302869439125,0,-73.9720410621231,-9.69904358108397,1831.35975936723,60.0367279742593,-26.6366140036903,1813.30032985701,238.059417357651,147.340332399992,1573.23064949314,-170.44086926043,191.186886025003,1576.20755207558,0,0,0,0,0,0
17670.1258281,658.8,-0.00820991303771734,0.0380622878670692,0,-72.9877399347114,-9.807569525517,1831.32765129598,61.1475705558434,-26.0544875081388,1813.18875287079,237.924441406112,148.119168110424,1573.24967507951,-170.603632543452,191.418435618412,1576.26097422726,0,0,0,0,0,0
17670.1437378,661.8,-0.0085751935839653,0.0387511946260929,0,-72.9217756874063,-9.77807922682385,1831.36371226301,61.2652945732311,-25.9671793290635,1813.16520257032,237.910532607878,148.197531817148,1573.26451332283,-170.641320140626,191.443057900001,1576.27944964902,-0.257699996232986,0.487100005149841,0.834500014781952,0,0,0
17670.1543543,664.8,-0.00792051572352648,0.0378726184368134,0,-71.5325485591486,-10.1783761360803,1831.32812675855,62.6715953423944,-25.1318326919256,1812.92881989263,237.814910264062,149.399069972955,1573.32182732769,-170.797755918545,191.768889629253,1576.26970488649,0,0,0,0,0,0
17670.1655609,667.8,-0.00718940421938896,0.0365756437182427,0,-71.1605719400584,-10.2839386828752,1831.3140215964,63.0513876078017,-24.9480668351746,1812.86817266974,237.735336747464,149.684647282363,1573.32755658738,-170.873206616603,191.838175811505,1576.29237939815,0,0,0,0,0,0
17670.1761033,670.8,-0.0082033509388566,0.0373501017689705,0,-70.8456398053607,-10.3839848048588,1831.27098544893,63.3771815412351,-24.6762552063301,1812.77004843274,237.679870137463,149.927564192808,1573.34648741147,-170.903275065738,191.910216462443,1576.30602974354,0,0,0,0,0,0
17670.1871048,673.8,-0.0080091180279851,0.0373314753174782,0,-70.6997443525927,-10.4290225526096,1831.23111318272,63.4880316806166,-24.6298574711002,1812.75760239569,237.673791081217,150.008958795841,1573.35810502657,-170.918482131796,191.956103636564,1576.30790573932,-0.215499997138977,0.28439998626709,0.93419998884201,-456.200012207031,1397,3831.42993164062
17670.1977061,676.8,-0.0078874547034502,0.0367430880665779,0,-70.2833079549876,-10.5679481164711,1831.17328284996,64.0488187541791,-24.2503660633067,1812.62033620614,237.643445713962,150.310254774414,1573.37755788707,-170.976827676781,192.086851649992,1576.29099719692,0,0,0,0,0,0
17670.2082304,679.8,-0.00812220945954323,0.036937227845192,0,-69.8812243863134,-10.6374465715345,1831.05732906635,64.3986687804458,-24.0381723332849,1812.56084235708,237.635351458266,150.544262781915,1573.37447132374,-171.042821173749,192.189097398556,1576.31323529224,0,0,0,0,0,0
17670.218738,682.8,-0.00806433986872435,0.0368346408009529,0,-69.5372076627925,-10.6969894947778,1830.97604066164,64.6808493617241,-23.8964312760439,1812.48975675119,237.586479584948,150.800253620774,1573.37419605545,-171.151280710244,192.249522859248,1576.36601465891,0,0,0,0,0,0
17670.2361062,685.8,-0.008394337259233,0.0357492998242378,0,-69.4363376924146,-10.7375086686619,1831.00984116866,64.7973337042201,-23.8592260837568,1812.48525409105,237.57047103743,150.900813506643,1573.37356286543,-171.151759677492,192.302661316108,1576.36094153018,-0.218799993395805,0.300300002098083,0.928399980068207,-504.149993896484,1362.69995117188,3702.68994140625
17670.2509789,688.8,-0.00813210010528564,0.0359946474432945,0,-68.7918640960549,-10.8786393599215,1830.89287211734,65.519854111059,-23.4739641117154,1812.36320794173,237.418150027796,151.706481798632,1573.32976431691,-171.210640481598,192.563306588032,1576.35773675088,0,0,0,0,0,0
17670.2615878,691.8,-0.00801621004939079,0.0359146058559418,0,-68.4085604380664,-10.9466585275903,1830.8220472434,65.643604989635,-23.0191614815117,1812.20391967899,237.410129033345,152.122266173448,1573.35749655982,-171.291219190195,192.693941721517,1576.35947910809,0,0,0,0,0,0
17670.2722008,694.8,-0.00947600230574608,0.0373892396688461,0,-68.2396848415131,-10.9590717555115,1830.79011510824,65.8341700294545,-22.8055805041353,1812.14364543328,237.381997700192,152.345232809598,1573.38256164022,-171.339540894269,192.818464091532,1576.35353493422,0,0,0,0,0,0
17670.2827707,697.8,-0.00790678150951862,0.0365199208259583,0,-68.1936077609746,-10.9699198644263,1830.77672651941,65.9183345480869,-22.7557045912511,1812.13978244767,237.373603136625,152.408004186687,1573.3990094377,-171.330906822333,192.821187824313,1576.35349331704,0,0,0,0,0,0
17670.2933483,700.8,-0.00755591271445155,0.0357717856764793,0,-67.8056834975731,-11.047401533277,1830.66485476479,66.3490583410189,-22.3947513850123,1812.04815016689,237.264756185866,152.823477931368,1573.45836623454,-171.403758508314,193.037417217742,1576.35261244526,0,0,0,0,0,0
17670.3039878,703.8,-0.00866362359374762,0.0348531290888786,0,-67.6566789383488,-11.0460485769536,1830.62759272235,66.7544457959734,-22.4528969740178,1812.08963434034,237.249976307334,152.96472386227,1573.47546765877,-171.430579282926,193.104936412846,1576.33745882925,0,0,0,0,0,0
17670.3149933,706.8,-0.00751420296728611,0.0355197623372078,0,-67.4434036614317,-11.0079192795631,1830.60494095442,66.9468908289016,-22.2362236992796,1812.04989661016,237.247525806183,153.301679459724,1573.48894251522,-171.534104362509,193.24379738784,1576.38573398577,0,0,0,0,0,0
17670.325548,709.8,-0.0076113217510283,0.035793362557888,0,-67.3530742037604,-10.9927494259451,1830.59608694867,67.0597477459046,-22.0941559458454,1812.00117346005,237.23708063627,153.582436823479,1573.49363674015,-171.580379190209,193.365599739431,1576.39182961958,0,0,0,0,0,0
17670.3361365,712.8,-0.00799257401376963,0.0349594786763191,0,-67.2048461905949,-10.9879624459915,1830.54580297812,67.2054677648003,-21.9149600610053,1811.94905898388,237.243572300888,153.841189757756,1573.51031582568,-171.636270883558,193.472792059335,1576.41657539023,0,0,0,0,0,0
17670.3467086,715.8,-0.00796601828187704,0.034415340423584,0,-67.0888267601396,-10.9238656038552,1830.52715149747,67.392139376939,-21.7127036470159,1811.91337761519,237.262410568424,154.102520749374,1573.52189135362,-171.691036020353,193.533352898664,1576.43546999158,0,0,0,0,0,0
17670.3574355,718.8,-0.00751955341547728,0.0350599050521851,0,-66.9389963826828,-10.8896067124658,1830.48951405493,67.5418180258757,-21.5116699968127,1811.84861312958,237.210245541042,154.368208394333,1573.50931884347,-171.724726744285,193.641665354054,1576.43503685023,0,0,0,0,0,0
17670.3691803,721.8,-0.00761119090020657,0.0349100589752197,0,-66.8620149902978,-10.8726976168449,1830.50864920618,67.6297315838742,-21.4660080781085,1811.86142293955,237.185258662852,154.442125513993,1573.50758463633,-171.714535864726,193.685880635013,1576.41649846054,-0.198899999260902,0.441799998283386,0.874800026416779,-347.790008544922,1516.97998046875,3197.11010742188
17670.3797713,724.8,-0.00708651402965188,0.0350588023662567,0,-66.6359985839883,-10.7681670850903,1830.49328259664,67.9464467720372,-21.2221856659835,1811.82990356865,237.081555092556,154.82801556332,1573.48543769302,-171.798773450198,193.807292520814,1576.42247279781,0,0,0,0,0,0
17670.3903939,727.8,-0.00738452980294824,0.0359020665287972,0,-66.4870474642934,-10.7151261290702,1830.47448263973,68.0832209054978,-21.0636711392544,1811.82217541704,236.965650499561,155.043587171369,1573.45830657964,-171.848425910576,193.855798878598,1576.42315409954,0,0,0,0,0,0
17670.4010316,730.8,-0.00676178326830268,0.0346488788723946,0,-66.3201758376642,-10.6549264135645,1830.45171028695,68.173092943798,-20.8518255652409,1811.80631843916,236.88667421558,155.28170917054,1573.44268138094,-171.928511023928,193.901842845427,1576.44027629651,0,0,0,0,0,0
17670.4116962,733.8,-0.00702776433899999,0.0364529848098755,0,-66.1762496692756,-10.5880986675468,1830.45936512353,68.0260418639557,-20.532647531955,1811.78465500204,236.833917455532,155.532061170945,1573.44723086846,-171.956941406012,193.957911063836,1576.41624957377,0,0,0,0,0,0
17670.4318655,736.8,-0.00626679044216871,0.0334723204374313,0,-66.0911637908406,-10.5758690898618,1830.4636360896,68.0691061262648,-20.4811177500892,1811.80565015025,236.82753568607,155.619042211505,1573.43949795763,-172.003897645592,193.961742632918,1576.40793772773,-0.251599997282028,0.457100003957748,0.853100001811981,0,0,0
17670.4427642,739.8,-0.00697847409173846,0.0354252815246582,0,-65.917673741186,-10.452248224018,1830.51247367819,68.1515004954598,-20.1313805367057,1811.82655476574,236.771292709008,156.000506653132,1573.46167496129,-172.129451457902,193.995896469718,1576.42160421822,0,0,0,0,0,0
17670.4534318,742.8,-0.00632006442174315,0.034506356716156,0,-65.9018084074881,-10.4234667893939,1830.58245579372,68.2236259464933,-19.8865919663429,1811.82993869971,236.768116868052,156.22377963584,1573.49874988204,-172.221705567377,193.978629668102,1576.43594052947,0,0,0,0,0,0
17670.4642054,745.8,-0.00661902455613017,0.0341689199209213,0,-65.6655653494619,-10.3063002359189,1830.67569766881,68.3735044158603,-19.4268853612301,1811.87641274667,236.708795182319,156.616715791397,1573.62098203874,-172.311717674939,193.978745484159,1576.41631029356,0,0,0,0,0,0
17670.4748144,748.8,-0.00625892775133252,0.0337715730071068,0,-65.590345531469,-10.2478510030647,1830.77804426201,68.5940644548518,-19.0387489145057,1811.97865291613,236.642452079437,156.955811730917,1573.7589787621,-172.477594909472,193.925309111802,1576.45121725792,0,0,0,0,0,0
17670.5023855,751.8,-0.00573772564530373,0.03478973954916,0,-65.5138835138945,-10.2370885815721,1830.80162607233,68.6132444275609,-18.9786137698934,1811.95447211128,236.630944868641,157.006940726949,1573.78152041613,-172.480323217004,193.910355875825,1576.45554412099,-0.171399995684624,0.438699990510941,0.882099986076355,-291.970001220703,1402.57995605469,2944.17993164062
17670.513108,754.8,-0.00553289381787181,0.0337001368403435,0,-65.3632320436667,-10.1718821422196,1830.88530380502,68.8309855850248,-18.7862439118976,1812.07021863619,236.545489220568,157.348511636015,1573.86188951287,-172.601868184907,193.844427454044,1576.46340183568,0,0,0,0,0,0
17670.5253375,757.8,-0.00594032043591142,0.0335331246256828,0,-65.1857919268877,-10.1852840389059,1830.94480105691,69.1016322073901,-18.5635272800924,1812.20770592022,236.427588579276,157.830789086149,1573.94872719711,-172.730434261041,193.735977004772,1576.43926719675,0,0,0,0,0,0
17670.5360383,760.8,-0.00607367046177387,0.0330822601914406,0,-65.013159778015,-10.2220805607204,1830.9820603035,69.329269253496,-18.370366135376,1812.29196238937,236.373734355782,158.312264660075,1574.04235338447,-172.854833102789,193.636040538754,1576.43881914815,0,0,0,0,0,0
17670.5465956,763.8,-0.00661900779232383,0.0348632767796516,0,-64.8731271398252,-10.3290822378528,1830.93675472847,69.4491091984245,-18.28779580327,1812.3535132382,236.329760888683,158.524373847692,1574.09040139814,-172.8911012004,193.592008889495,1576.40712694466,0,0,0,0,0,0
17670.5571659,766.8,-0.00545770488679409,0.0333471283316612,0,-64.7521587886435,-10.3960936456616,1830.91042855967,69.5515645791635,-18.0889571376277,1812.34049366721,236.341497989166,158.7676966189,1574.18841178584,-172.953933841584,193.544786897574,1576.37579654836,-0.165399998426437,0.426499992609024,0.88919997215271,-277.019989013672,1285.88000488281,2852.31005859375
17670.5677267,769.8,-0.00610001245513558,0.0323538914322853,0,-64.6321012057627,-10.4590981266519,1830.8713133775,69.7008282223088,-18.0240414328786,1812.35560205287,236.316162093097,158.959498506324,1574.26758124912,-172.99853664623,193.505327327986,1576.33015941294,-0.180099993944168,0.457500010728836,0.870800018310547,-241.869995117188,1247.96997070312,2851.7099609375
17670.5782558,772.8,-0.00669411569833755,0.0335518553853035,0,-64.5637626296771,-10.5079499541178,1830.88327394366,69.7906113664272,-17.9492265070596,1812.35761221311,236.334952265887,159.101283418389,1574.33848527027,-173.041724801278,193.467108324974,1576.32048718086,0,0,0,0,0,0
17670.5888172,775.8,-0.00627997983247042,0.0332067221403122,0,-64.4121373529332,-10.6282962908801,1830.81200896792,69.9316988920241,-17.8413016181461,1812.34112286456,236.302907170694,159.26782541625,1574.42598432505,-173.074167131358,193.443262338277,1576.28332443229,0,0,0,0,0,0
17670.5994453,778.8,-0.0062533556483686,0.0319411292672157,0,-64.2638232512561,-10.7553822282845,1830.6995219614,70.0890960617341,-17.7662703465109,1812.30004184524,236.289454976112,159.442935344892,1574.51050066641,-173.058451073984,193.498875898865,1576.19222756209,0,0,0,0,0,0
17670.6101287,781.8,-0.00584960076957941,0.0326034337282181,0,-64.0040922973074,-10.9762115244035,1830.5618719374,70.3626535826162,-17.5835296153865,1812.2130214106,236.280862281991,159.661860683838,1574.60142775026,-173.005228293821,193.525878706923,1576.03788291432,0,0,0,0,0,0
17670.6206335,784.8,-0.00753007922321558,0.0302124753594399,0,-63.9733962658191,-11.0039025961656,1830.55108391507,70.449451708217,-17.5771062238071,1812.20042627753,236.282507731256,159.701056798328,1574.62498271742,-173.007989823633,193.517642421695,1576.00989950058,0,0,0,0,0,0
17670.6361984,787.8,-0.00563870836049318,0.0322610795497894,0,-63.8937639941163,-11.0519433305065,1830.51076634396,70.4786946729188,-17.5487853131401,1812.15387806885,236.283896316843,159.745825490564,1574.64170650967,-172.98721330274,193.520217712638,1575.9688019118,-0.0920000001788139,0.436899989843369,0.894800007343292,-26.8799991607666,1249.80004882812,2769.42993164062
17670.6466813,790.8,-0.00648886850103736,0.0304337054491043,0,-63.6131201612583,-11.3332102997226,1830.26838269493,70.7725812258099,-17.4359153202765,1812.10656391458,236.316502941837,159.955293124189,1574.72099474052,-172.897344201434,193.554206672465,1575.80611798089,0,0,0,0,0,0
17670.6573392,793.8,-0.00671877432614565,0.0295328930020332,0,-63.3825455798553,-11.6519329940826,1830.0207062741,71.1306414714657,-17.2850707817262,1811.90589380756,236.377338994025,160.178167132446,1574.79580162529,-172.911364733999,193.59878074917,1575.64729098182,0,0,0,0,0,0
17670.6679947,796.8,-0.00668860226869583,0.0292875304818153,0,-63.1702787830045,-11.8558786192369,1829.82751503657,71.4738677706496,-17.260887578694,1811.80554399681,236.465970848161,160.317758568123,1574.87340315169,-172.76679550083,193.688779095634,1575.47670200008,-0.120700001716614,0.441300004720688,0.88919997215271,-140.660003662109,1299.76000976562,2704.14990234375
17670.6785562,799.8,-0.00740704033523798,0.0310616105794907,0,-63.0322401801823,-11.9809220104794,1829.73786071517,71.6357845120631,-17.2414965307086,1811.78349215981,236.488396334533,160.382498035192,1574.9217973829,-172.782334092458,193.69080050742,1575.42487701395,0,0,0,0,0,0
17670.6891431,802.8,-0.00811151135712862,0.0305542930960655,0,-62.7740271703924,-12.1911591257723,1829.59132160534,71.8206727217186,-17.2168968595261,1811.70340612898,236.54972597233,160.480043961716,1574.98666943554,-172.6939091492,193.745893547912,1575.31972837519,0,0,0,0,0,0
17670.6996378,805.8,-0.00723334494978189,0.0316643476486206,0,-62.5909554559915,-12.3743412512895,1829.44921223863,71.9998738742112,-17.1842390847941,1811.63069482564,236.632753762931,160.588060052832,1575.04854677554,-172.621002525477,193.783922293113,1575.23748307935,0,0,0,0,0,0
17670.7101513,808.8,-0.00792816746979952,0.0327932521700859,0,-62.3044784113974,-12.5745900103937,1829.26217267371,72.2048317533364,-17.1276687948416,1811.53986315837,236.730656224494,160.717722002247,1575.13735904342,-172.696593566059,193.748929070939,1575.22865328628,0,0,0,0,0,0
17670.7207941,811.8,-0.00790206994861364,0.0313386976718903,0,-62.1046316386449,-12.7440317994487,1829.16546792534,72.4378581202542,-17.0792330849027,1811.4434753227,236.811163774532,160.818479752894,1575.21664403777,-172.635493243025,193.761302148237,1575.17630555319,0,0,0,0,0,0
17670.7315692,814.8,-0.00782946683466434,0.0303074777126312,0,-61.6671407379151,-13.025203639856,1828.94695963909,72.8380800897753,-17.0481205314296,1811.33180036651,236.94798725036,160.976855984558,1575.37391795936,-172.44560552505,193.862584277416,1575.07272274616,0,0,0,0,0,0
17670.7421025,817.8,-0.00865424796938896,0.02924614995718,0,-61.4360504181547,-13.1886054967822,1828.81967626537,73.0867096320925,-17.0443494964331,1811.28192571735,237.028754105668,161.065025003611,1575.46541376097,-172.380433074241,193.900604740965,1575.06410022634,0,0,0,0,0,0
17670.7526598,820.8,-0.00850161258131266,0.0297158420085907,0,-61.2308814186757,-13.3792797837526,1828.66753555192,73.3149172903704,-17.0091010855515,1811.18491407158,237.128549481541,161.174808144718,1575.5567104881,-172.314122429196,193.941059779869,1575.07516066723,0,0,0,0,0,0
17670.7631644,823.8,-0.00833734404295683,0.0297826290130615,0,-61.1222387203481,-13.4720339666403,1828.60996997578,73.4107079145073,-17.0013218893989,1811.16492804911,237.158080611276,161.210637576472,1575.57985162403,-172.267866882408,193.956999940704,1575.05997009657,0,0,0,0,0,0
17670.7736805,826.8,-0.00898410566151142,0.0294783771038055,0,-60.6609492869654,-13.7800185851129,1828.47649498778,73.9059656506497,-16.8965161310493,1810.97638866603,237.307005627498,161.363497996181,1575.71012806311,-172.134064742495,193.949089383895,1575.10685572655,0,0,0,0,0,0
17670.787228,829.8,-0.00863400101661682,0.0296340867877007,0,-60.5571996080111,-13.8174356746396,1828.4430720653,74.0324425354307,-16.9108356164533,1810.97328599987,237.320480797174,161.380771627222,1575.71883528773,-172.06814361885,193.9879848612,1575.07248801859,-0.0738999992609024,0.391699999570847,0.917100012302399,-122.76000213623,1168.58996582031,2699.60009765625
17670.7978526,832.8,-0.0101709933951497,0.0301903247833252,0,-60.216643878533,-14.0611354827368,1828.3485393767,74.3859147159311,-16.782665919064,1810.82376772635,237.444538004546,161.455362613893,1575.77438659481,-171.979119644044,193.941714042791,1575.10014256876,0,0,0,0,0,0
17670.8084705,835.8,-0.00901911966502666,0.0295585080981255,0,-59.9220342323813,-14.1916951926902,1828.31895694176,74.6809595520454,-16.7621306116736,1810.82684216426,237.52618973497,161.484187144021,1575.79026156928,-171.879690495222,193.92912663929,1575.05658940225,0,0,0,0,0,0
17670.8191774,838.8,-0.00957256369292736,0.0291183054447174,0,-59.7125262580283,-14.2957863914673,1828.34785085863,74.8794774390834,-16.6524956965231,1810.77808674158,237.591421949704,161.499870054167,1575.79321422976,-171.802116705465,193.893422270343,1575.03029785627,0,0,0,0,0,0
17670.8297338,841.8,-0.0090752923861146,0.0274296462535858,0,-59.4813029866374,-14.4096197836311,1828.37618875695,75.1592017677043,-16.6326027411569,1810.77450857116,237.663145566338,161.493918913083,1575.77831505932,-171.810514006783,193.805998864285,1575.05495391761,0,0,0,0,0,0
17670.8403718,844.8,-0.00863181054592133,0.0283354058861733,0,-58.9209885140099,-14.5882443910741,1828.46788461544,75.6909279419943,-16.6216305301464,1810.81675149228,237.759010527042,161.422073774584,1575.72431114796,-171.690734624728,193.644133531598,1574.98573104663,0,0,0,0,0,0
17670.8508937,847.8,-0.00924332533031702,0.0276743531227112,0,-58.601600277572,-14.7384053354168,1828.53497904222,76.0167505978892,-16.610350288784,1810.87737737698,237.83118383812,161.355981561652,1575.69885057414,-171.585235277448,193.535952817993,1574.91104894231,0,0,0,0,0,0
17670.8614874,850.8,-0.00853379257023335,0.0287656471133232,0,-58.2644445505,-14.8565644234521,1828.6002509276,76.329703640931,-16.610866878356,1810.92214812417,237.92091649119,161.267036275994,1575.6771613228,-171.535509858394,193.409889367119,1574.88504842625,0,0,0,0,0,0
17670.8720128,853.8,-0.00892278179526329,0.0280949309468269,0,-57.936493744944,-14.9811522802617,1828.64902688257,76.637553183738,-16.5961998928945,1810.92426342328,237.991951245584,161.17914557231,1575.65064469295,-171.518747617966,193.210510148152,1574.85727908111,0,0,0,0,0,0
17670.8825031,856.8,-0.0089601818472147,0.026991231739521,0,-57.8736630090763,-14.9929458340604,1828.65925642435,76.8456323518304,-16.7202139312945,1811.00838744701,238.03612965821,161.145853680258,1575.64736648076,-171.481975028241,193.196449121915,1574.82118697607,0,0,0,0,0,0
17670.9029154,859.8,-0.00942853093147278,0.0273907020688057,0,-57.7209060417649,-15.0661893784491,1828.68205338566,76.944006723087,-16.6967385292734,1811.01574383181,238.043902419038,161.114932558479,1575.64041320568,-171.468622666469,193.140456372832,1574.81528599971,-0.122400000691414,0.449699997901917,0.884800016880035,-112.970001220703,1209.39001464844,2571.76000976562
17670.9134864,862.8,-0.00944383628666401,0.027240177989006,0,-57.2008270837175,-15.4284148022966,1828.71918577581,77.4508197762359,-16.7127507335312,1811.01532714655,238.176399888228,160.96473333026,1575.56739715466,-171.380184619982,192.880133838518,1574.74789938287,0,0,0,0,0,0
17670.9249595,865.8,-0.00894484296441078,0.0263396263122559,0,-56.9276087274957,-15.6470589690472,1828.73453410032,77.6555397700418,-16.6962769251607,1810.95697186763,238.279299492511,160.838676582319,1575.54417241832,-171.341793308223,192.716194882725,1574.67817160537,0,0,0,0,0,0
17670.9356325,868.8,-0.00991495698690414,0.0275359287858009,0,-56.1528173885451,-16.3025820074259,1828.77811228366,78.3870936944863,-16.8330151355108,1810.99200906842,238.478481780629,160.397446417676,1575.45689629389,-171.236734990824,192.151205054867,1574.53200571218,0,0,0,0,0,0
17670.9464523,871.8,-0.00901340413838625,0.0269136488437653,0,-55.8479577396829,-16.6221236392138,1828.81705169192,78.7280162481572,-17.0572979957436,1811.06868840807,238.547414441204,160.242669940234,1575.45766590157,-171.203179609659,191.92700669634,1574.50320894796,0,0,0,0,0,0
17670.9575766,874.8,-0.00929160043597221,0.0275093153119087,0,-55.7421902028808,-16.7358614313585,1828.81673536849,78.8048465296967,-17.1203478899033,1811.06755417902,238.570703835196,160.19043722972,1575.45339254167,-171.168938961489,191.894004591571,1574.47681117839,-0.10530000180006,0.416799992322922,0.902899980545044,-6.92000007629395,1001.73999023438,2569.07006835938
17670.9681298,877.8,-0.00839807745069265,0.0291950613260269,0,-55.5128256700503,-16.9784897916971,1828.79391841054,78.918052609728,-17.1598880319949,1811.08734566695,238.611471256802,160.085015886396,1575.46547855091,-171.042265503048,191.756740846354,1574.42815349349,0,0,0,0,0,0
17670.9786904,880.8,-0.0102136451750994,0.0263402596116066,0,-55.1582300297621,-17.7299939476868,1828.79673685572,79.4079921011578,-17.7487863205472,1811.17438351432,238.735827610112,159.74391034206,1575.54535117789,-170.901826968127,191.311784761921,1574.45273045403,0,0,0,0,0,0
17670.9893319,883.8,-0.0093675758689642,0.0271677434444428,0,-54.957162482713,-18.1258975536613,1828.79416238664,79.570289092569,-17.8949138403124,1811.1191888971,238.764809892703,159.561368818649,1575.61427337803,-170.709299503854,191.157044032206,1574.41097920164,0,0,0,0,0,0
17671.0032406,886.8,-0.0100226597860456,0.0258754998445511,0,-54.7026525850743,-18.5683542906383,1828.74322692297,79.7625659390366,-18.0625333751674,1811.06295483336,238.819859127636,159.372632077012,1575.72761145963,-170.668195920078,190.913607553581,1574.48487249852,0,0,0,0,0,0
17671.0138477,889.8,-0.00985369272530079,0.0254814088344574,0,-54.2597581983447,-19.4752402754632,1828.65579134046,80.2726172527288,-18.6674859361429,1811.04300055207,238.971048401187,158.884172482237,1576.00124883427,-170.501168445745,190.465613398709,1574.57718931551,0,0,0,0,0,0
17671.0356466,892.8,-0.0102056749165058,0.0260583445429802,0,-54.1862361099391,-19.6322910851507,1828.60805139829,80.344144594105,-18.7890985529552,1811.05260657043,239.01997052437,158.802669716073,1576.05368892206,-170.460092654863,190.403107556792,1574.57769230701,-0.0579000003635883,0.448300004005432,0.892000019550323,-0.219999998807907,993.950012207031,2458.9599609375
17671.0461862,895.8,-0.0105625353753567,0.0261982291936874,0,-53.8310695463394,-20.5068786811879,1828.38195166224,80.6764165398227,-19.4846991080684,1811.08762212946,239.26096780045,158.431157499107,1576.28403949962,-170.298607015315,190.030213727474,1574.61140999298,0,0,0,0,0,0
17671.0567786,898.8,-0.0107947383075953,0.0270817935466766,0,-53.4972977788008,-21.5000120989566,1828.14160538321,80.8545630942735,-20.1237148744345,1810.86958540648,239.466306102825,157.961376844631,1576.55913831246,-170.11255155405,189.436513548572,1574.65298170513,0,0,0,0,0,0
17671.0673566,901.8,-0.0104339150711894,0.0270600751042366,0,-53.2877449029175,-22.1512707954597,1828.01194747481,81.1397157825634,-20.4475020424732,1810.76275908668,239.593426897831,157.570547666217,1576.75252931466,-169.959037998013,189.121620476574,1574.61840014173,-0.0850000008940697,0.403899997472763,0.910799980163574,66.8600006103516,921.559997558594,2397.3798828125
17671.0778534,904.8,-0.00934523902833462,0.0265153557062149,0,-53.1850194977649,-22.5314072962763,1827.93764037606,81.24907104033,-20.4937584967749,1810.72417580309,239.63915253316,157.357609178689,1576.82597420019,-169.891031759994,188.962439018306,1574.60933041252,0,0,0,0,0,0
17671.0883887,907.8,-0.0106033319607377,0.0274307638406754,0,-52.9414293906703,-23.0824352799036,1827.72902611905,81.4794391169378,-20.9202518671881,1810.69918482676,239.744528154705,157.031302087568,1576.96922589847,-169.798699938603,188.712179717591,1574.57234548314,0,0,0,0,0,0
17671.0989519,910.8,-0.0113073429092765,0.0272399544715881,0,-52.73002572046,-23.5454661846412,1827.70872975014,81.7333342613346,-21.3338204469177,1810.67448109479,239.823293096256,156.72208017477,1577.03798734882,-169.647181083107,188.466113572256,1574.49930410614,0,0,0,0,0,0
17671.1095565,913.8,-0.0122605105862021,0.0271917566657066,0,-52.4106698317837,-24.0666720752406,1827.59315904166,81.8667505283753,-21.2788017843869,1810.63528849454,239.920466773623,156.459888418906,1577.09332090176,-169.540344648441,188.25353898026,1574.45528460995,0,0,0,0,0,0
17671.123857,916.8,-0.0113977966830134,0.0293324872851372,0,-52.0644023617328,-25.065986413446,1827.46502033374,82.3546787057238,-22.0264162100345,1810.48965752248,240.100945195539,155.87155953278,1577.22269499181,-169.37701445953,187.778541810883,1574.40311486993,0,0,0,0,0,0
17671.1344373,919.8,-0.0114150606095791,0.0299137890338898,0,-51.6686701022101,-25.6388443743946,1827.38641672871,82.5186189695986,-22.050050849613,1810.49791057627,240.203826668072,155.488732607746,1577.30539072377,-169.281689796506,187.487281637421,1574.3808914182,0,0,0,0,0,0
17671.1488957,922.8,-0.0111055877059698,0.0299473091959953,0,-51.5670874458514,-25.8335563843149,1827.33400612803,82.475058415377,-21.6832079610706,1810.45880045138,240.220651033441,155.333899166599,1577.32793298059,-169.233053715171,187.398554786121,1574.3745861986,0.0786999985575676,0.0820000022649765,0.993499994277954,0,0,0
17671.1602198,925.8,-0.0115340519696474,0.030794008076191,0,-51.0024655781515,-26.6437670721728,1827.23854029003,83.0272790567589,-22.1406912386068,1810.54409063039,240.40296099466,154.659474652085,1577.45003024306,-169.08229228677,187.001605727178,1574.34424998541,0,0,0,0,0,0
17671.1707692,928.8,-0.0116140972822905,0.0319190606474876,0,-50.5325718020517,-27.4839150489858,1827.20074909524,83.5022350188248,-22.2985677372879,1810.53191493567,240.585444265105,154.177010671858,1577.51229370057,-168.864146285066,186.652115786966,1574.29724490306,0,0,0,0,0,0
17671.1813174,931.8,-0.0124844945967197,0.0312596917152405,0,-50.4253662461403,-27.6474269469995,1827.18682645447,83.6103640231326,-22.3779214378357,1810.52796513812,240.595937206487,154.081834090933,1577.52392836798,-168.800997710612,186.578706763316,1574.26662874025,0,0,0,0,0,0
17671.2051803,934.8,-0.0121487742289901,0.0309337139129639,0,-50.370220764923,-27.8154654571899,1827.22530166265,83.6986974624554,-22.4005191478901,1810.51787564327,240.59699066047,154.001634171375,1577.53793682269,-168.820316338881,186.454400730425,1574.29616042239,-0.0181000009179115,0.559099972248077,0.82889997959137,0,0,0
17671.2158461,937.8,-0.0122515242546797,0.0324507340788841,0,-49.6750006136759,-28.6246354922474,1827.12236991084,84.2898990425884,-22.7300487331872,1810.54098500317,240.660528425367,153.41769213722,1577.62948954581,-168.799254884088,185.910365988191,1574.35377153626,0,0,0,0,0,0
17671.2264125,940.8,-0.0126317758113146,0.0331922754645348,0,-48.4258987332171,-30.0471370251794,1827.2308581079,85.4874649481877,-23.3618035941587,1810.69596617404,240.812270154316,152.239171136748,1577.81932791904,-168.632573737587,184.942051621215,1574.389563713,0,0,0,0,0,0
17671.2391536,943.8,-0.0126728834584355,0.0335804209113121,0,-48.3412593986618,-30.188463161632,1827.26962924308,85.6062583341324,-23.4157170215337,1810.72918528607,240.812416323386,152.119619423049,1577.83669227093,-168.67924255552,184.813608311154,1574.42275138855,-0.067500002682209,0.467400014400482,0.881500005722046,0,0,0
17671.2498852,946.8,-0.0129789626225829,0.0342067614197731,0,-47.3951518052416,-31.202761101804,1827.45175873698,86.3559414765518,-23.6859391537436,1810.86473580774,240.910002504284,151.341812883527,1578.02126498244,-168.617809409516,184.1124650097,1574.52376049989,-0.0555999986827374,0.476900011301041,0.87720000743866,168.75,937.330017089844,2105.19995117188
17671.2604682,949.8,-0.0130904223769903,0.0350287765264511,0,-46.768719718051,-31.7214185535265,1827.60215714776,86.9180148768797,-23.8634165447766,1811.04167300011,240.914005102053,150.693251768099,1578.14618158812,-168.590170859935,183.613617502257,1574.59959524797,0,0,0,0,0,0
17671.2710294,952.8,-0.0124068344011903,0.0339349418878555,0,-46.5951065964243,-31.896586998095,1827.64519574245,87.0773763217917,-23.9287173739371,1811.07808603623,240.87560498208,150.577902144452,1578.15790305243,-168.505157944485,183.537326184736,1574.59208662146,0,0,0,0,0,0
17671.3012234,955.8,-0.0139002008363605,0.036993271112442,0,-46.4143927390011,-32.0732245903845,1827.69469533733,87.218554366507,-23.997222619257,1811.11610567613,240.850014379426,150.46590985711,1578.18473445628,-168.455962001074,183.438308000579,1574.58069396158,-0.0807999968528748,0.46849998831749,0.879800021648407,0,0,0
17671.3118151,958.8,-0.0131493238732219,0.0374268501996994,0,-45.4029221157664,-33.414914680709,1828.04078932803,88.338055973804,-24.5125569767901,1811.44618752109,240.949978553841,149.621162071996,1578.39000161098,-168.415710411806,182.271944567908,1574.70835380134,0,0,0,0,0,0
17671.322385,961.8,-0.0137240430340171,0.0359966441988945,0,-44.4244366594291,-34.4485359614455,1828.12399753469,89.2129522766105,-24.8280149463441,1811.66701446211,240.973357025002,148.824766015508,1578.58491307021,-168.519678426782,181.394983836436,1574.87975281324,0,0,0,0,0,0
17671.3329074,964.8,-0.0128482049331069,0.0369088634848595,0,-43.9399420480817,-34.9778756197049,1828.23622330562,89.6244764067252,-25.0030424056855,1811.7405128471,240.97906811692,148.491233654942,1578.63653489277,-171.10505878061,180.737683931076,1576.15235322068,0,0,0,0,0,0
17671.3436871,967.8,-0.0134562682360411,0.0369251132011414,0,-43.109713825283,-36.0244811722709,1828.37576595749,90.4090173367894,-25.2956228704704,1811.81500324349,240.977266136633,147.986366211915,1578.70917792847,-171.103726387054,179.91059790342,1576.21821000124,0,0,0,0,0,0
17671.3542308,970.8,-0.0134197827428579,0.0373550787568092,0,-42.502655614275,-36.5854502471283,1828.33547302648,90.885807233092,-25.4556406498655,1811.78927259873,240.936099816696,147.794564271751,1578.72365221146,-171.080847919442,179.477574602626,1576.2079093545,0,0,0,0,0,0
17671.3649581,973.8,-0.0133780473843217,0.037491737306118,0,-42.0230830448612,-37.0480729106156,1828.32758904601,91.3643989879567,-25.7272424261088,1811.78065657414,240.90123554893,147.57383628562,1578.7211316108,-171.108132738587,179.079692306447,1576.21899367178,0,0,0,0,0,0
17671.3755819,976.8,-0.0130212837830186,0.037125138938427,0,-41.5942813366179,-37.5652605100234,1828.30703451719,91.7777545858795,-25.9116309106542,1811.68536567241,240.857836043891,147.361813960653,1578.73118448279,-171.148977706672,178.625576014251,1576.15706452551,0,0,0,0,0,0
17671.3871131,979.8,-0.0141968913376331,0.0402069486677647,0,-41.4216390089218,-37.7663597733674,1828.31534837729,91.887732005029,-25.9567170008469,1811.64132232664,240.851225826795,147.285699505121,1578.74036957456,-171.182523826755,178.489765126023,1576.17535824235,0.0945999994874001,0.356200009584427,0.92960000038147,270.149993896484,676.330017089844,2101.6201171875
17671.3976969,982.8,-0.0132083632051945,0.0398152492940426,0,-40.726458492441,-38.6182503136054,1828.27145361207,92.5445184736372,-26.1760692924504,1811.55255923061,240.811676301625,146.856092607957,1578.78798466936,-171.224459108537,177.81059887993,1576.19326812022,0,0,0,0,0,0
17671.4082853,985.8,-0.012248681858182,0.0411104246973991,0,-40.3423591917226,-39.1306109933175,1828.24089216625,93.0241007902663,-26.3476124926877,1811.56473011961,240.760936017222,146.594689882553,1578.79203569965,-171.403595275276,177.387196778674,1576.19223100703,0,0,0,0,0,0
17671.4199258,988.8,-0.0127472830936313,0.039358189702034,0,-39.8063869719506,-39.675618015677,1828.2062288389,93.3856335771758,-26.4615690778598,1811.54485017795,240.712003984442,146.355138219281,1578.7924318477,-171.475042356013,177.024438536541,1576.15921195903,0,0,0,0,0,0
17671.4359275,991.8,-0.0134507715702057,0.0392269738018513,0,-39.6914614137575,-39.8242716995107,1828.20119144914,93.5319534902806,-26.5426596889358,1811.55536074643,240.702050484292,146.287237433858,1578.8004941044,-171.505848364389,176.907279637141,1576.15244408358,0.0705000013113022,0.410800009965897,0.908999979496002,267.850006103516,800.409973144531,2044.76000976562
17671.4465124,994.8,-0.0138283669948578,0.0388743750751019,0,-39.0355332294818,-40.6347300915806,1828.17412892371,94.1313469614751,-26.7386722015838,1811.4787032604,240.606610069067,145.960465558124,1578.80636229116,-171.479008552593,176.250661694622,1576.08827697183,0,0,0,0,0,0
17671.4574402,997.8,-0.0127577725797892,0.0415965229272842,0,-38.1875190007289,-41.5466956244928,1828.12268368451,94.9247932377499,-27.0182226712885,1811.31774475641,240.403540600806,145.575277668324,1578.81004569267,-171.766491439371,175.386009451025,1576.07584741882,0,0,0,0,0,0
17671.4680159,1000.8,-0.0124994749203324,0.042028634250164,0,-37.5708307158691,-42.1352669756955,1828.14862834174,95.3806872318637,-27.2035922422403,1811.21067152675,240.298644609443,145.310850899513,1578.82503652326,-171.877268675693,174.861984363349,1576.05306930287,-0.0520000010728836,0.443199992179871,0.894900023937225,119.800003051758,913.780029296875,1975.69995117188
17671.4786337,1003.8,-0.0120566543191671,0.0432913735508919,0,-37.321661165579,-42.3805052999253,1828.14104416394,95.6065592099101,-27.2801922938064,1811.1733178906,240.218405932761,145.173304708883,1578.81295120049,-171.949738401874,174.570505377761,1576.07765234648,0,0,0,0,0,0
17671.4893851,1006.8,-0.012080960907042,0.0435598067939282,0,-36.9741751972811,-42.8357694884122,1828.19197056321,95.8536371636851,-27.3338125059082,1811.1579626508,240.126099162865,144.968515196523,1578.83816283536,-171.977551430826,174.119031575005,1576.00110146407,0,0,0,0,0,0
17671.4999325,1009.8,-0.012226777151227,0.0443033486604691,0,-36.7032648296349,-43.2775154357373,1828.25046668585,96.1758745106636,-27.3875598191256,1811.17135753928,240.036545836113,144.800848701698,1578.86916110068,-172.131603036802,173.701854594913,1575.98953862569,0,0,0,0,0,0
17671.5111571,1012.8,-0.0102667501196265,0.0456638358533382,0,-36.1155442757778,-43.8365022206003,1828.30800198969,96.656107009803,-27.5062080038692,1811.20354865051,239.93301257801,144.591101829575,1578.93781685074,-172.288110242293,173.167609575196,1576.06390205358,-0.00999999977648258,0.448100000619888,0.893899977207184,192.080001831055,900.380004882812,1939.90002441406
17671.5216698,1015.8,-0.0115930810570717,0.0452778398990631,0,-35.5808231884283,-44.3242171246076,1828.41186114977,97.1035153397958,-27.6518679183791,1811.28896952514,239.836685627852,144.402122027302,1579.04949666944,-172.516518618547,172.566421826791,1576.02797725382,0,0,0,0,0,0
17671.5323043,1018.8,-0.0107496734708548,0.0460931122303009,0,-35.3618049892701,-44.4156558936824,1828.43234661944,97.1923234432448,-27.6849440710132,1811.32097768296,239.779946882813,144.368521983403,1579.07137640536,-172.553015258716,172.403128377078,1576.04862893436,0,0,0,0,0,0
17671.5438758,1021.8,-0.0115623390302062,0.0459230825304985,0,-35.2234439118444,-44.5255253888471,1828.46318703213,97.2734055829141,-27.6992506390672,1811.33275546252,239.753952684228,144.321155482994,1579.09874470719,-172.624359540274,172.278783387675,1576.05997532741,-0.00719999987632036,0.456000000238419,0.889999985694885,206.470001220703,858.880004882812,1935.81994628906
17671.554423,1024.8,-0.0103376964107156,0.0474304616451263,0,-34.8678441189261,-44.7092132003109,1828.47912318206,97.4433386867645,-27.7433239301685,1811.37023469114,239.778691051112,144.240573560005,1579.17533252084,-172.735811769198,171.947365586791,1576.13827102481,0,0,0,0,0,0
17671.5869638,1027.8,-0.0119292605668306,0.0458531253039837,0,-34.7862318484462,-44.8391162229788,1828.51845683683,97.5135694668256,-27.7457843366608,1811.37629853275,239.733303126226,144.174075220453,1579.20268731404,-172.802142340255,171.780571906278,1576.16853268154,0.0419000014662743,0.453599989414215,0.890200018882751,207.179992675781,846.52001953125,1929.81994628906
17671.5975998,1030.8,-0.0105540072545409,0.0492151215672493,0,-33.9580359756573,-45.792433543872,1828.85911304693,98.2983766292924,-27.944825080213,1811.60444297684,239.364765611633,143.768715796569,1579.49699980664,-173.104756393936,170.610121764676,1576.24997932668,0,0,0,0,0,0
17671.6082807,1033.8,-0.0107908742502332,0.0498017653822899,0,-33.6002332465713,-46.1866162731732,1829.08366205636,98.5813595175791,-27.9670310001668,1811.71564551762,239.139455869624,143.535508344699,1579.6978818037,-173.13133515868,169.996487076383,1576.2484673049,0.0535000003874302,0.349000006914139,0.935599982738495,207.380004882812,744.75,1923.76000976562
17671.6188503,1036.8,-0.0104285385459661,0.0506989009678364,0,-32.8650037120133,-46.6683529261414,1829.38251277936,98.9478291693008,-28.0032541246316,1811.93677851861,238.863659949327,143.299999703029,1579.96662653016,-173.451362087922,169.152265269547,1576.3915838243,0,0,0,0,0,0
17671.6294337,1039.8,-0.0111570581793785,0.0499075524508953,0,-32.558495589417,-47.193621421753,1829.78931093954,98.9262331791188,-27.7890311584498,1812.08311279523,238.660003819233,143.124803596833,1580.28000968177,-173.780950328017,168.34063919019,1576.52693361688,0,0,0,0,0,0
17671.6400843,1042.8,-0.00985344033688307,0.0513021782040596,0,-32.1990383496578,-47.4589200626415,1830.06980628477,99.1331442248407,-27.810517480529,1812.22172665304,238.58368589536,143.068208134785,1580.45847509933,-173.886636169681,167.900368297897,1576.5318129555,0,0,0,0,0,0
17671.6507184,1045.8,-0.00952472258359194,0.0523055218160152,0,-31.7229604817559,-47.9336598527866,1830.46920071558,100.020643566506,-28.0951710339249,1812.69406659538,238.357744486662,142.802375607201,1580.77512302556,-174.203854866734,167.048101575362,1576.65342873161,0,0,0,0,0,0
17671.663985,1048.8,-0.00947270542383194,0.0523964188992977,0,-31.5701718811087,-48.1795955098023,1830.68157370861,100.207054349002,-28.0617118519916,1812.86192103295,238.245842367722,142.666431854774,1580.94763326984,-174.299784898266,166.669551839783,1576.59955580496,0,0,0,0,0,0
17671.6746929,1051.8,-0.00940862204879522,0.0526866525411606,0,-31.3743405204056,-48.3896492323666,1830.86848234109,100.35996841595,-28.0424851850082,1813.01530777176,238.082739740438,142.523131572792,1581.08698262339,-174.497337267703,166.16271401111,1576.56682408752,0,0,0,0,0,0
17671.7024836,1054.8,-0.00943264178931713,0.0532874152064323,0,-31.2851068147665,-48.4595954547478,1830.95542085029,100.05629571841,-27.8025251742967,1812.95452369224,238.024252940361,142.47835262122,1581.12959082346,-174.464209143657,166.038169551551,1576.52103233549,-0.0804999992251396,0.436500012874603,0.896099984645844,0,0,0
17671.7130387,1057.8,-0.00894003547728062,0.0521857276558876,0,-30.9347223247301,-48.7208806727579,1831.2069645472,100.65072566177,-27.9179918525883,1813.3442660086,237.885446183305,142.260614869545,1581.33397696538,-174.635101973713,165.339034873577,1576.48390811383,0,0,0,0,0,0
17671.7237158,1060.8,-0.0107690980657935,0.05455252379179,0,-30.5601921903322,-49.0686992208401,1831.51753075242,100.637169308768,-27.5014455692752,1813.52985986653,237.689369658695,142.071913444736,1581.49921884049,-174.805927108247,164.611921580323,1576.27212194021,0,0,0,0,0,0
17671.7342763,1063.8,-0.00987991597503424,0.0547839462757111,0,-30.2285875843567,-49.3794301124972,1831.74994445263,100.804850771794,-27.2869976864957,1813.71406958953,237.595580458883,141.881547247833,1581.6242602154,-174.736411246475,163.968147453494,1575.98921281837,0,0,0,0,0,0
17671.7448474,1066.8,-0.0102839525789022,0.0556933306157589,0,-29.9215667891334,-49.6579695304773,1831.89462650594,100.902313134795,-27.0336927085384,1813.84388832498,237.504465382355,141.704882103917,1581.7256922286,-174.936312739829,163.335927335679,1575.83352727876,0,0,0,0,0,0
17671.7554179,1069.8,-0.0101588498800993,0.0558326080441475,0,-29.7891149044312,-49.8330593136762,1831.92831710127,101.017424798872,-26.9864779464052,1813.91425436019,237.450386711029,141.630560423324,1581.75815765945,-175.030074080015,163.028525620161,1575.7571538557,0,0,0,0,0,0
17671.7659577,1072.8,-0.0104305343702435,0.0561683125793934,0,-29.6483821487195,-50.0110827783911,1831.98650533408,101.127023978024,-26.9179715499852,1813.97440737967,237.395255718437,141.549906020234,1581.78860845447,-175.110095672471,162.716994785438,1575.68611225933,0,0,0,0,0,0
17671.7766167,1075.8,-0.0108227944001555,0.0561294876039028,0,-29.5214569327,-50.1637861579771,1832.00225188358,101.2693454258,-26.8625739109016,1814.04571589497,237.337403126691,141.457193412562,1581.8432411795,-175.22860091834,162.437014934404,1575.63275473587,0,0,0,0,0,0
17671.7871839,1078.8,-0.0107556115835905,0.056052515655756,0,-29.3879386140508,-50.3261003363364,1832.08717422756,101.373523133795,-26.7767459479246,1814.06574064463,237.271696344403,141.358643079906,1581.90455020325,-175.300389621974,162.201871206792,1575.58124255491,0,0,0,0,0,0
17671.7977088,1081.8,-0.0103542078286409,0.055374538898468,0,-29.2462188309959,-50.490015647902,1832.11969037299,101.499282546072,-26.6852649035791,1814.13599375769,237.225320818236,141.273424138609,1581.97598510504,-175.371203216083,161.970536680984,1575.58697180065,0,0,0,0,0,0
17671.8083175,1084.8,-0.0103191994130611,0.0540849328041077,0,-29.0690621581521,-50.6405845731074,1832.18142332156,101.645664404277,-26.6049473230994,1814.22025076268,237.178439513755,141.191596757742,1582.06263995399,-175.396751443608,161.732799804456,1575.60771424801,0,0,0,0,0,0
17671.8396219,1087.8,-0.0109616713598371,0.056652719527483,0,-29.0699587256784,-50.6898952091055,1832.18478369429,101.680785985096,-26.5622004518156,1814.21183411719,237.156342213151,141.160500785868,1582.08233779133,-175.41208231794,161.650084859685,1575.59513411541,-0.0674000009894371,0.529299974441528,0.84579998254776,0,0,0
17671.8504983,1090.8,-0.0100891077890992,0.0559562765061855,0,-28.7003819527211,-51.061957178592,1832.29565068401,102.013750014797,-26.3965014347377,1814.46600998821,236.9586965331,140.887034021401,1582.31576935575,-175.645086715505,160.933642201575,1575.6271558946,0,0,0,0,0,0
17671.8648265,1093.8,-0.0108081754297018,0.0548123143613339,0,-28.3243559845704,-51.462911713612,1832.50599959342,102.263656702311,-26.3192794449348,1814.66834625616,236.751275415561,140.714848356308,1582.48078343495,-175.07773907391,160.496214158528,1575.31271415148,0,0,0,0,0,0
17671.8754559,1096.8,-0.0105701219290495,0.0545013345777988,0,-28.2882744012031,-51.5058818015418,1832.53774840964,102.324071644748,-26.2981343219265,1814.67925553108,236.71747119898,140.696924807024,1582.50277863396,-175.122638430447,160.413859363226,1575.33185454461,0,0,0,0,0,0
17671.8871033,1099.8,-0.0111254490911961,0.054622894525528,0,-28.2107880137346,-51.5581377184904,1832.57067579485,102.342917292227,-26.2711200988827,1814.69383131986,236.67744953395,140.680192778025,1582.51857167642,-174.880437492121,160.414727961719,1575.21016688387,-0.0531000010669231,0.470999985933304,0.880500018596649,0,0,0
17671.8978074,1102.8,-0.0115740764886141,0.0534098133444786,0,-27.815561625239,-51.844053964327,1832.78808603161,102.6618330746,-26.1797764585599,1814.82394882951,236.382413353237,140.537842988362,1582.68440024021,-174.056913402748,159.980498800043,1574.79742204041,0,0,0,0,0,0
17671.9083435,1105.8,-0.0119935274124146,0.0527305513620377,0,-27.6932192038519,-51.9671139904762,1832.85914608128,102.86966710457,-26.1298419083275,1814.83973079835,236.312275181582,140.504452297496,1582.74836629351,-174.372436214839,159.714744110068,1574.90664342543,0,0,0,0,0,0
17671.9189252,1108.8,-0.0114913331344724,0.0548455812036991,0,-27.5067907938021,-52.077388403165,1832.94384056463,103.034158510246,-26.0943013582794,1814.81443470747,236.178005839551,140.463459018606,1582.79329935468,-174.413871686513,159.554319847888,1574.8262798061,0,0,0,0,0,0
17671.929584,1111.8,-0.0109431548044086,0.0536292664706707,0,-27.3608124676201,-52.2081853630244,1833.00982368635,103.175177044146,-26.0599901498742,1814.76175224035,236.090242393998,140.443169397406,1582.84315092235,-174.509024859289,159.392710264643,1574.8018234763,0,0,0,0,0,0
17671.9407337,1114.8,-0.0109864240512252,0.0536804296076298,0,-27.1115503845849,-52.333078308963,1833.08882182524,103.303280244242,-25.9895009864029,1814.68799046136,235.937739213732,140.407011030628,1582.87810464633,-174.724919916147,159.194529434977,1574.78948042239,0,0,0,0,0,0
17671.9555861,1117.8,-0.0116990767419338,0.0528354629874229,0,-27.0784357547726,-52.4019632552283,1833.12382203698,103.349685864283,-25.9719163081545,1814.65938483787,235.897860080422,140.391659525799,1582.89230606621,-174.780696016654,159.142782797579,1574.77547743962,0.240799993276596,-0.0744000002741814,0.967700004577637,382.739990234375,685.059997558594,1691.5400390625
17671.9662007,1120.8,-0.0116673493757844,0.0532073959708214,0,-26.743315078552,-52.5920334474598,1833.20823187755,103.391339183399,-25.8282602161084,1814.23987556318,235.666034732173,140.27988731107,1582.9236784302,-177.012247617222,158.507946170931,1575.61363816186,0,0,0,0,0,0
17671.9832558,1123.8,-0.011176479049027,0.052629029750824,0,-26.7008633214054,-52.619137671891,1833.21931030345,103.478557314948,-25.8851473570773,1814.23918958756,235.621519977079,140.270314172555,1582.9298474231,-177.059594188745,158.460634771131,1575.55541983527,0.237000003457069,-0.100500002503395,0.966300010681152,420.899993896484,760.409973144531,1651.07995605469
17671.994676,1126.8,-0.0113556953147054,0.0522834867238998,0,-26.3775458533255,-52.7897673813319,1833.2204413217,103.71938799157,-25.6348677030087,1814.00330620157,235.378818772668,140.201317723527,1582.94499524778,-177.223295672939,158.216623138054,1575.39613120292,0,0,0,0,0,0
17672.0065024,1129.8,-0.0114714177325368,0.0529597498476505,0,-26.3025243721125,-52.8339711613627,1833.23443076542,103.705549978402,-25.4888403444143,1813.90668469596,235.301925133779,140.177128872024,1582.94121886589,-177.308004909009,158.18941885911,1575.36594303982,0.260899990797043,-0.125300005078316,0.957199990749359,0,0,0
17672.0170923,1132.8,-0.0117132188752294,0.0527789987623692,0,-25.9316646412019,-53.0906244144377,1833.26597355018,103.900308844112,-25.3055552626113,1813.70837676194,235.073238012111,140.116721812138,1582.94335479811,-177.516370615413,158.046224073048,1575.23037507041,0,0,0,0,0,0
17672.0276504,1135.8,-0.011373789049685,0.0526872597634792,0,-25.7924792677201,-53.1692242889366,1833.26596028651,104.07981290129,-25.1939689594567,1813.62439017461,234.927510035758,140.085494573114,1582.93380082233,-177.245214472628,158.024270895452,1574.97434635158,0,0,0,0,0,0
17672.0383035,1138.8,-0.0102076400071383,0.0540023431181908,0,-25.5966432218292,-53.3054042388104,1833.26561967771,104.269525409327,-25.1839146927523,1813.57514975883,234.752814190122,140.058894518583,1582.91779631727,-177.341280322246,157.946613136649,1574.92425968728,0,0,0,0,0,0
17672.0489588,1141.8,-0.0112370327115059,0.0527919068932533,0,-25.2284211235603,-53.6875098765473,1833.32655356184,104.595365065974,-25.0574684059813,1813.46042050562,234.401706559385,139.993951453888,1582.93749889548,-176.245461228173,158.060202205776,1574.13540527371,0.212500005960464,0.0469999983906746,0.976000010967255,370.640014648438,60.560001373291,1824.86999511719
17672.05954,1144.8,-0.0111504718661308,0.0530150219798088,0,-24.9276324673842,-53.9775773233189,1833.34969984128,104.882245423331,-24.8939221622927,1813.42520659467,234.048305971872,139.898437136321,1582.98224913419,-176.572554719257,157.890202195389,1574.15251513112,0.167500004172325,-0.134800001978874,0.976599991321564,424.220001220703,490.839996337891,1708.9599609375
17672.0701202,1147.8,-0.0107975676655769,0.052504500746727,0,-24.7574683935508,-54.1628809063278,1833.36646923113,104.979650690948,-24.9276187318207,1813.34608356817,233.893573996896,139.823570631444,1583.03902127581,-176.376190007319,157.719965311906,1573.96094750932,0,0,0,0,0,0
17672.0806766,1150.8,-0.0110497139394283,0.0534523524343967,0,-24.7160850898862,-54.2103457664761,1833.36746937315,105.022687003463,-24.8612843699256,1813.36419035541,233.813035532987,139.807333380442,1583.04542572474,-176.422538635382,157.693793606016,1573.95622043781,0,0,0,0,0,0
17672.0994583,1153.8,-0.0107342088595033,0.0524408765137196,0,-24.6866065394916,-54.2449744718261,1833.38200789333,105.050751970617,-24.9135254918241,1813.34903031871,233.768162837712,139.798362346599,1583.06383891808,-176.460754304354,157.672417061679,1573.94576193435,0.172499999403954,-0.14360000193119,0.974500000476837,407.609985351562,437.880004882812,1739.21997070312
17672.110067,1156.8,-0.0106001142412424,0.0523143209517002,0,-24.4707511616003,-54.4882293490057,1833.43407232542,105.224919012426,-24.8684553014914,1813.34628248047,233.502936650254,139.749267216175,1583.12361719484,-176.610384797868,157.550319993076,1573.8781877759,0,0,0,0,0,0
17672.124099,1159.8,-0.0106905028223991,0.0535489454865456,0,-24.1817557292224,-54.8111331280001,1833.50749238012,105.481866094923,-24.7698738788146,1813.37486587927,233.191998473777,139.679130022258,1583.20510055842,-176.974989674532,157.321026379934,1573.9097564796,0,0,0,0,0,0
17672.1347573,1162.8,-0.00987471826374531,0.0520740807056427,0,-23.9568341198745,-55.1035850630644,1833.5622640655,105.725870433606,-24.6480079783429,1813.43551001435,232.913009154096,139.604593245245,1583.28972596676,-177.220308379317,157.226669220083,1573.86082352637,0,0,0,0,0,0
17672.1567156,1165.8,-0.0102634336799383,0.0518027007579804,0,-23.959779821761,-55.1494306002489,1833.57378152504,105.735272550153,-24.602286992371,1813.42776165453,232.882209843396,139.615604255486,1583.31302164026,-177.310118416993,157.199054279483,1573.88509953615,0.153099998831749,0.032600000500679,0.98769998550415,0,0,0
17672.1672543,1168.8,-0.00982009433209896,0.0516701251268387,0,-23.7211493477736,-55.7102875669705,1833.49005440779,105.881537242238,-24.6201363914958,1813.33485490059,232.388191140953,139.487387900212,1583.38954359728,-177.714885697485,157.058646159564,1573.72750565546,0.128199994564056,0.157800003886223,0.979099988937378,309.920013427734,387.079986572266,1738.52001953125
17672.1778753,1171.8,-0.00960292667150497,0.0515051394701004,0,-23.682466970251,-55.8464338000748,1833.45430454687,105.93242419134,-24.5952248592212,1813.35035583068,232.285607629453,139.459983768482,1583.40320124378,-177.811375349847,157.055617830441,1573.68618106018,0,0,0,0,0,0
17672.1884799,1174.8,-0.0107854884117842,0.0526029527187347,0,-23.6365494303958,-56.0111101998168,1833.41337751484,105.90924510921,-24.5716772862639,1813.26035802087,232.129266818673,139.434855861139,1583.42173673292,-177.962175724969,156.999961848457,1573.63023602832,0,0,0,0,0,0
17672.1992405,1177.8,-0.0101678436622024,0.0515891000628471,0,-23.6265509239421,-56.1701680969944,1833.37498671918,105.931101039326,-24.5987630122234,1813.26176178917,231.981432438791,139.417338055964,1583.42193951407,-178.156616857825,156.919308774399,1573.59078750528,0,0,0,0,0,0
17672.21971,1180.8,-0.00949328858405352,0.0519693739712238,0,-23.6082247250419,-56.2349873437505,1833.34952174702,105.951973024339,-24.5890868777569,1813.2533259393,231.919696065062,139.412591489888,1583.41913698636,-178.208323169563,156.917268528063,1573.56841833729,0.166299998760223,0.248699992895126,0.954200029373169,343.589996337891,550.109985351562,1664.90002441406
17672.2302885,1183.8,-0.010176575742662,0.0501753933727741,0,-23.5760935552899,-56.54336065468,1833.23063296337,105.907337162229,-24.7059119948691,1813.17677151147,231.637076432806,139.344521985272,1583.39703833611,-178.399321900465,156.894737321538,1573.37800995257,0,0,0,0,0,0
17672.2432024,1186.8,-0.00993507262319326,0.051443076133728,0,-23.6154597118145,-56.8441621258967,1833.13587407839,105.874361676582,-24.764458309004,1813.15060188427,231.286343360423,139.24419212553,1583.33493309579,-178.642212905181,156.882235060546,1573.16541062572,0,0,0,0,0,0
17672.253832,1189.8,-0.00999950431287289,0.0520014375448227,0,-23.7298834342117,-57.1096318912173,1832.95448395274,105.784944571519,-24.8624046242405,1813.1456913814,230.964935824521,139.150134997621,1583.26665608959,-178.987868887929,156.933027766892,1572.967946797,0,0,0,0,0,0
17672.2644042,1192.8,-0.00985831767320633,0.0516852386295795,0,-23.7799182143023,-57.2507902889319,1832.90548080008,105.699108716028,-24.8783697729641,1813.12872420399,230.830479875,139.094514384588,1583.22609699813,-179.175591037889,156.973635625788,1572.86099845454,0,0,0,0,0,0
17672.2749812,1195.8,-0.00981862936168909,0.0512107595801354,0,-23.8717202209608,-57.3904938199452,1832.86521390874,105.626806993786,-24.989343792051,1813.11355897722,230.696815314616,139.030976920478,1583.19833191249,-179.345733069711,157.015491562104,1572.78517479576,0,0,0,0,0,0
17672.2878926,1198.8,-0.0099150100722909,0.0512825459241867,0,-23.9374131375695,-57.4206422469169,1832.85597373251,105.600335169336,-24.9998120936288,1813.11005617185,230.653285259135,139.009055583587,1583.18854061341,-179.402054679481,157.001228695794,1572.76957967679,0.218799993395805,0.12890000641346,0.967199981212616,397.100006103516,395.5,1633.90002441406
17672.2984736,1201.8,-0.0102311950176954,0.0510900154709816,0,-24.1178011576801,-57.6525365385625,1832.76461318563,105.466412447192,-25.1290911668788,1813.13046507798,230.383117384711,138.873475677328,1583.16169460126,-179.697844114869,157.096438855288,1572.63928357525,0,0,0,0,0,0
17672.3091062,1204.8,-0.00956349819898605,0.0510720446705818,0,-24.2565184003186,-57.8233753290893,1832.75202574967,105.346353325321,-25.2083413876901,1813.10382027524,230.273717121849,138.796119468724,1583.16128246332,-179.863547519258,157.094387859179,1572.60820372356,0,0,0,0,0,0
17672.3197672,1207.8,-0.00892995856702328,0.0501726813614368,0,-24.3935937777885,-57.9688834384039,1832.68708249855,105.165015364786,-25.3513414913368,1813.02514084343,230.113608898437,138.715110538613,1583.13651807691,-180.009649821494,157.086019262366,1572.57416818211,0,0,0,0,0,0
17672.3302998,1210.8,-0.00991654302924871,0.051237827539444,0,-23.6989469605063,-58.076548032327,1832.35637827486,104.923141868697,-25.5600376830659,1812.86426478457,229.972385289232,138.627728610811,1583.12162194642,-180.134162000168,157.13692936793,1572.51098918934,0,0,0,0,0,0
17672.3409181,1213.8,-0.00991318002343178,0.0511454440653324,0,-24.6797040454429,-58.2240183424199,1832.55114058371,104.828419789207,-25.6606238101449,1812.82072185567,229.777945167878,138.510839543517,1583.1094804729,-180.352715197337,157.168687394577,1572.51217234597,0,0,0,0,0,0
17672.3517983,1216.8,-0.00956364348530769,0.0517597258090973,0,-24.7262736534242,-58.2747191940101,1832.55013590977,104.755413805365,-25.7337147470267,1812.77675413165,229.709892021131,138.471459373211,1583.11042601842,-180.38936045729,157.200287139222,1572.48909510238,0.19709999859333,0.142299994826317,0.970000028610229,396.309997558594,426.75,1577.81005859375
17672.3623231,1219.8,-0.0100260619074106,0.0509758427739143,0,-24.9544838514041,-58.4544815118619,1832.47365966574,104.53555602097,-25.9178694780778,1812.66636836342,229.465350638042,138.301028347399,1583.11480422313,-180.688171448475,157.283752927979,1572.47006650249,0,0,0,0,0,0
17672.3729964,1222.8,-0.0102628488093615,0.0512092880904675,0,-25.2089742055515,-58.6261018271244,1832.37234173795,104.333150568794,-26.1257492326021,1812.63426935099,229.24257388741,138.142157454739,1583.15730781874,-180.842642810841,157.435913344537,1572.37279902737,0,0,0,0,0,0
17672.3835683,1225.8,-0.00987295713275671,0.0503696672618389,0,-25.2792200684406,-58.6612517576526,1832.35065901677,104.202408932239,-26.2276902075637,1812.51653110585,229.194948840627,138.106201348315,1583.16954488134,-180.890141371541,157.465706442098,1572.36502321061,0,0,0,0,0,0
17672.3941502,1228.8,-0.0100388480350375,0.0508706666529179,0,-25.3931777695868,-58.7276359830661,1832.3375534253,104.179055621743,-26.286033670968,1812.52467730201,229.141762341546,138.069865055471,1583.17296447236,-180.929559428405,157.499362317592,1572.34422869337,0.220500007271767,0.128000006079674,0.967000007629395,0,0,0
17672.4047231,1231.8,-0.0095362076535821,0.0506868273019791,0,-25.9916536354572,-58.9648588590127,1832.16330646449,103.594536007959,-26.7846911703404,1812.40349224159,228.744200997798,137.813846967734,1583.22624843529,-181.188418226185,157.652997024584,1572.24918245869,0,0,0,0,0,0
17672.4152512,1234.8,-0.00859782565385103,0.0519877135753632,0,-26.2489886559065,-59.0524115504919,1832.10562695503,103.399680780799,-26.8757177498849,1812.3963839191,228.60978464029,137.715139629453,1583.25490861262,-181.297205510811,157.733208572594,1572.22864987822,0,0,0,0,0,0
17672.4257654,1237.8,-0.00964640360325575,0.0504413120448589,0,-26.4328202841477,-59.1223388336354,1832.06210063905,103.218490257387,-26.9867981184971,1812.41665639487,228.479283620687,137.670558548741,1583.25430770783,-181.435371185038,157.819536501184,1572.21335491057,0,0,0,0,0,0
17672.4362889,1240.8,-0.00985255185514688,0.0500869698822498,0,-26.5915239940178,-59.1981439481769,1832.00555288986,103.027563903599,-27.0264364354948,1812.40808978411,228.34184983036,137.619336408402,1583.25382370654,-181.638406844316,157.833934063672,1572.28808235644,0,0,0,0,0,0
17672.4468699,1243.8,-0.00940131209790707,0.0508629404008389,0,-26.8625718244583,-59.3193674139421,1831.9304127027,102.842975595665,-27.1863578161166,1812.41930442807,228.163716502934,137.540971163719,1583.23601961746,-181.784380947913,157.980322523436,1572.28460407635,0.199100002646446,0.262100011110306,0.9442999958992,352.040008544922,512.280029296875,1482.18005371094
17672.4574583,1246.8,-0.0099931787699461,0.0502124302089214,0,-27.053326662923,-59.3949333835334,1831.82351342394,102.608842928201,-27.1943965402604,1812.33444149536,228.049581682203,137.51249996149,1583.23485169864,-181.906182227863,158.062808423719,1572.28050828955,0.181600004434586,0.358399987220764,0.915700018405914,319.059997558594,607.049987792969,1456.44995117188
17672.4680728,1249.8,-0.00972827523946762,0.0498980082571507,0,-27.2730885483822,-59.4540123528462,1831.75001201741,102.40792974276,-27.2895859183496,1812.26038498498,227.916311965131,137.475171880445,1583.21969179432,-182.049771254067,158.127121084506,1572.28007313154,0.144899994134903,0.369300007820129,0.917900025844574,310.369995117188,599.77001953125,1457.38000488281
17672.4786405,1252.8,-0.00972441025078297,0.0504164457321167,0,-27.4306147591283,-59.491139333998,1831.71068094296,102.160386108685,-27.2618359280876,1812.13578701005,227.799142819919,137.455138542228,1583.18829063601,-182.119944793669,158.218233793416,1572.24710675017,0,0,0,0,0,0
17672.4927418,1255.8,-0.00982344523072243,0.0499144703149796,0,-27.4824758237382,-59.5134455158929,1831.7077336515,102.14530125333,-27.3770130998899,1812.13828098823,227.763749487452,137.452701731945,1583.18293130988,-182.167863467287,158.23483532329,1572.25067852807,0.18860000371933,0.162300005555153,0.968500018119812,332.040008544922,464.489990234375,1487.81994628906
17672.5033181,1258.8,-0.00956739764660597,0.0502242133021355,0,-27.7954386747135,-59.5597514836795,1831.57866959083,101.693672275469,-27.3200012599208,1811.9836337615,227.484503226564,137.440359363379,1583.10090972172,-182.420208112441,158.333996624656,1572.21943318098,0,0,0,0,0,0
17672.5141082,1261.8,-0.00890132132917643,0.0497008323669434,0,-27.9705384184722,-59.5718125836408,1831.49933786614,101.47103532633,-27.5011318876715,1811.84910500084,227.265463827401,137.402435646751,1583.03239195867,-182.65473619929,158.37465492018,1572.21250878413,0,0,0,0,0,0
17672.5249152,1264.8,-0.00795441027730703,0.049527632445097,0,-28.1491673721639,-59.5769481303457,1831.42458599152,101.224669397812,-27.5684000240706,1811.70935255105,227.076635820432,137.384780536439,1582.95846423357,-182.818148640112,158.446487783224,1572.20299040925,0,0,0,0,0,0
17672.5355408,1267.8,-0.00928015075623989,0.0499947726726532,0,-28.4631680512298,-59.6053857851881,1831.27641392989,100.886727735941,-27.7024669879265,1811.53640200086,226.742472253722,137.366624591444,1582.86038883447,-183.165739873248,158.51823347953,1572.15315785519,0,0,0,0,0,0
17672.546147,1270.8,-0.00868561863899231,0.050673121958971,0,-28.6073493139223,-59.629791050668,1831.22814400831,100.780450773727,-27.7422242248744,1811.52313394011,226.542714193639,137.373974208604,1582.80908605244,-183.38332485403,158.548365090267,1572.15197869958,0,0,0,0,0,0
17672.5567231,1273.8,-0.00950352009385824,0.0500813372433186,0,-28.7706171093714,-59.6586339643596,1831.17324045695,100.67894521798,-27.7059361747609,1811.48576991035,226.326015604858,137.417236929128,1582.7568769347,-183.569190415315,158.598646197093,1572.1274598275,0,0,0,0,0,0
17672.5675342,1276.8,-0.00913774408400059,0.0494239240884781,0,-28.9847468415315,-59.6657852845752,1831.13386093756,100.567447153025,-27.7207412684997,1811.45015819789,226.117811031673,137.464334223659,1582.69134884829,-183.838635306742,158.647436588549,1572.11753941894,0.192300006747246,0.293000012636185,0.936600029468536,366.029998779297,533.5,1414.33996582031
17672.5780482,1279.8,-0.00943702645599842,0.050430016964674,0,-29.0678967443511,-59.654919201745,1831.11425975843,100.496662421675,-27.7115284526226,1811.43406337692,225.975533082668,137.471495111947,1582.6572087033,-184.024590840651,158.640014394687,1572.12844618517,0,0,0,0,0,0
17672.5886141,1282.8,-0.010400059632957,0.0517906419932842,0,-29.2302563268177,-59.6557652188124,1831.0966020486,100.386903527157,-27.6977488681588,1811.40902600032,225.760920777843,137.526838095415,1582.59308811124,-184.198800835979,158.698068826172,1572.09136493913,0,0,0,0,0,0
17672.6177143,1285.8,-0.00839552469551563,0.0485396035015583,0,-29.2611934584965,-59.6633680524831,1831.08353591897,100.340656876598,-27.6494648260604,1811.39405324116,225.684871135957,137.539940345966,1582.56975733343,-184.252109520577,158.73158066615,1572.06127404108,0.267399996519089,0.173899993300438,0.947799980640411,396.230010986328,370.059997558594,1442.36999511719
17672.6282465,1288.8,-0.0086361663416028,0.0505779780447483,0,-29.4718795658254,-59.6257251193053,1831.06635222914,100.211522253651,-27.5977763050623,1811.37086297392,225.331103164457,137.66192896514,1582.46603897204,-184.631504086189,158.774872709272,1572.06351403124,0,0,0,0,0,0
17672.6388461,1291.8,-0.00858862791210413,0.0503704681992531,0,-29.7327122307814,-59.5880220971304,1831.04545898443,99.9646666185239,-27.4941371460694,1811.34122167594,224.90551847911,137.833818727923,1582.39128524129,-185.057780245104,158.843205508796,1572.04969915124,0,0,0,0,0,0
17672.650036,1294.8,-0.00848004408180714,0.0500086084008217,0,-29.9616906317578,-59.556870184023,1831.03091763161,99.7715766184712,-27.394088589128,1811.35166552284,224.617072107283,137.936867417535,1582.35280020246,-185.289595649394,158.941919309565,1571.97847395575,0.288500010967255,0.184300005435944,0.939599990844727,453.640014648438,396.760009765625,1376.22998046875
17672.6641422,1297.8,-0.00707126781344414,0.0502508081495762,0,-30.2292579056496,-59.4832133988654,1831.0111133699,99.4381349188839,-27.1841138681051,1811.30080875649,224.267748615121,138.06158509348,1582.32690855178,-185.718371880386,158.938700834459,1572.02207431069,0,0,0,0,0,0
17672.6746781,1300.8,-0.00722631067037582,0.0509696662425995,0,-30.5295256088605,-59.4341260538322,1831.04402272143,99.0299086167264,-26.9899748996058,1811.24921779543,223.849364550214,138.198262601842,1582.31673871563,-186.110043462203,159.037331068819,1572.0497891601,0,0,0,0,0,0
17672.6883614,1303.8,-0.00718752853572369,0.0507447443902493,0,-30.6106125667783,-59.398544702752,1831.05465654921,99.1010603441872,-27.0582422998333,1811.36487414678,223.762300195077,138.223310977839,1582.31698122636,-186.199301647183,159.025604738299,1572.05592824399,0.287999987602234,0.227799996733665,0.930199980735779,465.25,455.739990234375,1306.96997070312
17672.6992374,1306.8,-0.00632848218083382,0.0492248669266701,0,-30.7649924488751,-59.378625219599,1831.08757180949,98.850938079166,-26.9434054071281,1811.27553358579,223.55191025776,138.28062533394,1582.34703074919,-186.413005381764,159.023979431564,1572.05559583427,0.270099997520447,0.243900001049042,0.931400001049042,438.820007324219,485.980010986328,1296.57995605469
17672.7098742,1309.8,-0.0065057803876698,0.0509140253067017,0,-31.0522656746959,-59.3463448165135,1831.16645056385,98.4884662510086,-26.8211751205864,1811.19482490867,223.164927635922,138.394585260198,1582.42996959873,-186.883801554629,158.94372399971,1572.12377150733,0,0,0,0,0,0
17672.7231465,1312.8,-0.00589856505393982,0.0508703537285328,0,-31.4132025350095,-59.2290770138104,1831.22185203867,98.2206011299055,-26.7455096091541,1811.29627751865,222.708841277196,138.592010462294,1582.53546091571,-187.460798524024,158.81677191087,1572.21358237857,0,0,0,0,0,0
17672.7459641,1315.8,-0.00556861655786633,0.0516380652785301,0,-31.4847296515077,-59.237016425882,1831.23672754542,98.1774926175021,-26.6282311898199,1811.31283233133,222.640471581391,138.619325630246,1582.55318128961,-187.517817018988,158.793989406102,1572.19522332887,0.245900005102158,0.333999991416931,0.909900009632111,454.040008544922,578.849975585938,1217.85998535156
17672.7567651,1318.8,-0.00584519887343049,0.0508291818201542,0,-31.5708361881581,-59.2184318425147,1831.25965476395,98.0420103665475,-26.6549967521473,1811.30475900958,222.481169071322,138.688861151271,1582.57418892069,-187.66294840857,158.762727372403,1572.20612946963,0,0,0,0,0,0
17672.7702132,1321.8,-0.00513845682144165,0.0514912180602551,0,-31.6178299885106,-59.221952288794,1831.27255099088,97.9594287575955,-26.6109517268239,1811.28072140129,222.368142402104,138.718710938018,1582.58436900423,-187.735844819711,158.734985682138,1572.21208378845,0.345099985599518,-0.0417999997735023,0.937600016593933,0,0,0
17672.7808044,1324.8,-0.00511120539158583,0.0507433511316776,0,-32.3290558242043,-59.1190456752853,1831.40013424517,97.2823490250458,-26.3480025368932,1811.46932162952,221.509770578026,139.08798132714,1582.75553830039,-188.58156951357,158.553399324395,1572.2694443367,0,0,0,0,0,0
17672.8060442,1327.8,-0.00498964171856642,0.0514787197113037,0,-32.393225590421,-59.1239579638092,1831.4083864569,97.1801336524741,-26.3442156043554,1811.47272784733,221.445994211491,139.111127906368,1582.78556609535,-188.708704398321,158.511358976145,1572.29880630802,0.417199999094009,0.00860000029206276,0.908800005912781,0,0,0
17672.8166997,1330.8,-0.00346411648206413,0.0528418704867363,0,-33.146589367783,-59.0431328713684,1831.49729909839,96.0748481378898,-26.2223004761279,1811.56679114027,220.640207791443,139.296837264695,1582.9646299244,-189.408343349297,158.526158988962,1572.22860955514,0,0,0,0,0,0
17672.8272923,1333.8,-0.00460284575819969,0.0517737999558449,0,-33.3671921881851,-59.052852125818,1831.49933943414,95.8125511368982,-26.1526605049578,1811.57367533439,220.460001207299,139.284706988748,1583.03682081368,-189.585160988011,158.534033855685,1572.17933864811,0,0,0,0,0,0
17672.8396321,1336.8,-0.00506748631596565,0.0513195753097534,0,-33.4755129339401,-59.0475986077479,1831.46506595077,95.7326820820868,-26.1947170196414,1811.59811236649,220.393356522457,139.291061371519,1583.05139383759,-189.671401876436,158.527638096559,1572.18446730565,0.348199993371964,0.161400005221367,0.923399984836578,0,0,0
17672.8502134,1339.8,-0.00481828302145004,0.0514860510826111,0,-34.1297294305165,-59.0122824376691,1831.35895761231,95.0925366746091,-26.0843726354054,1811.51519615719,219.907756837602,139.266582006238,1583.15968270003,-190.137696033738,158.687322227455,1572.08724943872,0,0,0,0,0,0
17672.8607621,1342.8,-0.00484463479369879,0.0516447633504868,0,-34.2183294717088,-59.0092344154883,1831.3265671606,94.9860499586909,-26.1068671037546,1811.48547261711,219.840484072103,139.259028261344,1583.17043630563,-190.181101027545,158.709796401194,1572.06054923625,0,0,0,0,0,0
17672.8873499,1345.8,-0.00494060851633549,0.0521081410348415,0,-34.3134344187614,-58.9843710382466,1831.29109991558,94.9206671497415,-26.1718355045369,1811.50052962868,219.780856965842,139.241793258489,1583.18106088129,-190.205133730383,158.746237231055,1572.02096985103,0.36149999499321,0.149800002574921,0.920300006866455,0,0,0
17672.8979911,1348.8,-0.00455916719511151,0.0523530751466751,0,-35.3332922116601,-58.9030691559523,1831.01831191572,93.9170785224391,-26.4196439488254,1811.4007860868,219.055465471328,139.093357868898,1583.27999223907,-190.744716793177,159.162917133782,1571.77415039616,0,0,0,0,0,0
17672.9086195,1351.8,-0.00455793924629688,0.0521425738930702,0,-35.5788253126221,-58.8873335609004,1830.96004764885,93.7007612242565,-26.4345093954138,1811.3928783534,218.939692860989,139.085481997394,1583.29763931228,-190.980913209581,159.279705198677,1571.75955642865,0,0,0,0,0,0
17672.9210256,1354.8,-0.00390797154977918,0.0513032510876656,0,-35.6946852709281,-58.8795295357949,1830.9364758219,93.6257129655155,-26.4483868230205,1811.39905488413,218.892812352221,139.077720240113,1583.29981597733,-190.99912893585,159.340542089274,1571.7244585158,0.374300003051758,0.133100003004074,0.917699992656708,0,0,0
17672.9316735,1357.8,-0.00365142966620624,0.0522284306585789,0,-36.3890825420253,-58.8177881058925,1830.80292830468,93.0816664062374,-26.3739815422925,1811.42606864721,218.514444512671,139.019834114656,1583.34659028728,-191.462298510674,159.626481084998,1571.66708071686,0,0,0,0,0,0
17672.9421768,1360.8,-0.00328952679410577,0.0526755400002003,0,-36.6552147282253,-58.7699837475643,1830.75645341469,92.8130111172536,-26.3410146441045,1811.37298583747,218.329860848692,139.008595443122,1583.34300472653,-191.653130215454,159.726986843558,1571.62920960793,0,0,0,0,0,0
17672.9527716,1363.2,-0.00424110563471913,0.0513164311647415,0,-36.7589931881036,-58.7510326956486,1830.74642230971,92.8019833725689,-26.4000075926718,1811.43329123499,218.260980129397,138.990396610197,1583.34879089759,-191.703274444539,159.766428685569,1571.60871569568,0,0,0,0,0,0
17672.9640358,1360.2,-0.00330443703569472,0.0526730105280876,0,-36.8641095030383,-58.7126701819729,1830.70592142003,92.7509496937106,-26.4048938947715,1811.42584499541,218.211998596339,138.990314416356,1583.34635499121,-191.761389793529,159.805059886286,1571.59225344932,0.357899993658066,0.159199997782707,0.920099973678589,0,0,0
17672.9746544,1357.2,-0.00371169345453382,0.0521701671183109,0,-37.5940567699289,-58.5806747568446,1830.67514689472,91.8448763547515,-26.1767801494151,1811.20446851656,217.756375589648,139.075556207089,1583.39087725231,-192.279452119341,160.009948197841,1571.57115916657,0,0,0,0,0,0
17672.9862846,1354.2,-0.00343538913875818,0.0512103423476219,0,-37.6580659163303,-58.5730667944142,1830.68457458011,91.7436831416024,-26.1571410564979,1811.20595405958,217.706153221346,139.09399600049,1583.40541077415,-192.317042622084,160.05838593346,1571.55581117045,0.322100013494492,0.350800007581711,0.879299998283386,478.450012207031,512.159973144531,1065.31994628906
17672.9967787,1351.2,-0.00359699968248606,0.0521361626684666,0,-37.8430691048289,-58.5174839237512,1830.6360132846,91.4674913550254,-26.2281286927482,1811.08315155889,217.574368509878,139.133795015888,1583.42260462432,-192.380454254121,160.098497118603,1571.53784694771,0,0,0,0,0,0
17673.0073257,1348.2,-0.00261728116311133,0.0503408372402191,0,-38.1061099608739,-58.4959093408306,1830.6505789078,91.2932250305137,-26.2097981747285,1811.12607738774,217.395842063439,139.217957597232,1583.45083366144,-192.554871769698,160.17170637745,1571.54194657193,0,0,0,0,0,0
17673.0579716,1345.2,-0.00333275739103556,0.0520007148385048,0,-38.1642515404793,-58.4808503222892,1830.6384672866,91.1761935404403,-26.213521287894,1811.10906727167,217.351236303276,139.248054381557,1583.46749885101,-192.612224405912,160.170197321773,1571.55877534936,0.323000013828278,0.372299998998642,0.870100021362305,0,0,0
17673.0685483,1342.2,-0.00293426495045424,0.0508827850222588,0,-38.549423150372,-58.4074255763986,1830.61878796274,90.8035867693966,-26.1983840287369,1811.1423585806,217.048853661842,139.410656387278,1583.55348423962,-192.908146237686,160.219130905888,1571.59822472839,0,0,0,0,0,0
17673.0792827,1339.2,-0.00399691285565495,0.0518342725932598,0,-38.7357161759971,-58.3532710698547,1830.61854988175,90.5657665129342,-26.1697684066633,1811.1416148548,216.88159523985,139.533245512049,1583.61549152195,-193.053724352254,160.26334777589,1571.60859630236,0,0,0,0,0,0
17673.0899917,1336.2,-0.00329534686170518,0.0509519934654236,0,-39.4065787339254,-58.074070499752,1830.59649891923,90.0280884356193,-25.7902471127834,1811.45005946473,216.21255584272,140.044296784783,1583.84054640667,-193.590212145394,160.400355923246,1571.5098384896,0,0,0,0,0,0
17673.1024989,1333.2,-0.00336723309010267,0.0511820077896118,0,-39.6833650172368,-57.8860841758299,1830.57833568449,89.7818519000057,-25.4955662103941,1811.59069419335,215.91427978129,140.263593462189,1583.90807084126,-193.91159020709,160.473191918225,1571.46288609615,0,0,0,0,0,0
17673.1131157,1330.2,-0.00465366896241903,0.0526380002498627,0,-39.814696944721,-57.805786990314,1830.60188973692,89.6354469908139,-25.3753965970423,1811.58244102564,215.7658243025,140.371300375892,1583.92390180118,-194.127231751009,160.503415308125,1571.44047301729,0,0,0,0,0,0
17673.1237518,1327.2,-0.00324095180258155,0.0514014013111591,0,-39.9361244597522,-57.7030000721503,1830.59251356357,89.4433272870288,-25.1925128901988,1811.4950426077,215.697552256918,140.474459995828,1583.96121915835,-194.312514321811,160.540969713564,1571.401167605,0,0,0,0,0,0
17673.1382738,1324.2,-0.00263562961481512,0.0509642384946346,0,-39.9604816413558,-57.6699455855339,1830.59124518568,89.3937617060968,-25.1619920653232,1811.48695346714,215.632552101841,140.514833506503,1583.93843929708,-194.383326813998,160.542638776907,1571.40694258458,0.393400013446808,0.191699996590614,0.899100005626678,501.910003662109,366.320007324219,1029.18005371094
17673.148923,1321.2,-0.00285516586154699,0.051295230537653,0,-40.2029735098771,-57.3999529461157,1830.55428261751,88.99735442071,-24.9077826307434,1811.27666985071,215.201839693327,141.06517197738,1583.90977698723,-194.81038360452,160.67280728684,1571.24136547749,0,0,0,0,0,0
17673.1595421,1318.2,-0.00292646698653698,0.0508058540523052,0,-40.4530961496796,-57.1556339248198,1830.53169503682,88.7809719893194,-24.4316312047097,1811.21257325675,214.885790129404,141.602029563153,1583.86206581109,-195.087106240995,160.864337045669,1571.12301178716,0,0,0,0,0,0
17673.1700884,1315.2,-0.00266742939129472,0.0507435373961926,0,-40.560427342279,-57.0137588045586,1830.51057940201,88.7409888147066,-24.3240408605294,1811.24269653346,214.792866515834,141.828548411165,1583.85709551681,-195.212535507009,160.94338710339,1571.10301658329,0,0,0,0,0,0
17673.18234,1312.2,-0.00271514407359064,0.0515283554792404,0,-40.6523155539837,-56.8642050099621,1830.4819310676,88.5140637393141,-24.2894533353872,1811.13302750562,214.680229161303,142.011883247347,1583.87088920801,-195.269170834642,161.074247437518,1571.02738696891,0,0,0,0,0,0
17673.2058438,1309.2,-0.00281777675263584,0.0512965381145477,0,-40.6814030892909,-56.8457250437579,1830.48848869534,88.55229723134,-24.2590928083574,1811.1933203039,214.657545869757,142.064997049298,1583.88576613854,-195.314264614139,161.125888306537,1571.02224172153,0.312999993562698,0.1233000010252,0.941699981689453,0,0,0
17673.2165686,1306.2,-0.00243545440025628,0.0507370591163635,0,-40.7916736075308,-56.6994164056638,1830.46053326959,88.2850822892169,-24.0842191627756,1811.12049795667,214.542469299815,142.251746353964,1583.90727673185,-195.39457353161,161.251640536551,1570.95019103224,0,0,0,0,0,0
17673.227182,1303.2,-0.00110485940240324,0.0504584707319737,0,-41.3082806865505,-56.0823079771795,1830.44538513331,88.1167099270305,-23.2709874468098,1811.53568067767,214.121211597406,142.88884624061,1584.09888890358,-195.9013299427,161.77382841458,1570.86006350876,0.458000004291534,0.187000006437302,0.869099974632263,513.650024414062,340.390014648438,963.47998046875
17673.2376988,1300.2,-0.00220943405292928,0.050684268027544,0,-41.4021951094093,-55.9894800003023,1830.46273576073,87.9926579343837,-23.1798939285144,1811.51287372778,214.041279754678,142.994836110994,1584.1364235435,-195.982709183061,161.88600299364,1570.88140089695,0,0,0,0,0,0
17673.2484873,1297.2,-0.00268400041386485,0.0505745731294155,0,-41.5197126650387,-55.8655025206806,1830.50132244024,87.8229704048354,-23.0784551451902,1811.52376148461,213.948739197182,143.166220014354,1584.18454106585,-196.05380403024,162.044042624603,1570.8704250288,0,0,0,0,0,0
17673.2591519,1294.2,-0.00337483291514218,0.0498534426093102,0,-41.6006693302592,-55.7154415945749,1830.50997161652,87.5258564357934,-22.9182061317592,1811.40201918322,213.806641347011,143.359209110504,1584.24300548006,-196.169136589875,162.170820017018,1570.89941910649,0,0,0,0,0,0
17673.2698413,1291.2,-0.00234965747222304,0.0506613910198212,0,-41.8034468540686,-55.4388629488532,1830.51527741557,87.3633059328898,-22.7205731523339,1811.4177415538,213.627502986214,143.615976745149,1584.3110012485,-196.180768457112,162.414215598611,1570.83685103148,0.495200008153915,0.206900000572205,0.843800008296967,524.780029296875,359.209991455078,926.190002441406
17673.2823167,1288.2,-0.00197374867275357,0.0500006251037121,0,-41.9694272019144,-55.1893173307566,1830.54064459714,87.1590837394638,-22.5611037185634,1811.5029172355,213.501742285067,143.835897596313,1584.37985689763,-196.263301752359,162.622320321865,1570.83352616905,0,0,0,0,0,0
17673.2928728,1285.2,-0.00194038136396557,0.0503680504858494,0,-42.1123978483026,-55.0100311256918,1830.57093138481,87.0938333873999,-22.2796683728429,1811.61738541336,213.431978051907,144.024649862506,1584.44233321935,-196.321462760326,162.807699613956,1570.78872471555,0,0,0,0,0,0
17673.3034674,1282.2,-0.00216123345308006,0.0507221169769764,0,-42.1637967789971,-54.953887502877,1830.56601115454,87.0714162331763,-22.3227374285749,1811.61311424789,213.415509383911,144.084677645945,1584.45354362186,-196.315628547179,162.878226677665,1570.76252680346,0,0,0,0,0,0
17673.3141131,1279.2,-0.00192204234190285,0.0509620070457459,0,-42.383227599602,-54.536813301225,1830.58789308673,87.0156490456631,-21.4112479648309,1811.85966831596,213.279890936128,144.417651939118,1584.52009596205,-196.520515236133,163.229836705001,1570.70835609502,0,0,0,0,0,0
17673.3246974,1276.2,-0.000353641749825329,0.0512213133275509,0,-42.5043444197268,-54.3193035649528,1830.60044226752,86.9077685335416,-21.2754806248679,1811.86794086615,213.215906495717,144.631717167282,1584.53657540236,-196.632216549649,163.368090897877,1570.69876233917,0,0,0,0,0,0
17673.3353111,1273.2,-0.00196752301417291,0.0498296864330769,0,-42.6028840789577,-54.1079447071581,1830.60244507894,87.0815593805465,-20.9844178766406,1812.2206584956,213.180043879664,144.875560643757,1584.55888263028,-196.716023880643,163.528456250617,1570.68601169829,0,0,0,0,0,0
17673.3459599,1270.2,-0.00214092875830829,0.0496374428272247,0,-42.6917595840696,-53.8909514936573,1830.60878295913,86.9756692128846,-20.8110751735093,1812.25746179635,213.116049857607,145.11792333266,1584.56161792513,-196.81707533282,163.6925472841,1570.66993895254,0,0,0,0,0,0
17673.3565819,1267.2,-0.00147944991476834,0.0499614201486111,0,-42.8428410815721,-53.666058312165,1830.5930760637,86.8894514319834,-20.6462970152801,1812.28662115202,213.079136697024,145.34910417716,1584.57896710892,-196.898199028546,163.881706873566,1570.64921664102,0,0,0,0,0,0
17673.3671661,1264.2,-0.0018812611233443,0.0494032114744186,0,-42.9938603384615,-53.3755506182974,1830.56456274405,86.5935534496408,-20.6396044433101,1812.12985043094,213.030990370597,145.639240401706,1584.59600349212,-196.996122799889,164.15279566498,1570.61182766133,0.364399999380112,0.300799995660782,0.88129997253418,433.239990234375,389.880004882812,898.489990234375
17673.3778581,1261.2,-0.00179051677696407,0.0495447017252445,0,-43.1346730402913,-53.1659839658084,1830.5478603959,86.404653319756,-20.5406811066491,1812.0856427527,212.998065217351,145.833415802341,1584.59069322559,-197.021407834148,164.354015662626,1570.56948132374,0.360500007867813,0.212999999523163,0.908100008964539,456.700012207031,331.149993896484,898.450012207031
17673.3885515,1258.2,-0.0013694956433028,0.04897685572505,0,-43.2253299091174,-52.9479658893378,1830.50707818116,86.2304699038982,-20.1014951999221,1812.05835682385,212.975960853841,146.018682914204,1584.57762975669,-197.039210891253,164.573157531871,1570.52247738798,0.433699995279312,0.169400006532669,0.884999990463257,465.230010986328,314.059997558594,886.049987792969
17673.4032595,1255.2,-0.00151726370677352,0.0502577036619186,0,-43.2727007722814,-52.7979034732358,1830.47902471234,86.1036436281966,-19.9438685790518,1811.97138950604,212.99308114809,146.146725841366,1584.57010561446,-197.027734637757,164.712146535821,1570.47894707627,0,0,0,0,0,0
17673.4138466,1252.2,-0.000788068573456258,0.0489610567688942,0,-43.3712281714652,-52.5707692484706,1830.46087314454,86.0287615053405,-19.599944274892,1811.94662880078,212.999589997973,146.35231350544,1584.55235999023,-197.052339885583,164.869577410235,1570.43267397113,0,0,0,0,0,0
17673.4244876,1249.2,-0.00125604390632361,0.0487518332898617,0,-43.4950001189633,-52.094022290645,1830.41233718366,86.2400497842143,-19.1288851909045,1812.30498050949,213.021656559383,146.902140474704,1584.5009231914,-197.04983381191,165.265990098025,1570.31263263352,0,0,0,0,0,0
17673.4481986,1246.2,-0.000386995932785794,0.0468146190047264,0,-43.5153904699444,-52.0042702136476,1830.39976505141,86.2558966710712,-19.0028544193229,1812.29093727912,213.012676759777,146.977744362178,1584.48243283272,-197.041943168511,165.328177974928,1570.28910842042,0.389099985361099,0.180600002408028,0.903299987316132,0,0,0
17673.4588263,1243.2,-0.000217648266698234,0.0474327079951763,0,-43.4923050289133,-51.5834185811583,1830.31894544027,86.2068177085592,-18.5883634162212,1812.2603924581,212.906339295259,147.436038129831,1584.38753210729,-197.07296292381,165.596265623599,1570.20493222756,0,0,0,0,0,0
17673.4694647,1240.2,-0.00164019933436066,0.0467007778584957,0,-43.4626617536912,-51.0837012676633,1830.20906155368,86.0170819603743,-18.4009384814009,1811.98453080305,212.831646727539,147.951372656656,1584.25138730549,-197.013662605951,166.009324560876,1570.08511295594,0.311100006103516,0.243699997663498,0.918600022792816,372.690002441406,348.260009765625,878.219970703125
17673.4800224,1237.2,-0.00111560733057559,0.045527657866478,0,-43.4542704639764,-50.8152074185248,1830.18338341941,85.8975491647798,-18.0614264752667,1811.81598897172,212.821635880048,148.228340203585,1584.18252263676,-197.029121698508,166.245920107109,1570.05897962242,0,0,0,0,0,0
17673.4905932,1234.2,-0.00109407491981983,0.0447535015642643,0,-43.4070226066434,-50.6478196448464,1830.15465211374,85.9274997590744,-17.9955618086085,1811.75028010276,212.849258897112,148.406302874751,1584.14343504751,-197.001315380671,166.436770566536,1570.01390200205,0,0,0,0,0,0
17673.501152,1231.2,-0.00199602008797228,0.0469667114317417,0,-43.3979568116296,-50.5871804190624,1830.16560301662,85.9244748000513,-17.8573264623668,1811.70677609584,212.866078906559,148.470323730004,1584.13484437499,-196.996074800777,166.498479225024,1570.01031753262,0,0,0,0,0,0
17673.511694,1228.2,-0.000979103846475482,0.0457197636365891,0,-43.356290737866,-50.4195425718354,1830.12762069153,85.9556544975651,-17.5968882511578,1811.62202035159,212.954976045783,148.689324397379,1584.12223597458,-197.073411434164,166.635279170782,1570.03649309161,0,0,0,0,0,0
17673.5227992,1225.2,-0.00152572430670261,0.0452337361872196,0,-43.2796615413939,-50.2521689291677,1830.08679620363,86.233110731243,-17.4181373419175,1811.75401500732,213.013840826023,148.88665013554,1584.11180131024,-197.018980102241,166.825911666479,1570.02122563088,0,0,0,0,0,0
17673.5407953,1222.2,-0.00267749489285052,0.0451872669160366,0,-43.2926115129255,-50.1905646579771,1830.08667268538,86.2010580653418,-17.2441673176549,1811.71186243936,213.031735974409,148.940157367478,1584.10372192949,-196.996712219264,166.890184064039,1570.02186062289,0.273400008678436,0.293599992990494,0.916000008583069,255.520004272461,279.730010986328,936.330017089844
17673.5514356,1219.2,-0.00176446547266096,0.0452006220817566,0,-43.2123311566319,-49.9071721709202,1830.00824847445,86.644987669193,-16.9830913662841,1811.97769657476,213.207685462621,149.300960407447,1584.11875911405,-196.853251864165,167.256012373997,1570.00013968291,0,0,0,0,0,0
17673.563357,1216.2,-0.00205178186297417,0.0447820410132408,0,-43.0263473319551,-49.6017129185334,1829.88448865162,86.7693355251902,-16.7170270106234,1811.88617117536,213.339420905522,149.668387461659,1584.10630744911,-196.65603393572,167.664302335777,1569.98460672612,0,0,0,0,0,0
17673.5741729,1213.2,-0.00269639887847006,0.0438255019485951,0,-42.9468074918161,-49.4321069479854,1829.83162991095,86.8515551554893,-16.6435422623304,1811.86869364578,213.431747510697,149.873610173038,1584.09873670871,-196.588294049677,167.862436187546,1570.03275480091,0,0,0,0,0,0
17673.5848173,1210.2,-0.00320898997597396,0.0435919299721718,0,-42.8511669991793,-49.1646559701447,1829.78825525747,86.7543060514698,-16.5956634006233,1811.5142715744,213.646004178239,150.249988199142,1584.07019063873,-196.385556414955,168.312473994245,1570.11911526056,0,0,0,0,0,0
17673.5954197,1207.2,-0.00412383303046227,0.0447043091058731,0,-42.8183251680319,-49.0139498542367,1829.76512214537,86.8089447974295,-16.5007327030845,1811.47023296978,213.707391276776,150.410759096793,1584.05142237013,-196.23288281809,168.521211497163,1570.15322991123,0,0,0,0,0,0
17673.6060321,1204.2,-0.00194239849224687,0.0413395710289478,0,-42.7894359062001,-48.9690786388511,1829.76726463015,86.7910771241696,-16.4041066340056,1811.40856758086,213.745323764485,150.482907169596,1584.03901247314,-196.183815385363,168.599249960482,1570.16636529987,0.231199994683266,0.352899998426437,0.906700015068054,279.399993896484,355.630004882812,887.450012207031
17673.6172578,1201.2,-0.00320292916148901,0.0428855180740357,0,-42.6313776895073,-48.7272296163929,1829.71046060535,86.7968804498337,-16.15232647541,1811.17411129379,213.913688782171,150.776752774846,1584.02021210949,-195.98345279984,168.996852316338,1570.25977582519,0,0,0,0,0,0
17673.6277925,1198.2,-0.00447417516261339,0.0420370794832707,0,-42.5590840755351,-48.6034651241077,1829.71104477962,86.8527179334998,-16.0066286745956,1811.06451922357,214.049367407872,150.966283476068,1584.01472387855,-195.907052923519,169.229837946505,1570.35271772277,0,0,0,0,0,0
17673.6384528,1195.2,-0.00399319129064679,0.0416674003005028,0,-42.3384268782323,-48.4079031842502,1829.69950080241,87.0157106772071,-15.8802951310552,1810.99781972864,214.174984095493,151.152271764327,1583.97154321447,-195.700836343339,169.508298060519,1570.41451903771,0.297399997711182,0.2483000010252,0.921899974346161,302.880004882812,318.5,877.27001953125
17673.6492382,1192.2,-0.00315976864658296,0.0420379661023617,0,-42.2775382120779,-48.2716054757322,1829.68107419391,87.118271548628,-15.8071314560103,1810.95321702018,214.243114028953,151.251101959189,1583.9555054451,-195.624924456814,169.631699892533,1570.45420859423,0,0,0,0,0,0
17673.6618721,1189.2,-0.00387974665500224,0.0407924301922321,0,-42.2380799435322,-48.2057950279421,1829.66485330732,87.1512948835108,-15.7067731644885,1810.92009500506,214.267057345327,151.301075682653,1583.95065500428,-195.623092481792,169.65126192006,1570.49451810814,0.280099987983704,0.235499992966652,0.930599987506866,283.059997558594,322.980010986328,876.510009765625
17673.6726197,1186.2,-0.00355715816840529,0.041329400986433,0,-42.1540432090756,-48.029519732665,1829.66228037736,87.3147165835321,-15.6506377390418,1810.8763380458,214.401553098447,151.500622920106,1583.93090397845,-195.50696950831,169.79672834006,1570.55057227476,0.298099994659424,0.235699996352196,0.925000011920929,300.440002441406,306.630004882812,868.719970703125
17673.6832433,1183.2,-0.00438624760136008,0.0411150626838207,0,-41.8414995987706,-47.727318747593,1829.5808870158,87.5959602887434,-15.3620602880574,1810.82963070265,214.625944664054,151.91253732539,1583.86172990215,-195.435965223003,170.032708622502,1570.68934684302,0,0,0,0,0,0
17673.6938234,1180.2,-0.00406709499657154,0.0407632425427437,0,-41.448931431338,-47.369766908052,1829.49555569972,87.8611634018987,-15.0857496980179,1810.70082035022,214.870848589788,152.457439829349,1583.70104203093,-195.180320890595,170.438477834313,1570.75280548426,0,0,0,0,0,0
17673.7044226,1177.2,-0.00451444741338491,0.0410717971622944,0,-41.2768671921374,-47.1844692701213,1829.48446621869,87.9310847991893,-14.8442952465155,1810.5682686573,214.971815318291,152.734205350147,1583.60095532375,-194.997736255786,170.662630242676,1570.7431337856,0,0,0,0,0,0
17673.7149953,1174.2,-0.00427237758412957,0.0420484788715839,0,-41.1217976501677,-47.0024513322872,1829.4803938463,88.734788535434,-14.4847125798509,1811.13534290201,215.016935899755,152.950562981371,1583.51702992368,-194.93497719611,170.792650022303,1570.80137817764,0,0,0,0,0,0
17673.7257654,1171.2,-0.00379579374566674,0.0403637386858463,0,-40.9322142360861,-46.8497835158918,1829.46820315641,88.9318682945534,-14.2211884979672,1811.05470886498,215.08333234299,153.175470720958,1583.44266629407,-194.840091749135,170.928714221026,1570.82820921084,0,0,0,0,0,0
17673.7363817,1168.2,-0.00396829890087247,0.0403614066541195,0,-40.6631292333888,-46.6753505758215,1829.413893164,89.168285007165,-13.9563984059028,1811.01748633642,215.205175846645,153.443260823378,1583.38582312257,-194.687148499074,171.161277045081,1570.78574771879,0,0,0,0,0,0
17673.7469382,1165.2,-0.00399566907435656,0.0395456947386265,0,-40.3739262142045,-46.3950133238529,1829.40691888711,89.1489743857481,-13.8514561593177,1810.57170815217,215.421375734088,153.817751285433,1583.28619035591,-194.487706088608,171.478112284741,1570.76428906063,0.302199989557266,0.24940000474453,0.920099973678589,271.309997558594,287.959991455078,853.719970703125
17673.7575282,1162.2,-0.00381225789897144,0.0395334161818028,0,-40.1407662002778,-46.1757772419464,1829.40859611436,89.3020864721857,-13.6132204930312,1810.48409702208,215.597247260423,154.101670904216,1583.20075646258,-194.380644586439,171.649376268251,1570.78354408904,0.277500003576279,0.26910001039505,0.92220002412796,275.739990234375,287.690002441406,850.22998046875
17673.7680682,1159.2,-0.0038284023758024,0.0391041770577431,0,-39.8454414632678,-45.9400016036059,1829.38476827007,89.4479016170808,-13.4202122635717,1810.41064736068,215.732194962366,154.392462801802,1583.10248169394,-194.288259815731,171.831942495381,1570.80995835168,0.327699989080429,0.234699994325638,0.915199995040894,288.709991455078,287.75,842.299987792969
17673.7786311,1156.2,-0.00412519695237279,0.0392660148441792,0,-39.6851208219578,-45.6786986595047,1829.36299091872,89.4716389654284,-13.2374225627003,1810.20830593603,215.836881292354,154.630192718345,1583.03696667874,-194.156655696182,172.023034421102,1570.83166492572,0.288500010967255,0.27810001373291,0.91619998216629,291.880004882812,303.820007324219,832.719970703125
17673.7891733,1153.2,-0.00503685232251883,0.0401415847241879,0,-39.5164117487001,-45.5462385075646,1829.35771551533,89.696356458085,-13.0168709958699,1810.20950510115,215.889333065926,154.812104892846,1582.97724803565,-194.090798932237,172.151961025838,1570.83849289951,0,0,0,0,0,0
17673.8020778,1150.2,-0.00392765132710338,0.0398763850331307,0,-39.308395479094,-45.32960720593,1829.34941074161,89.9250622145296,-12.734919813065,1810.22748153908,215.996481013251,155.088757383152,1582.9172350707,-193.981805699303,172.337578678022,1570.85990817399,0,0,0,0,0,0
17673.8126624,1147.2,-0.00382720283232629,0.0386284165084362,0,-39.1327624284631,-45.1303385691952,1829.4200610944,90.2310902392326,-12.4351543157603,1810.22660365215,216.198332962906,155.412879226248,1582.86219002793,-193.897887233801,172.451119314021,1570.93447938487,0,0,0,0,0,0
17673.8232693,1144.2,-0.00432582944631577,0.0383652433753014,0,-38.7186846058705,-44.679461279304,1829.49269436041,90.6916369945713,-12.1329651035488,1810.36226605172,216.449090246271,155.851172272122,1582.76555364314,-193.746818548974,172.764765458974,1571.03461814736,0,0,0,0,0,0
17673.8337843,1141.2,-0.0050632543861866,0.0375828690826893,0,-38.4727069025423,-44.3577948714132,1829.5367764938,90.8625772664901,-11.7008530584507,1810.31839536049,216.565471391434,156.125597968608,1582.70049236976,-193.53527882612,173.053674620048,1571.04597301246,0,0,0,0,0,0
17673.8443317,1138.2,-0.00441607786342502,0.0383649416267872,0,-38.2074851002246,-44.125051892411,1829.5305226047,91.1057201177858,-11.4559926065418,1810.34207939083,216.655331625035,156.335314615707,1582.63137812624,-193.506855129261,173.137420435717,1571.12280540474,0,0,0,0,0,0
17673.8549083,1135.2,-0.00484726717695594,0.0386056885123253,0,-37.9779530173997,-43.8684316403161,1829.56208754962,91.2997713218015,-11.2148088959496,1810.3097585639,216.805742487969,156.54344294283,1582.60332283626,-193.419697515394,173.280930774557,1571.22476377422,0,0,0,0,0,0
17673.8657545,1132.2,-0.00466547766700387,0.038150767236948,0,-37.8731096844385,-43.5711902815018,1829.60517554283,91.4604895653733,-10.9502290248537,1810.28092400578,216.950486896255,156.783579729772,1582.58378260664,-193.248997834192,173.498427048123,1571.22593658796,0,0,0,0,0,0
17673.8764388,1129.2,-0.00474173668771982,0.037743254005909,0,-37.7838092461949,-43.290673545643,1829.66446014537,91.5905232263113,-10.7717216493888,1810.28306884838,217.066050133636,157.002444623266,1582.54649601436,-193.112645456352,173.75282760727,1571.25781626821,0,0,0,0,0,0
17673.88693,1126.2,-0.00460707955062389,0.0371506795287132,0,-37.5925447595735,-42.8911542818547,1829.73923519196,91.7722585579331,-10.4053659984517,1810.25256999571,217.232671620829,157.278392760453,1582.50017006168,-192.852522330071,174.101285233852,1571.25090620688,0.118699997663498,0.389200001955032,0.913500010967255,182.600006103516,315.820007324219,823.559997558594
17673.8974801,1123.2,-0.00479578319936991,0.0378492496907711,0,-37.5005873339485,-42.7135710315447,1829.75412889446,91.8060554929458,-10.268480403122,1810.24738686098,217.310888420771,157.433355314653,1582.46086132253,-192.774694123965,174.240786217677,1571.29044216334,0,0,0,0,0,0
17673.9220745,1120.2,-0.00473868334665895,0.0365211650729179,0,-37.4560709898644,-42.6307434786236,1829.7628048291,91.8368772565089,-10.1993059709533,1810.24136696806,217.370574260777,157.494374098694,1582.45080699945,-192.785174608456,174.278393053027,1571.34252520915,0.117499999701977,0.295500010251999,0.948099970817566,178.800003051758,317.649993896484,818.710021972656
17673.9326496,1117.2,-0.00474531296640635,0.0369566664099693,0,-37.2726241937174,-42.1006656150634,1829.89696170563,91.9442598691282,-9.77924070768212,1810.25339387642,217.662760502586,157.828408422517,1582.42692693167,-192.41186892082,174.758365483748,1571.30693877286,0,0,0,0,0,0
17673.9432677,1114.2,-0.00450544338673353,0.0375207424163818,0,-37.1052962406816,-41.5201751440732,1830.00868720829,92.3866188494388,-9.14503688514372,1810.47344107831,217.973662576454,158.088403341738,1582.3741989165,-192.156129767593,175.241467817092,1571.40039709845,0,0,0,0,0,0
17673.9538006,1111.2,-0.00488122226670384,0.0360281378030777,0,-36.9515906889717,-40.9529873340235,1830.04560331033,92.6560068008866,-8.60832281936587,1810.65967467999,218.300656977474,158.339825753925,1582.25800786063,-191.80374160954,175.87778257549,1571.38859544325,0,0,0,0,0,0
17673.9643851,1108.2,-0.00472411513328552,0.0357858002185822,0,-36.8996587601541,-40.6067020749739,1830.08643017346,92.7163248702694,-8.46798142406332,1810.7506118631,218.510949001512,158.470480358778,1582.20259178878,-191.581728406751,176.185004357755,1571.38127281059,0,0,0,0,0,0
17673.9750824,1105.2,-0.00417099101468921,0.0354857504367828,0,-36.7887069369983,-40.2811149042153,1830.0835415919,92.7609338714849,-8.21528994069866,1810.68563741357,218.750793941507,158.651594656078,1582.13755256393,-191.417853155237,176.487716646475,1571.40697076987,0,0,0,0,0,0
17673.9857436,1102.2,-0.00539239775389433,0.0361391961574554,0,-36.6916246062505,-39.9725211610337,1830.10607519438,92.8289114831892,-8.02925300457246,1810.72776551208,218.947080972437,158.780251097072,1582.04937295286,-191.261234801335,176.780972571024,1571.43551583419,0,0,0,0,0,0
17673.9963839,1099.2,-0.00482505979016423,0.0356520026922226,0,-36.7058172500739,-39.6307967095091,1830.11566734297,92.8630671616317,-7.75995806087827,1810.76595345819,219.136193572976,158.8851135018,1581.95598880132,-191.090410706095,177.107655136561,1571.46413732912,0,0,0,0,0,0
17674.0069574,1096.2,-0.00494937459006906,0.0337523654103279,0,-36.6913177035152,-39.3003593761212,1830.15259251279,92.9167588769629,-7.60039045735322,1810.77491883946,219.312078539033,158.964409541285,1581.85331975996,-190.826792997405,177.494361590093,1571.4156267216,0,0,0,0,0,0
17674.0174808,1093.2,-0.005679318215698,0.0352294951677322,0,-36.6873789796105,-38.9631196677125,1830.17996218474,92.9542126996509,-7.31663905631926,1810.74933036831,219.504489278739,159.0476454607,1581.75622698648,-190.654118967943,177.757942616773,1571.40967222989,0,0,0,0,0,0
17674.0281016,1090.2,-0.00450323428958654,0.0362749084830284,0,-36.6431557616271,-38.5291614889869,1830.24370307403,93.0670422713402,-7.11746398160917,1810.69251033091,219.769248828545,159.150960190445,1581.62039104017,-190.478455401004,178.172338828683,1571.47566718034,0.0557000003755093,0.449099987745285,0.891700029373169,121.879997253418,318.549987792969,778.630004882812
17674.03866,1087.2,-0.00518803345039487,0.036184749007225,0,-36.5325441106176,-38.314447482573,1830.240955134,93.1040736657045,-7.04220281157834,1810.6875045135,219.912144332932,159.177263136062,1581.5583266412,-190.282820655051,178.422401946988,1571.45374527146,0,0,0,0,0,0
17674.0517564,1084.2,-0.00533029204234481,0.0351676106452942,0,-36.4919193827396,-38.1705519840611,1830.24728377406,93.1458073507798,-6.9428767441997,1810.6902543912,219.939545431026,159.214301914481,1581.5003159802,-190.121755851226,178.549569326458,1571.40751048554,0.0700000002980232,0.414499998092651,0.907299995422363,111.889999389648,313.630004882812,779.299987792969
17674.063699,1081.2,-0.00561886839568615,0.0351471662521362,0,-36.4643353523565,-37.5857067629815,1830.36429436997,93.2898350986456,-6.67732917440133,1810.67876158724,220.167898169832,159.318686118873,1581.30943468057,-189.900035839981,179.019041659128,1571.49142742202,0,0,0,0,0,0
17674.0743073,1078.2,-0.00695499079301953,0.0365325942635536,0,-36.3299151066543,-36.9767975043577,1830.41560753441,93.4454006443509,-6.45312563220515,1810.61705856295,220.452465943579,159.460986953063,1581.02724289273,-189.507519290674,179.563129598165,1571.53614849167,0,0,0,0,0,0
17674.0848589,1075.2,-0.00583187351003289,0.034399776160717,0,-36.2331537927478,-36.6309868076903,1830.49536945547,93.5198641956576,-6.37571989379774,1810.6362078431,220.659134029058,159.538363216151,1580.91913992571,-189.366600320686,179.81070002949,1571.57457734434,0,0,0,0,0,0
17674.0955273,1072.2,-0.00593472784385085,0.0342035204172134,0,-36.2165949991619,-36.3069770753982,1830.58606457793,93.4577295304978,-6.13688613285347,1810.50785374536,220.891402912449,159.599416360221,1580.8226118546,-189.18884033625,180.067952053422,1571.62090347672,0,0,0,0,0,0
17674.1060834,1069.2,-0.00556974345818162,0.0330093860626221,0,-36.1403253424562,-35.9989215070798,1830.6581951037,93.748091669699,-6.02384975170077,1810.78568280004,221.09527995286,159.636081691823,1580.72967292067,-188.992528663126,180.328620070049,1571.63829917192,0,0,0,0,0,0
17674.1166041,1066.2,-0.00582368718460202,0.0339769780635834,0,-36.1035225123085,-35.6630359518551,1830.67680436269,93.7602005157409,-5.87855278179893,1810.76731395879,221.30599758928,159.645348787035,1580.64386067219,-188.809125341434,180.553760514977,1571.67833708364,0,0,0,0,0,0
17674.1271941,1063.2,-0.00546670705080032,0.0345685914158821,0,-36.1525687179906,-35.2545987346207,1830.79178310318,93.7693258143904,-5.50910040041696,1810.78911877056,221.57431744677,159.651742428961,1580.537515329,-188.402999576115,180.958457145968,1571.64027338487,0.0229000002145767,0.462999999523163,0.886099994182587,118.76000213623,337.070007324219,735.380004882812
17674.1377321,1060.2,-0.00612800335511565,0.0339850842952728,0,-36.1540138060653,-34.9844942430042,1830.88332891052,93.7867664637283,-5.37488073044241,1810.83060583894,221.78895522349,159.670532683358,1580.48679691929,-188.217826893446,181.197270531917,1571.64422316458,0.0551000013947487,0.449600011110306,0.891499996185303,121.730003356934,331.640014648438,732.489990234375
17674.1482693,1057.2,-0.00663764961063862,0.0338155165314674,0,-36.1193487525678,-34.6956452121109,1830.96053925624,93.8866674411782,-5.32828131389883,1810.96985025299,221.955408304901,159.659001292446,1580.45167121974,-188.029102469612,181.373792936936,1571.6812818984,-0.0676999986171722,0.475800007581711,0.876900017261505,189.720001220703,312.799987792969,727
17674.1588292,1054.2,-0.00640514213591814,0.0336338415741921,0,-36.0856769268463,-34.4221771132908,1831.0391831863,93.8777660575854,-5.24243784025296,1810.98890733105,222.148281095013,159.655239751336,1580.42737731419,-187.787260357837,181.578829290308,1571.71309971229,0.13510000705719,0.43299999833107,0.891200006008148,186.309997558594,310.959991455078,726.760009765625
17674.1694456,1051.2,-0.00678953342139721,0.0341664016246796,0,-36.1608527509789,-34.2218655813419,1831.1331704469,93.9398113452912,-5.25014702385387,1811.1333898453,222.282889959603,159.669006163341,1580.41517094124,-187.677149187294,181.685404363358,1571.76500110302,0,0,0,0,0,0
17674.1864514,1048.2,-0.00620067585259676,0.0331813752651215,0,-36.1582745105924,-34.1655419917073,1831.14735726248,93.8973184607953,-5.27994359971948,1811.1119561752,222.366638493531,159.682480371923,1580.41842131901,-187.546511502687,181.800121271212,1571.7555260145,0.0103000001981854,0.456099987030029,0.889900028705597,0,0,0
17674.1970774,1045.2,-0.00638682907447219,0.0335858449339867,0,-36.3739786717356,-33.3511200791071,1831.2822269189,93.7636458809042,-5.27219446622868,1811.38870465896,222.949615511222,159.680170329945,1580.3142530933,-187.097284685326,182.314493346849,1572.06679518595,0,0,0,0,0,0
17674.2076744,1042.2,-0.00658436212688684,0.034072807431221,0,-36.4959199444827,-33.0589042560746,1831.28288651122,93.6148184655913,-5.39961388743059,1811.37985728257,223.154628559264,159.647299569737,1580.24368705551,-186.772767410596,182.604926122488,1572.1244404788,0,0,0,0,0,0
17674.2182253,1039.2,-0.00797095149755478,0.0331367015838623,0,-36.6436362121266,-32.7880862653829,1831.31254632915,93.4298925167305,-5.48906758194482,1811.40266180019,223.385387439857,159.600601248675,1580.15758402376,-186.553905658075,182.840756272158,1572.23993508882,0,0,0,0,0,0
17674.2289155,1036.2,-0.0072799539193511,0.0332859069108963,0,-36.8842430268666,-32.4639413763387,1831.29081867582,92.9637892427022,-5.96089443000777,1811.08772502323,223.670482200173,159.52978058003,1580.05597572618,-186.332658630222,183.010506311497,1572.36272547321,0,0,0,0,0,0
17674.2395349,1033.2,-0.00616326555609703,0.0347444474697113,0,-37.2902860672108,-32.0983171584652,1831.3573625959,93.327630459627,-5.92710072378104,1811.77597914877,224.063662023346,159.41034759206,1579.90118723143,-185.870175521531,183.432401699172,1572.48105296808,0.0974999964237213,0.421099990606308,0.901799976825714,137.270004272461,287.200012207031,735.330017089844
17674.2501261,1030.2,-0.00699744839221239,0.0343167170882225,0,-37.6864740540072,-31.6656802844629,1831.34090003939,92.956514071932,-6.11033894734464,1811.79548514667,224.483120359372,159.314539116585,1579.76622492553,-185.498765432224,183.816112598468,1572.62557653869,0,0,0,0,0,0
17674.2633348,1027.2,-0.00652540056034923,0.0342484176158905,0,-38.1233993346335,-31.2306648878512,1831.34187517042,92.6085735921361,-6.32896212006268,1811.80544654731,224.898571589781,159.229626559698,1579.62480352178,-185.065556697024,184.208223867545,1572.75924220919,0,0,0,0,0,0
17674.2739793,1024.2,-0.00625223806127906,0.0345361664891243,0,-38.3736198247958,-30.8815890767075,1831.32679253359,92.3221804902116,-6.56083950078913,1811.82165542211,225.194879854939,159.141269243727,1579.5218513591,-184.712784983349,184.53357649405,1572.85969187603,0,0,0,0,0,0
17674.2845483,1021.2,-0.00594570394605398,0.0353118613362312,0,-38.6205960309293,-30.5128740954574,1831.32428378132,92.0379767615133,-6.78477300515772,1811.80164992193,225.408245650874,159.029389241141,1579.36630243261,-184.395196974135,184.813270945418,1572.92594929889,0,0,0,0,0,0
17674.2950692,1018.2,-0.00651273317635059,0.0349842220544815,0,-38.9244877238996,-30.1247309272024,1831.31858402599,91.7507767554488,-7.03877578112731,1811.80650200086,225.675823097335,158.96698450046,1579.17750944755,-184.187813777994,185.031831901181,1573.10511765429,0,0,0,0,0,0
17674.3185842,1015.2,-0.00672112731263041,0.035136191546917,0,-39.0278417032876,-30.0271156575226,1831.31656252632,91.6770601322235,-7.10864881524508,1811.81513713206,225.777641511072,158.943708885709,1579.11786538469,-184.016163174362,185.149049708024,1573.09351117775,0.0320000015199184,0.412000000476837,0.910600006580353,64.7099990844727,299.160003662109,729.690002441406
17674.329191,1012.2,-0.00731190945953131,0.0346244409680367,0,-39.5000134536014,-29.3905438860667,1831.33647653284,91.1823300173573,-7.37274690641612,1811.74192283855,226.277269881704,158.820415687522,1578.75035079314,-183.567601849738,185.642377742878,1573.33949422728,0,0,0,0,0,0
17674.339803,1009.2,-0.00608769664540887,0.035787744820118,0,-39.7509918827008,-29.0331007849927,1831.39244379505,90.9426312035451,-7.58435878850482,1811.72726694375,226.570400954265,158.750722660103,1578.53997743405,-183.328253567773,185.907654647929,1573.48248587963,0,0,0,0,0,0
17674.3504112,1006.2,-0.0055814990773797,0.0363738223910332,0,-40.4868532839625,-27.9296364715757,1831.49037492424,90.9537594908226,-8.5760115041648,1811.9176855965,227.236983042799,158.588160774476,1578.0537241344,-182.712667984395,186.541811247952,1573.87479014882,0,0,0,0,0,0
17674.3629631,1003.2,-0.00614600582048297,0.0359928891062737,0,-40.7250424553472,-27.5074199456496,1831.5772988308,90.7424205076664,-8.81941181386682,1811.92833393607,227.514178317329,158.488026195176,1577.81606366637,-182.428128689305,186.766818690409,1574.00777952385,0,0,0,0,0,0
17674.3735795,1000.2,-0.00621228339150548,0.0361822232604027,0,-40.9540422966849,-27.1198207075546,1831.65549284713,90.5271332055682,-9.0329514651357,1811.9488214965,227.788935808443,158.397665323736,1577.54945526881,-182.173824152507,186.971258644861,1574.14248329814,0,0,0,0,0,0
17674.3842988,997.2,-0.00649430835619569,0.0368883147835732,0,-41.2633230466953,-26.6157835049114,1831.77701498498,90.2446513954127,-9.22476952767828,1811.91870902833,228.05415773695,158.290101262605,1577.2188508861,-181.798443626463,187.262864685952,1574.26003912782,0,0,0,0,0,0
17674.3948479,994.2,-0.00623138295486569,0.0365056529641151,0,-41.5052706109886,-26.2253179504364,1831.88546739173,90.0103913194961,-9.34503773313569,1811.86949844067,228.335950011399,158.216134818963,1577.01388045989,-181.593353826342,187.461254098114,1574.4214798772,0,0,0,0,0,0
17674.4054662,991.2,-0.00521416030824184,0.0344832673668861,0,-41.8359422957146,-25.8255765147283,1831.98418360591,89.8118115753613,-9.48154238380077,1811.86896836465,228.537913907417,158.090000792042,1576.83193123461,-181.38053029471,187.608374991875,1574.59022556851,0,0,0,0,0,0
17674.4161008,988.2,-0.00586808286607265,0.0357934966683388,0,-42.0641992744311,-25.4447075448112,1832.09254713106,89.553749835628,-9.59332352303593,1811.88574377933,228.769322871297,157.962795254912,1576.64553563466,-181.161574526561,187.729126189736,1574.75532967181,0,0,0,0,0,0
17674.4267127,985.2,-0.00554722035303712,0.0385185278952122,0,-42.3370510865533,-24.8797179399871,1832.19098449913,89.3100221533987,-9.79734750176224,1811.96101545504,229.105160245902,157.741197539363,1576.38653975821,-180.730467180903,188.022658746778,1574.88092411934,0.00810000021010637,0.393599987030029,0.919200003147125,87.2399978637695,246.75,718.919982910156
17674.4372569,982.2,-0.00721480417996645,0.0374204874038696,0,-42.4435195272344,-24.629314591912,1832.28927550918,89.157026807259,-9.95549096056696,1811.99193068166,229.322826021909,157.657745616352,1576.25755816762,-180.48464209535,188.166520566787,1574.93965020995,0,0,0,0,0,0
17674.451102,979.2,-0.00615030527114868,0.0364584311842918,0,-42.5400556571968,-24.5100980105071,1832.31934832694,89.065899876408,-10.0249880594755,1812.02201817972,229.42427803616,157.605394648758,1576.19710863842,-180.376685421759,188.249672197796,1574.96814275003,0.0640999972820282,0.332800000905991,0.94080001115799,87.1100006103516,241.940002441406,718.299987792969
17674.4631032,976.2,-0.00671012559905648,0.0364102855324745,0,-43.4228641786786,-24.1023001506693,1832.50423598043,88.7359477279625,-10.3764557266958,1812.1006218689,229.881366844438,157.411528612085,1575.92608734344,-179.953679413458,188.487851080422,1575.16490235043,0,0,0,0,0,0
17674.4737041,973.2,-0.00630288943648338,0.0365140721201897,0,-44.3071220455745,-23.4793337598882,1832.70700001127,88.3351741463605,-10.6822977481999,1812.20674279502,230.418221415931,157.136263747596,1575.65883634229,-179.320690476778,188.816091356121,1575.41256503928,0,0,0,0,0,0
17674.4842337,970.2,-0.00645664799958467,0.036159297823906,0,-44.5645292764097,-23.1669252853927,1832.75255240044,88.1145578236775,-10.8356284241815,1812.26074586012,230.642063303274,157.046413826786,1575.54650579387,-179.083508262125,188.932064521878,1575.53122639319,0,0,0,0,0,0
17674.4947268,967.2,-0.00738915568217635,0.0368676543235779,0,-44.7757680949421,-22.9074070748605,1832.77077952426,87.8884151288688,-11.0363164120552,1812.31228595669,230.872756206148,156.915292734659,1575.41318940705,-178.869894459965,189.028115662642,1575.67110007322,0,0,0,0,0,0
17674.5053063,964.2,-0.00713999103754759,0.0371343702077866,0,-44.9543931000595,-22.7261575856853,1832.81103475842,87.7475128232883,-11.1876760080997,1812.36768588779,231.096335885589,156.824744935536,1575.32086351969,-178.654677189189,189.139459514901,1575.70467316082,0,0,0,0,0,0
17674.5158229,961.2,-0.00621215952560306,0.0351564347743988,0,-45.4025383554276,-22.2929967791094,1832.82998235045,87.4228306185079,-11.4775883639086,1812.45562294079,231.499417594825,156.671177551208,1575.10156929053,-178.212938719448,189.37163139145,1575.81761820486,0,0,0,0,0,0
17674.5264002,958.2,-0.00638617714866996,0.0368820488452911,0,-45.7197771339671,-21.9924265430169,1832.85955339476,87.1720180440553,-11.6527805165984,1812.5190434958,231.800638887586,156.524153924545,1574.95596933375,-177.815939725007,189.556694460335,1575.89697279175,0,0,0,0,0,0
17674.5369779,955.2,-0.00722542451694608,0.0371471926569939,0,-46.095721505901,-21.7445554190582,1832.8341139694,86.913568887339,-12.3627879374617,1812.426032617,232.096170165337,156.37871739858,1574.82900529795,-177.468594235297,189.652568748255,1575.98267120358,0,0,0,0,0,0
17674.5505227,952.2,-0.00785674899816513,0.03608258664608,0,-46.188296712022,-21.685482747085,1832.85598503464,86.9161857400648,-12.5278238349031,1812.49802756524,232.224563009456,156.319265853305,1574.79076238334,-177.359979421061,189.699012018388,1576.01478267749,0.120099999010563,0.350199997425079,0.928900003433228,158.660003662109,261.980010986328,688.559997558594
17674.5628741,949.2,-0.00742466468364,0.0354104623198509,0,-46.3601562269399,-21.5490485739557,1832.82859244091,86.7392172380404,-12.6343473260335,1812.49355366339,232.480149183464,156.164754957921,1574.72329421126,-177.140381507817,189.769039289969,1576.08764185234,0,0,0,0,0,0
17674.5884937,946.2,-0.00731669086962938,0.0385210275650024,0,-46.4473745801858,-21.4860052142626,1832.8213070287,86.7552918240693,-12.8630112452254,1812.55011781339,232.5449806271,156.105304366981,1574.67934124905,-177.042382256207,189.839577732275,1576.13271614141,-0.0688000023365021,0.473699986934662,0.878000020980835,159.979995727539,257.559997558594,688.919982910156
17674.5992311,943.2,-0.00708612287417054,0.0371322914958,0,-47.3344707575948,-20.6963247513456,1832.7013350174,85.7169206848604,-13.3036701225333,1812.32572853353,233.680670731879,155.436961224154,1574.14659662889,-176.06868916826,190.40183025514,1576.59073832147,0,0,0,0,0,0
17674.6099821,940.2,-0.0078127458691597,0.037731858342886,0,-47.7545225709513,-20.3009008483392,1832.58767072518,85.6287127111086,-13.7691786530818,1812.62484562244,234.244499925165,155.107426529102,1573.83889998843,-175.343161386236,190.859894138075,1576.72206697458,0,0,0,0,0,0
17674.6205728,937.2,-0.00699174916371703,0.0365555197000504,0,-47.9020825537973,-20.0592054411895,1832.52942552733,85.5111209661343,-14.0934892981023,1812.68488025171,234.721839414409,154.771396664848,1573.58091088117,-174.790039344561,191.194171773457,1576.92691525777,0,0,0,0,0,0
17674.6312231,934.2,-0.00745619833469391,0.0376307390630245,0,-48.0303197706705,-19.9193283276124,1832.51149707296,85.4141601363127,-14.2265837500688,1812.67242940664,234.987799145504,154.564806371611,1573.39220691918,-174.448447451741,191.435174588751,1577.01064143954,0,0,0,0,0,0
17674.6418156,931.2,-0.00710441544651985,0.0383786022663117,0,-48.1033391097763,-19.7992626315275,1832.45181558739,85.3553953268823,-14.3609681901007,1812.67909376825,235.232215235858,154.367094343733,1573.1888857189,-174.13969970121,191.632883850234,1577.08227201497,0,0,0,0,0,0
17674.6523889,928.2,-0.00728756561875343,0.0397394843399525,0,-48.1986815348588,-19.6624334366282,1832.41958476202,85.4081953657357,-14.5599709879725,1812.72994949642,235.515541706526,154.22077249642,1572.98833074313,-173.999291371661,191.747011313126,1577.28167325686,0,0,0,0,0,0
17674.6632933,925.2,-0.00734305940568447,0.0382903166115284,0,-48.1704815763392,-19.4931549064542,1832.40359211857,85.298054890337,-14.6579164024642,1812.62040323774,235.875732176251,154.057245247584,1572.72321016467,-173.532378076247,192.05779081726,1577.37614898627,0,0,0,0,0,0
17674.6739048,922.2,-0.00787985883653164,0.0379788152873516,0,-48.1483012504686,-19.3874681020127,1832.3880490252,85.3365981207077,-14.850142556699,1812.61349047476,236.201360382817,153.95458482639,1572.52097172657,-173.310952267001,192.248139614445,1577.50840830119,0,0,0,0,0,0
17674.6846272,919.2,-0.00848306063562632,0.0369286745786667,0,-48.1625987801305,-19.3145796926411,1832.35769673825,85.333065602889,-14.9816389219935,1812.58542708541,236.412229637187,153.843097232627,1572.25423403812,-173.018819942104,192.478994171597,1577.61404573963,0,0,0,0,0,0
17674.6954336,916.2,-0.00762819359079003,0.0380289986729622,0,-48.1975517821715,-19.2452785466368,1832.38697264968,85.445780515392,-15.265724325262,1812.60747265313,236.679904646089,153.841104852493,1571.92272493144,-172.784311063423,192.611576468431,1577.7731984057,0,0,0,0,0,0
17674.7241926,913.2,-0.00767558813095093,0.0382341541349888,0,-48.1999597521007,-19.2114709677203,1832.39416714471,85.4884102855951,-15.3907251151045,1812.62301788471,236.748239932208,153.859367079921,1571.81827925587,-172.733110798086,192.697213836144,1577.82352603611,0.092399999499321,0.302199989557266,0.94870001077652,106.879997253418,236.880004882812,698.030029296875
17674.7348553,910.2,-0.00756029179319739,0.0383585788309574,0,-48.1595598522172,-19.14330580979,1832.3725461797,85.6588037084351,-15.7616772940544,1812.65535753293,237.110863327786,153.933833057803,1571.25218379238,-172.418271358866,192.859147109416,1578.07258372089,0,0,0,0,0,0
17674.7455454,907.2,-0.0075791603885591,0.0386103861033917,0,-47.9936316736522,-19.0722509920833,1832.36809486571,85.8135275896293,-16.2408117208205,1812.61210964281,237.570604514464,154.048849910207,1570.620610534,-172.045030392303,192.991352523595,1578.53092542806,0,0,0,0,0,0
17674.7561232,904.2,-0.00734435208141804,0.0375875070691109,0,-47.9731172380937,-19.0581668322036,1832.36154221107,85.9324526242533,-16.4605107583309,1812.55932887687,237.857963314707,154.121602337962,1570.3086225945,-171.748070185811,193.046079270141,1578.72587375858,0,0,0,0,0,0
17674.7667398,901.2,-0.00779756298288703,0.0394710026681423,0,-47.7076084651953,-19.1227634814106,1832.32275093739,86.2803033663428,-16.8612824650374,1812.36522444683,238.360258157712,154.462642840838,1569.53496939917,-171.286741572888,192.905087481653,1579.22241168577,0,0,0,0,0,0
17674.777305,898.2,-0.00923382584005594,0.0383227191865444,0,-47.5369444048505,-19.128931623961,1832.26564944664,86.4587907293818,-17.0261437435367,1812.19928580606,238.608655940561,154.622089383673,1569.18559544311,-171.055847786747,192.807082692482,1579.46365182063,0,0,0,0,0,0
17674.7879895,895.2,-0.00779693713411689,0.0397540055215359,0,-47.190777146304,-19.2146363752465,1832.12690493123,86.6237406364862,-17.2347502248031,1812.01071493397,238.868541053527,154.802198133603,1568.7031901359,-170.782402050669,192.609500003808,1579.83759326792,-0.046399999409914,0.132400006055832,0.990100026130676,30.4899997711182,104.26000213623,710.02001953125
17674.7986026,892.2,-0.0081776874139905,0.0394273571670055,0,-47.1124450642369,-19.2289536819948,1832.09669170307,86.7838506598514,-17.4217447968345,1811.98186942807,239.00900947959,154.877699509418,1568.45505103919,-170.708863044058,192.520974969016,1580.06877365902,0,0,0,0,0,0
17674.8092091,889.2,-0.00927299913018942,0.0381843917071819,0,-46.8652579275948,-19.2942434157252,1832.02025865339,86.9509070376506,-17.5982191826943,1811.89953536202,239.214336627668,154.9879572086,1568.07640918074,-170.565015900978,192.385070474447,1580.3839021537,0,0,0,0,0,0
17674.822059,886.2,-0.00851251091808081,0.040192349255085,0,-46.3937686717341,-19.3864877256065,1831.9515546358,87.4660096231213,-18.1091150764162,1811.77858375359,239.624597370905,155.302215942132,1567.46715294883,-170.108544650168,192.103419362625,1580.88165954899,0,0,0,0,0,0
17674.8325908,883.2,-0.00798871647566557,0.0396537430584431,0,-46.33101350109,-19.4127813770415,1831.93523725244,87.561944941679,-18.183029103668,1811.74167783253,239.68991104973,155.381698200354,1567.35079213168,-170.084690503475,192.016804298581,1581.00058289075,0,0,0,0,0,0
17674.8431231,880.2,-0.00805891212075949,0.0399630315601826,0,-46.0587586132896,-19.5138154493421,1831.9328666457,87.9015597965114,-18.4611113721212,1811.60719975613,239.899712887499,155.585011253432,1567.01106672749,-169.94466276819,191.816143606345,1581.31811875996,0,0,0,0,0,0
17674.8543639,877.2,-0.00876173935830593,0.0409317374229431,0,-45.9911915044021,-19.5284982058022,1831.91121298136,87.9375872851431,-18.50839282044,1811.53599086355,239.96195395034,155.638384687344,1566.88004016545,-169.874250545667,191.740507568639,1581.43348437641,0.0766000002622604,-0.0881000012159348,0.9932000041008,213.25,-290.480010986328,2795.57006835938
17674.8650146,874.2,-0.00877675972878933,0.0408736042678356,0,-45.8461959948579,-19.5691141858621,1831.88986398325,88.1503166799311,-18.6045993453755,1811.4570063681,240.058185797444,155.742847604111,1566.64347521224,-169.703171860499,191.674100933645,1581.60316672132,0,0,0,0,0,0
17674.8755942,871.2,-0.00848113838583231,0.0405279755592346,0,-45.1713432610765,-19.7771375653341,1831.87525643176,88.7706700743359,-19.1178820534363,1811.22142243995,240.60869125691,156.063640608314,1565.81109706141,-169.35645752,191.195520557605,1582.26991215941,0.0167999994009733,-0.103100001811981,0.994499981403351,182.880004882812,-190.330001831055,3218.94995117188
17674.8861212,868.2,-0.00845040008425713,0.039948346465826,0,-44.5044160843606,-19.997301608504,1831.83997605228,89.40793819181,-19.5629672867085,1811.09691488622,240.902228125003,156.229802437166,1565.30853011032,-169.01781163627,190.858933584277,1582.71577081195,0,0,0,0,0,0
17674.8966549,865.2,-0.00970850605517626,0.0414849914610386,0,-44.1054330250382,-20.1266204660554,1831.7932979863,89.7326642336539,-19.7897721893332,1810.98783868871,241.090973696987,156.372131705838,1565.01232113983,-168.907596706964,190.701093190022,1582.9454172194,0,0,0,0,0,0
17674.9072148,862.2,-0.00872783083468676,0.0409705922007561,0,-43.7151855860854,-20.2997053836069,1831.78064957976,90.1035086795142,-19.9961060319203,1810.80750089689,241.347769090922,156.500204791867,1564.73092399547,-168.81727579059,190.461154774596,1583.1772330437,0,0,0,0,0,0
17674.9177565,859.2,-0.00848373491317034,0.0412184990942478,0,-43.3669349175905,-20.4994722413564,1831.76688962993,90.4890063944075,-20.1684924970698,1810.70374990718,241.502966054394,156.57778543168,1564.40823891961,-168.657087815596,190.288875986763,1583.39867510336,0,0,0,0,0,0
17674.9282591,856.2,-0.00854596588760614,0.0412084184587002,0,-42.8718654047633,-20.6860805244511,1831.68327522296,90.9178212475215,-20.4394756454556,1810.53341029439,241.616351474561,156.674546592172,1563.93927013189,-168.424122626093,190.033405768144,1583.67829810074,0.0212999992072582,-0.0452000014483929,0.998799979686737,182.139999389648,-105.269996643066,3203.36010742188
17674.9389185,853.2,-0.00828457437455654,0.0414502568542957,0,-42.6917532488899,-20.7877824585428,1831.67432115244,91.0925558970035,-20.4537316302673,1810.4021706873,241.706454887561,156.710379468852,1563.73748563138,-170.85704832886,189.749703463917,1585.0103458604,0,0,0,0,0,0
17674.9496759,850.2,-0.00868926104158163,0.0420703053474426,0,-42.0433741382134,-21.0463727454247,1831.51993472998,91.5457722945844,-20.6575916133113,1810.16942605916,241.868642892195,156.714263554027,1563.37021425225,-170.711553732086,189.554650882558,1585.19494015844,0.0675999969244003,-0.165800005197525,0.983799993991852,279.140014648438,-145.160003662109,3135.18994140625
17674.9602312,847.2,-0.00866743177175522,0.0416643232107163,0,-41.7338403406337,-21.2480259785998,1831.57950272787,92.0476760249592,-20.9646178376831,1810.00734086137,242.022013258325,156.726316353618,1563.04344653025,-170.593293901381,189.310134975114,1585.40377775233,0,0,0,0,0,0
17674.9707642,844.2,-0.00867688283324242,0.0411512352526188,0,-41.6343623750881,-21.29481428196,1831.56125165073,92.0996913598176,-20.9907432646326,1809.93821551094,242.072013195657,156.721465640978,1562.97278669864,-170.569818674589,189.285153262609,1585.4768262293,0,0,0,0,0,0
17674.9813667,841.2,-0.00895970873534679,0.0423384740948677,0,-41.3295170263335,-21.4563328145751,1831.52982001414,92.3745933575314,-21.1540132110719,1809.83036662422,242.230834147794,156.719140908394,1562.75378607075,-170.433826657365,189.138203294469,1585.6333031646,0,0,0,0,0,0
17674.9919174,838.2,-0.0086394902318716,0.0423136785626411,0,-40.9684867136289,-21.6859274311799,1831.47918267461,92.590348209395,-21.3575882110976,1809.74035207236,242.331838462543,156.705183085409,1562.5033953101,-170.309134543914,188.963425123112,1585.77756244367,0,0,0,0,0,0
17675.0029266,835.2,-0.00850414857268333,0.0406875483691692,0,-40.6825835598939,-21.84120682217,1831.42699925784,92.8503754556581,-21.57353978207,1809.64615187736,242.452782757403,156.651714385059,1562.2476365049,-170.21464959035,188.785586230259,1585.89710188216,0,0,0,0,0,0
17675.0136509,832.2,-0.00856961309909821,0.0414344280958176,0,-39.9485859551577,-22.2663703115213,1831.13858485846,93.2824282647114,-21.968910233127,1809.46240730167,242.58590284513,156.4757276078,1561.81281910087,-170.058910268418,188.463612594324,1586.19079811964,0,0,0,0,0,0
17675.0244033,829.2,-0.00915715657174587,0.040912239253521,0,-39.7420341747669,-22.4444759076231,1831.0660279146,93.4743727606754,-22.2677714151876,1809.48368287081,242.676552506769,156.391755612561,1561.64552022475,-169.965455298208,188.280509901437,1586.32825573194,0,0,0,0,0,0
17675.0349252,826.2,-0.00791985914111137,0.041730335354805,0,-39.5377571596899,-22.6274648243947,1830.99367430881,93.5159265496968,-22.4690327969783,1809.4177369097,242.743698647607,156.293419606249,1561.51282493473,-169.950999142771,188.130707577745,1586.46168871462,0,0,0,0,0,0
17675.0455216,823.2,-0.0091615803539753,0.0409501478075981,0,-39.404305337349,-22.7886954617097,1830.98192259704,93.4832259420006,-22.6241318872152,1809.34629154684,242.774294756938,156.181021453337,1561.36978102123,-169.910905586614,187.978368404102,1586.58199656128,0,0,0,0,0,0
17675.056185,820.2,-0.00883906055241823,0.0411020688712597,0,-39.503334308313,-22.9084605056501,1831.06534916608,93.483802627339,-22.8230686844234,1809.36958899626,242.798055100618,156.058509801225,1561.22866701627,-169.896723271387,187.826695797515,1586.71187387823,0,0,0,0,0,0
17675.0667756,817.2,-0.00892402417957783,0.0413347169756889,0,-39.5993590812307,-23.1347096023975,1831.15580123274,93.4269988243841,-23.1520968993258,1809.32211721041,242.823634729401,155.881698720146,1561.07397626199,-169.940746142799,187.631848746996,1586.89200376418,0.37279999256134,-0.40599998831749,0.834399998188019,37.6300010681152,58.9700012207031,407.570007324219
17675.0773439,814.2,-0.0084879333153367,0.0403419867157936,0,-39.6429057358507,-23.2737994012371,1831.16381114077,93.3873251987607,-23.4367933468953,1809.28815827612,242.826059641441,155.744666941481,1560.96348227496,-169.990874363024,187.489174083698,1586.99275279197,0.127399995923042,0.0984999984502792,0.986899971961975,79.879997253418,63.3800010681152,731.140014648438
17675.0879449,811.2,-0.00818157475441694,0.0402715936303139,0,-39.7290730416888,-23.4657021758315,1831.20123733025,93.3090987677761,-23.7210297216208,1809.29129225005,242.822078210915,155.596020149918,1560.8606428814,-169.980501912073,187.345487724939,1587.07842777207,-0.0313999988138676,0.215000003576279,0.976100027561188,23.1000003814697,101.379997253418,713.559997558594
17675.0985027,808.2,-0.00859990809112787,0.0412157088518143,0,-40.1425666216046,-23.51175183544,1831.37804319478,93.3919463365832,-24.010492769808,1809.38100500501,242.796595524536,155.48626943261,1560.79290586933,-170.012872695804,187.257025438818,1587.12156213549,0,0,0,0,0,0
17675.1170029,805.2,-0.00871822703629732,0.0403062798082829,0,-40.0404203785747,-23.6020669504498,1831.31174031185,93.310832709278,-24.114434644111,1809.3430039422,242.766183310829,155.426769056769,1560.77025276406,-169.986761257376,187.194123121235,1587.16408802975,-0.0627999976277351,0.346599996089935,0.935899972915649,-5.63000011444092,149.960006713867,703.179992675781
17675.1275769,802.2,-0.00886667612940073,0.0405320845544338,0,-40.0278011118143,-23.9103642410623,1831.14604234536,92.9542387251185,-24.5717455769727,1809.29027672192,242.661155905109,155.059669993857,1560.66159049045,-170.015398272307,186.992145645952,1587.27008945294,0,0,0,0,0,0
17675.1441941,799.2,-0.00854524690657854,0.0407500475645065,0,-39.9676828852282,-23.9735945021096,1831.09947601786,92.8973133605275,-24.7323532474221,1809.32798820091,242.65528450946,154.972884267319,1560.66046031721,-170.002246754942,186.947632810069,1587.28263965211,-0.18299999833107,0.482400000095367,0.856599986553192,0,0,0
17675.1547557,796.2,-0.00845770630985498,0.0414648860692978,0,-41.7841696028859,-24.476168190499,1831.48693181729,91.9427763275357,-26.0208232619799,1809.41910370765,242.397802105735,153.953014552103,1560.59222683453,-170.213937881341,186.527897841902,1587.44547212168,0,0,0,0,0,0
17675.1653009,793.2,-0.00848435796797276,0.0404206834733486,0,-42.1856916366828,-24.6349281016689,1831.48058998598,91.5725029857183,-26.4343118608321,1809.46572108779,242.333619989347,153.694886619892,1560.6211016348,-170.332748389239,186.44847881558,1587.49666624893,0,0,0,0,0,0
17675.1759111,790.2,-0.00855089444667101,0.0408826604485512,0,-42.5626231155048,-24.8681530042714,1831.42637034228,91.0693385970474,-26.817091806189,1809.46130078119,242.255585894806,153.462124328231,1560.6440986995,-170.428567558262,186.37135177786,1587.53427247161,0,0,0,0,0,0
17675.1864083,787.2,-0.00839812308549881,0.0412202388048172,0,-43.0697379455623,-25.0328942384905,1831.38260439291,90.6514423628898,-27.160825423564,1809.38287486229,242.125363725655,153.174681029525,1560.6763546643,-170.557717617358,186.253522812532,1587.55282051585,0,0,0,0,0,0
17675.2039494,784.2,-0.00812712404876947,0.0407699592411518,0,-43.2544465985609,-25.1203173753189,1831.37716018681,90.4929390112979,-27.2498771036393,1809.35650279266,242.082509948146,153.077145727957,1560.67219841327,-170.589141868318,186.222295999677,1587.55990531049,-0.14300000667572,0.342900007963181,0.928399980068207,0,0,0
17675.2145746,781.2,-0.00824359524995089,0.0419117569923401,0,-44.4707745420617,-25.504503303754,1831.24839065266,89.235392011829,-28.3414838952122,1809.32458696678,241.631030203429,152.198748367671,1560.76069299513,-170.968669500194,185.977281998512,1587.58829342139,0,0,0,0,0,0
17675.2378939,778.2,-0.00846865493804216,0.0413351155817509,0,-44.7145384071013,-25.5894857373724,1831.25420918622,89.0897311598327,-28.5147628641513,1809.33287260145,241.59513877446,152.097898532768,1560.77573553963,-171.001588219314,185.937154314093,1587.58529408141,-0.0157999992370605,0.32490000128746,0.945599973201752,22.6499996185303,248.289993286133,656.119995117188
17675.2484938,775.2,-0.00825851317495108,0.040914548933506,0,-45.5529296239734,-25.8867262314729,1831.15553196082,88.3325945009422,-29.168578596611,1809.33376366541,241.431447458193,151.550123888538,1560.89551226719,-171.254791377194,185.793774532188,1587.56811589637,0,0,0,0,0,0
17675.2601738,772.2,-0.00775759015232325,0.0421918876469135,0,-46.7442033986686,-26.2543824760687,1831.0820991685,87.1175900980078,-30.032996585233,1809.30326944023,240.943199703961,150.785872373478,1561.04075987778,-171.57956722616,185.603267822451,1587.59937965421,0,0,0,0,0,0
17675.270737,769.2,-0.00775616057217121,0.0421007372438908,0,-47.7877687081159,-26.5678355265061,1831.00382931159,86.0734579252539,-30.5211689657649,1809.18628521444,240.611420949258,150.324004388667,1561.16340535852,-171.906593206802,185.44570549062,1587.53811980773,0,0,0,0,0,0
17675.2813246,766.2,-0.00707885669544339,0.0433392211794853,0,-48.416318910071,-26.7325004121067,1830.96544940795,85.4867767551378,-31.0519199635878,1809.22821728879,240.380511373408,150.014521690117,1561.24633483632,-172.122805533217,185.383107538082,1587.4925158488,0,0,0,0,0,0
17675.2919256,763.2,-0.00693339295685291,0.0429887421429157,0,-48.6111164428635,-26.794645816584,1830.96171039424,85.2710233068656,-31.1667787121904,1809.24021393668,240.296671192497,149.90731340576,1561.28506595354,-172.231923099728,185.358992185266,1587.48686317905,0,0,0,0,0,0
17675.3043292,760.2,-0.00689668068662286,0.0431832171976566,0,-48.8411858130507,-26.8470792172637,1830.9588286808,85.1019037712389,-31.352011850672,1809.24351161403,240.216498372458,149.781793899509,1561.31550942516,-172.291550674862,185.323155939614,1587.474363738,-0.170800000429153,0.54009997844696,0.824100017547607,0,0,0
17675.3149196,757.2,-0.00667210901156068,0.0439270719885826,0,-49.812540846093,-27.1864695677526,1830.85238107791,84.1201446271434,-31.9109638154764,1809.28558059185,239.826508702076,149.123918705166,1561.52161975829,-172.683224835449,185.18449294288,1587.3752973628,0,0,0,0,0,0
17675.3255362,754.2,-0.00541805475950241,0.0420629069209099,0,-51.2061503440926,-27.549345754977,1830.74898125558,82.7310341833641,-32.6312285351317,1809.21190612889,239.365676975929,148.300702559806,1561.89809431027,-173.215751923835,185.025600740745,1587.28801710475,0,0,0,0,0,0
17675.3377176,751.2,-0.00618256628513336,0.0443056471645832,0,-51.4314979800432,-27.6054942111125,1830.73149029262,82.5506635660568,-32.8187054706062,1809.21950075422,239.310066839783,148.147254682909,1561.97565818229,-173.302066902581,184.98469659754,1587.25790633048,-0.144500002264977,0.483900010585785,0.863099992275238,0,0,0
17675.3483126,748.2,-0.00537640089169145,0.0449713677167893,0,-52.407456952183,-27.9034408983092,1830.64483668436,81.4598730698185,-33.341314084519,1809.19216535851,238.875688815441,147.423615917803,1562.27773339836,-172.165389530954,184.809998328564,1586.48960543335,0,0,0,0,0,0
17675.3588592,745.2,-0.00599732762202621,0.0431188777089119,0,-53.0617458997388,-28.0919015083494,1830.62764414088,80.8173797476445,-33.7104424277673,1809.25656407981,238.58138034405,147.024419058173,1562.4903648458,-171.949474070251,184.816663503378,1586.18658099372,0,0,0,0,0,0
17675.3693954,742.2,-0.00513854995369911,0.0446596689522266,0,-53.8865364243233,-28.3057098975858,1830.64007564417,80.1528627363204,-34.1045093842724,1809.3535555903,238.249887423493,146.474207753542,1562.74581439279,-171.944142789364,184.799861903314,1585.98347657401,0,0,0,0,0,0
17675.3807918,739.2,-0.00486812181770802,0.0449975490570068,0,-54.1937017287757,-28.3347726205479,1830.70417429062,79.9292888987261,-34.2329445218009,1809.36940461766,238.14831513841,146.301391675043,1562.80319042844,-171.852071134455,184.805114873924,1585.86138292733,-0.159199997782707,0.381000012159348,0.910700023174286,0,0,0
17675.3914911,736.2,-0.00441741105169058,0.0454760327935219,0,-55.7062646605922,-28.7500212368416,1830.62642851107,78.2743518155491,-34.906671926878,1809.58037221502,237.507977490522,145.304306935654,1563.30319733625,-172.314505533334,184.689776319107,1585.59800503328,0,0,0,0,0,0
17675.4020887,733.2,-0.00440945336595178,0.045814598351717,0,-55.9419474853853,-28.7902530317203,1830.59249594377,77.9912695750796,-35.0099287909218,1809.60990583946,237.401433434159,145.157669678078,1563.3725350218,-172.411869839238,184.64485215739,1585.58004559171,0,0,0,0,0,0
17675.4125961,730.2,-0.00363665143959224,0.0463486522436142,0,-56.9960009889382,-29.0848903587198,1830.64369079812,76.8856557912471,-35.6556676900911,1809.84026918578,236.972845416737,144.393836799179,1563.80229607406,-172.698215681939,184.555478236807,1585.36009160516,0,0,0,0,0,0
17675.4231709,727.2,-0.00323530356399715,0.0462642893195152,0,-58.0464503808804,-29.3239885817924,1830.77166501754,75.9400208434798,-36.0259869511006,1809.96662678854,236.662039708799,143.799000767068,1564.14316552505,-173.032909227791,184.447903256551,1585.29450636239,0,0,0,0,0,0
17675.4337154,724.2,-0.00348415994085371,0.0479241780936718,0,-58.6758000217614,-29.4980742468325,1830.79719236694,75.3181085922424,-36.4844937483308,1810.14683150971,236.370272741515,143.276907019442,1564.37276745972,-173.246294518406,184.385683159232,1585.22646176799,0,0,0,0,0,0
17675.4442902,721.2,-0.00289048277772963,0.0465873539447784,0,-59.4336230819296,-29.6792997110641,1830.86848492307,74.5768888643041,-36.8942697350589,1810.28520262192,236.155198544461,142.869591269149,1564.57765144468,-173.435182752145,184.308415657018,1585.18219236053,0,0,0,0,0,0
17675.4548383,718.2,-0.00232355762273073,0.0464047066867352,0,-60.0690916447169,-29.8449333426531,1830.89345195843,73.9935490204424,-37.2297420366366,1810.38946875196,235.997780618923,142.510758632177,1564.7712501111,-173.762514221685,184.160393683793,1585.23690493437,0,0,0,0,0,0
17675.4654195,715.2,-0.00106802384834737,0.048368065059185,0,-60.7645738743507,-29.9864242168746,1830.88971346911,73.2968231945912,-37.5895793578956,1810.4851510147,235.763821508758,142.009598561607,1565.0046125977,-174.056181102184,184.088332240629,1585.2594360114,0,0,0,0,0,0
17675.4760814,712.2,-0.00201125955209136,0.046900699287653,0,-61.2685896947221,-30.1544144722293,1830.79219253996,72.6570370254978,-37.9994030537375,1810.6309312565,235.548033734263,141.46550698734,1565.26409470965,-174.255226698366,184.002852107573,1585.2560905673,0,0,0,0,0,0
17675.4866388,709.2,-0.00162848411127925,0.0470818117260933,0,-62.3376776595122,-30.4259084919236,1830.80235792375,71.7657081783127,-38.473315820632,1810.7625018765,235.304593306383,140.905105994199,1565.55452018441,-174.584586638808,183.859307549112,1585.28816513553,-0.290499985218048,0.474400013685226,0.830999970436096,18.3199996948242,267.589996337891,616.400024414062
17675.4971777,706.2,-0.000991871114820242,0.0481134340167046,0,-62.7676328643295,-30.5103141652431,1830.82428420282,71.3284694666088,-38.6460229207258,1810.79219644384,235.154884193073,140.633747800154,1565.66634339595,-174.669601672911,183.79477913482,1585.2808574375,0,0,0,0,0,0
17675.5093003,703.2,-0.00229899026453495,0.0465490840375423,0,-63.0042815639824,-30.548139676162,1830.8220038713,71.132717270979,-38.770674384867,1810.84555238767,235.123457830737,140.527938609591,1565.73941998433,-174.776145455613,183.792488693721,1585.30235043736,-0.0498000010848045,0.451499998569489,0.890900015830994,9.65999984741211,281.649993896484,609.460021972656
17675.522595,700.2,-0.000914142001420259,0.0476774893701077,0,-64.0303767696352,-30.8336328244418,1830.81234933833,70.0394350986517,-39.5187158307291,1811.02941808812,234.579792085813,139.794755425321,1565.95084977462,-175.017132954924,183.682471270942,1585.29131134663,0,0,0,0,0,0
17675.5332773,697.2,-0.000882203807123005,0.0484656117856503,0,-65.1428125943822,-31.1374676852492,1830.72932791092,68.6914046532338,-40.1844850594343,1811.06151608423,234.25064502278,139.034091229645,1566.21786461052,-175.492619101392,183.48088029151,1585.39541884927,0,0,0,0,0,0
17675.543853,694.2,-0.000219868452404626,0.0481586962938309,0,-65.8398134562507,-31.2711931274951,1830.69074849969,68.5473570284308,-40.8746721978228,1811.22612830284,234.10444055242,138.625064074555,1566.33190282941,-175.622369748215,183.376146162989,1585.37133612933,0,0,0,0,0,0
17675.5543831,691.2,-0.00154091406147927,0.0500907212495804,0,-66.4007780324542,-31.3945276841088,1830.62139828495,67.9058999317936,-41.2100418706503,1811.29595874063,233.933624805007,138.184079610626,1566.43217453177,-175.721146717123,183.296063523581,1585.32737619089,0,0,0,0,0,0
17675.5649267,688.2,-0.000329269474605098,0.0486922472715378,0,-66.9597673161891,-31.4613134979591,1830.59264180206,67.3535416018114,-41.5688500065682,1811.35443921387,233.781532746709,137.814116774352,1566.53462406907,-175.853160800759,183.232825513646,1585.28055893005,0,0,0,0,0,0
17675.5755066,685.2,-8.06533498689532e-05,0.0490541033446789,0,-67.655787697827,-31.5483009638432,1830.61696237669,66.7484138474226,-41.9126826444596,1811.39783019657,233.624143701836,137.460228468564,1566.65076031449,-175.966231731396,183.136060772326,1585.2500565525,0,0,0,0,0,0
17675.5861003,682.2,-0.000926746928598732,0.0484228938817978,0,-68.252269759193,-31.6488769830644,1830.65548700958,66.177842564433,-42.2704732436096,1811.43666312612,233.473792567999,137.060098078439,1566.76794802715,-176.053109119326,183.117352830316,1585.21294240018,0,0,0,0,0,0
17675.5967218,679.2,-0.000602121872361749,0.0494710750877857,0,-68.7617134553844,-31.7318592947763,1830.60185248142,65.5671566284721,-42.65437861947,1811.43213971174,233.316400756249,136.621670419509,1566.8773532668,-176.103059175613,183.077678005784,1585.16142380766,0,0,0,0,0,0
17675.6073218,676.2,9.34850322664715e-05,0.0486230723559856,0,-69.2733919973527,-31.8440635733656,1830.56689717582,65.0716035021651,-43.0091680720336,1811.47222465032,233.150432391989,136.206555061095,1566.98785793649,-176.175067391767,183.05864532542,1585.1369800245,0,0,0,0,0,0
17675.6179403,673.2,0.000250249577220529,0.0485894665122032,0,-69.7740005729438,-31.9347018928608,1830.52585239184,64.4937232405888,-43.2327652102304,1811.40098683639,233.071910220683,135.921192101291,1567.08469958896,-176.272911872757,183.018207978969,1585.10215016701,0,0,0,0,0,0
17675.641663,670.2,0.00115238374564797,0.0498705677688122,0,-70.0127843062208,-31.9781019696425,1830.49625985229,64.2668456089329,-43.3124317758314,1811.35968005191,233.048805896253,135.842357392046,1567.09074005354,-176.298075318184,183.008407261908,1585.09403024802,-0.0759000033140182,0.383399993181229,0.920400023460388,-9.13000011444092,251.990005493164,614.719970703125
17675.6522441,667.2,0.000606383313424885,0.0489147551357746,0,-70.8597900864305,-32.0559328103403,1830.34638630531,63.4743307408922,-43.7971861806087,1811.40340676652,232.875833074047,135.430429061838,1567.17185596279,-176.406722700465,183.037056984709,1585.02037424618,0,0,0,0,0,0
17675.6638964,664.2,0.000337543286150321,0.0493718147277832,0,-71.4172381007727,-32.0694188631276,1830.32573157577,62.9842034877927,-44.0883267901017,1811.4377884013,232.766380969574,135.138343389416,1567.22966504896,-176.528599525961,183.012725814392,1584.99795939066,0,0,0,0,0,0
17675.6745125,661.2,0.000221041162149049,0.0496557749807835,0,-72.1646656759096,-32.1879122600336,1830.22681465402,62.1434134551461,-44.4821067971842,1811.32750955834,232.546919591965,134.478666574664,1567.35075940572,-176.641522089167,183.102211421173,1584.86862194518,0,0,0,0,0,0
17675.6876341,658.2,0.000420702970586717,0.0490398950874806,0,-72.3178555126361,-32.2095913159289,1830.20917984535,62.0440143735951,-44.5268882367339,1811.32378327371,232.545582555498,134.36987047533,1567.37770437419,-176.666331997046,183.090016656795,1584.85829153846,0,0,0,-18,246.880004882812,614.380004882812
17675.6982647,655.2,-0.000462838826933876,0.0489622563123703,0,-73.0560991277167,-32.3582669727911,1830.01670166319,61.1197532649806,-45.0603109510435,1811.23523198839,232.49537593874,133.69530486653,1567.54382808247,-176.770997712525,183.173516575945,1584.70284801848,0,0,0,0,0,0
17675.7088759,652.2,0.000270672375336289,0.0480289034545422,0,-73.3312306580964,-32.4756160856494,1829.9616404517,60.8433638024879,-45.2381876728341,1811.18798860163,232.418946607797,133.431316183445,1567.61279980627,-176.813082958871,183.248477281501,1584.61388557681,0,0,0,0,0,0
17675.7217309,649.2,0.000458004651591182,0.0489288069307804,0,-73.7773829367018,-32.7119195342004,1829.79185239228,60.4985479522317,-45.5521999241238,1811.142966282,232.205158797986,132.926315570496,1567.72129560338,-176.770031292653,183.379460206037,1584.41890129741,0,0,0,0,0,0
17675.7323332,646.2,-2.25309577217558e-05,0.0491244480013847,0,-73.9826110727323,-32.8240297210016,1829.70631012733,60.3186316946995,-45.7109331731096,1811.12140771788,232.159636774641,132.653089488426,1567.82960948131,-176.787962848819,183.434529397528,1584.33395710869,0,0,0,0,0,0
17675.7438064,643.2,-0.000558254308998585,0.0484699778258801,0,-74.3733199727333,-32.9420049872471,1829.69268527042,60.1265213658231,-45.8636494708962,1811.08762155614,232.159427569757,132.318530821585,1568.0074253619,-176.749738018085,183.568578620055,1584.1895213576,0,0,0,0,0,0
17675.7602339,640.2,1.40497386382776e-05,0.0485674053430557,0,-74.2831286904888,-32.9935563320901,1829.60533083817,60.0710024955057,-45.8813670024791,1811.07341589018,232.176422389203,132.237139572774,1568.04550120416,-176.766499711065,183.588024344481,1584.16378398066,-0.289900004863739,0.499599993228912,0.816299974918365,68.9199981689453,269.609985351562,603.919982910156
17675.7707842,637.2,-0.000289495656033978,0.0483626745641232,0,-74.4466690336948,-33.0396369395975,1829.60478686295,60.0002753930862,-45.9492910811579,1811.07235732829,232.182401890212,132.075881134718,1568.13923813477,-176.702714458007,183.678070394217,1584.0549612286,0,0,0,0,0,0
17675.7816651,634.2,-0.000126049169921316,0.048679868131876,0,-74.5466662014591,-33.1399812024989,1829.54834233288,59.8714993208977,-46.0353627173018,1811.01794343101,232.180748032417,131.84141730474,1568.25299451196,-176.707568797634,183.755519487347,1583.9735037836,0,0,0,0,0,0
17675.7922446,631.2,5.41356439498486e-06,0.0477619864046574,0,-75.0321864722278,-33.3519950524779,1829.41040159218,59.5091788092317,-46.2508021635517,1810.95266621851,232.122462072273,131.208829895559,1568.5716527052,-176.60199380792,184.080577740512,1583.68219853987,0,0,0,0,0,0
17675.8028065,628.2,-0.000815178209450096,0.048467493057251,0,-75.0768685064753,-33.3753236498003,1829.40541287347,59.4687346777482,-46.2867978106028,1810.94585068524,232.079851854552,131.13653869299,1568.60169912451,-176.552452598819,184.130286335492,1583.6252700043,0,0,0,0,0,0
17675.8133339,625.2,-0.000538564403541386,0.0471245408058167,0,-75.3937677821477,-33.4814661485251,1829.23595838255,59.1259354192481,-46.4634235340484,1810.88986351386,232.098544735191,130.776075058354,1568.81760255895,-176.64621901004,184.223876265377,1583.51868984532,0,0,0,0,0,0
17675.8239115,622.2,-0.000552419864106923,0.0474804922938347,0,-75.5875642380309,-33.5127601943468,1829.17808675693,58.8964857273163,-46.5355764902551,1810.85584427731,232.12596849943,130.621195430046,1568.92994783588,-176.69164422865,184.331580193451,1583.46876040033,0,0,0,0,0,0
17675.8344532,619.2,-0.00117668090388179,0.0482333213090897,0,-75.7604832453903,-33.5165005773214,1829.12317484238,58.6737674928761,-46.6250404053237,1810.84485467088,232.167003220634,130.460951603158,1569.02613244216,-176.647273645334,184.418482639048,1583.37079563097,0,0,0,0,0,0
17675.845021,616.2,8.01561109255999e-05,0.0474989324808121,0,-75.933002056566,-33.5379845600815,1829.07699179341,58.4931331322612,-46.712249839689,1810.86587939906,232.217046918397,130.310935143461,1569.09819142909,-176.598148245104,184.517399459681,1583.28366262538,0,0,0,0,0,0
17675.855587,613.2,-0.00102699769195169,0.0478047750890255,0,-76.1649758669961,-33.4763138295041,1828.99017604825,58.2707738568066,-46.8010062859154,1810.84614485439,232.268782977163,130.153776959598,1569.1721324401,-176.47899384016,184.637417121641,1583.14260441337,0,0,0,0,0,0
17675.8661561,610.2,-0.00116747699212283,0.0478907845914364,0,-76.3554311608697,-33.4633478936204,1828.96239935231,58.0473350624209,-46.8869004393314,1810.86157306853,232.347685859584,130.001798926568,1569.24388583445,-176.423145163723,184.706094533073,1583.05714958712,0,0,0,0,0,0
17675.8767541,607.2,-0.000722872617188841,0.0485455118119717,0,-76.5597999534229,-33.4856765432841,1828.8217962119,57.8148059771999,-46.9981247783618,1810.88041634976,232.438136863209,129.807177894313,1569.33496262364,-176.270242924366,184.836709239846,1582.89602997363,-0.0498999990522861,0.421299993991852,0.905499994754791,-68.3499984741211,261.570007324219,595.169982910156
17675.8873115,604.2,-0.000802129448857158,0.0479033872485161,0,-76.7878371864748,-33.4288378245571,1828.80741260537,57.6743196259774,-47.0466554250142,1810.87307676051,232.485491516535,129.723133843006,1569.36503168685,-176.185806195327,184.898913292282,1582.82189781218,0,0,0,0,0,0
17675.8979316,601.2,-0.00166646251454949,0.0475197307765484,0,-76.9461931247283,-33.3951144296749,1828.76043139367,57.4773028926856,-47.1016114709214,1810.8723192661,232.517045194532,129.594167499986,1569.41269334236,-176.131872835466,184.943248118346,1582.76520731445,0,0,0,0,0,0
17675.9223202,598.2,-0.00139044702518731,0.0476523771882057,0,-77.0300906391023,-33.3844723701943,1828.7511310541,57.41189094848,-47.1189924592804,1810.87214832781,232.534210743348,129.548327330097,1569.42021670599,-176.119392762842,184.958614225369,1582.76617775714,-0.200100004673004,0.487899988889694,0.84960001707077,0,0,0
17675.9330652,595.2,-0.00170493114273995,0.0481729082763195,0,-77.5408645557425,-33.299202906095,1828.56624518057,56.9578509256362,-47.2947685824055,1810.86219589998,232.716588810976,129.226448366696,1569.51605087594,-175.844061419577,185.125577786584,1582.55968018407,0,0,0,0,0,0
17675.9437537,592.2,-0.0015320279635489,0.0485740400850773,0,-77.6905661630502,-33.2979654426239,1828.52992210101,56.8350285680078,-47.3466680850137,1810.86096103991,232.759497984299,129.104066977329,1569.55828243411,-175.688403519509,185.182209287836,1582.47259837934,0,0,0,0,0,0
17675.9699398,589.2,-0.00175465224310756,0.0481418021023274,0,-77.7224609999888,-33.3036474722223,1828.49581227167,56.8215702692688,-47.3768458566188,1810.87699070267,232.779847924125,129.083175920644,1569.56986721541,-175.665490841372,185.190832010894,1582.45342922096,0,0,0,-22.2900009155273,244.320007324219,603
17675.9805382,586.2,-0.00181851186789572,0.0473415352404118,0,-77.7829442918918,-33.2533196723441,1828.47492187223,56.7392014249844,-47.4329674142636,1810.87088686004,232.859558365145,128.962180575254,1569.63234788804,-175.553017890814,185.21782358332,1582.38359905136,0,0,0,0,0,0
17675.9911153,583.2,-0.0011965612648055,0.0478042982518673,0,-77.7866500503224,-33.287600591259,1828.44666819833,56.7288470791508,-47.4617916095845,1810.9094637403,233.005560639137,128.867302466931,1569.73942852952,-175.439441769871,185.218514831335,1582.35210034105,0,0,0,0,0,0
17676.0225566,580.2,-0.000536661245860159,0.0485737383365631,0,-77.787880379404,-33.2529414499005,1828.46966229332,56.7273406661387,-47.4583730508747,1810.92054802744,233.002302058286,128.836309044296,1569.75892450855,-175.410513398871,185.213725831122,1582.34485234641,0,0,0,-47.9599990844727,219.339996337891,608.080017089844
17676.0331552,577.2,-0.0010750483488664,0.047444386780262,0,-77.7974326049778,-33.2441737000063,1828.52215548419,56.7926079248275,-47.4502168096279,1810.99817785861,233.159462242622,128.772914814458,1569.89096125788,-175.411304792478,185.079792121712,1582.38770955219,0,0,0,0,0,0
17676.0598895,574.2,-4.51370469818357e-05,0.0491830840706825,0,-77.8112307753491,-33.2402211032143,1828.54106975811,56.8093470308488,-47.4531943865816,1811.01763457632,233.182228922392,128.757235715988,1569.91619305149,-175.363919453959,185.054955285685,1582.37536607818,0,0,0,-25.3099994659424,218.139999389648,611.349975585938
17676.0705588,571.2,-0.000884857203345746,0.0486351013183594,0,-77.5758555002599,-33.2394722656384,1828.61285012433,57.0189965719363,-47.382286729517,1811.18102040301,233.524132111802,128.696303650343,1570.20997394951,-175.083746662831,184.885451145163,1582.29607274555,0,0,0,0,0,0
17676.0823729,568.2,-0.0004686473403126,0.0480228088796139,0,-77.476531529269,-33.280989684947,1828.65888642299,57.1544253464721,-47.3630490268743,1811.2652548754,233.682960178611,128.672348388713,1570.33720558821,-174.919873849764,184.836714029932,1582.26837807938,0,0,0,0,0,0
17676.0931526,565.2,-0.000990018830634654,0.0489558152854443,0,-77.1844932200886,-33.2909019528099,1828.68847156047,57.3893537488841,-47.3130297881271,1811.4161786504,234.02158672405,128.617762102474,1570.57842355015,-174.665044155597,184.696820851517,1582.20509727047,0,0,0,0,0,0
17676.1039812,562.2,-0.00111690757330507,0.0487113617360592,0,-76.8013456757862,-33.3342354849221,1828.66202847448,57.6955712423249,-47.2941260198591,1811.58869798683,234.339506945037,128.58049403722,1570.80998013801,-174.280484834848,184.546737848175,1582.07378943185,0,0,0,0,0,0
17676.115308,559.2,-0.00178531266283244,0.0499974735081196,0,-76.7928113632016,-33.2993728841916,1828.70559043594,57.7520777928209,-47.2950854663357,1811.61216520733,234.430203482253,128.596736277154,1570.85306268168,-174.218365181906,184.529458045287,1582.03724733063,0,0,0,-76.620002746582,261.059997558594,581.140014648438
17676.1260581,556.8,-0.00181601545773447,0.0492064230144024,0,-76.4287184702875,-33.4196225213744,1828.61604781426,57.9981237401998,-47.264432771709,1811.70878362705,234.846831233726,128.638951193266,1571.07169072428,-173.8248199209,184.425026496981,1581.93711294184,0,0,0,0,0,0
17676.1365746,559.8,-0.00280480994842947,0.0484420567750931,0,-76.1719973201193,-33.4017534659035,1828.60305288177,58.347546269165,-47.2077927419498,1811.78317357222,235.386155391185,128.799413091812,1571.25588587583,-173.525705372401,184.354961412927,1581.90599058764,0,0,0,0,0,0
17676.1545915,562.8,-0.00151571806054562,0.0505417868494988,0,-76.1623718457196,-33.4152404922274,1828.60528533647,58.4490967071902,-47.2562428331312,1811.80804324704,235.459792041617,128.816576557865,1571.29413659643,-173.509243316601,184.310292370158,1581.94229014245,0,0,0,0,0,0
17676.1651855,565.8,-0.00233937613666058,0.0500160962343216,0,-76.0883302764515,-33.4156859042275,1828.58363145596,58.5308279491687,-47.2201564206404,1811.78142711371,235.638607265316,128.876618949495,1571.33608030706,-173.364236793397,184.26652102569,1581.93622647401,0,0,0,0,0,0
17676.1758032,568.8,-0.0030256814789027,0.050488556176424,0,-75.5895727521717,-33.4533091889112,1828.38748890939,59.0023678042928,-47.1829247357543,1811.84971515508,236.350647595042,129.104053751637,1571.57598459208,-172.405983506166,184.373920372828,1581.80806897494,0,0,0,0,0,0
17676.1863578,571.8,-0.00402537360787392,0.0510426595807076,0,-75.3678040828128,-33.3145246899521,1828.32218150581,59.2456363780558,-47.1766261091833,1811.80465257413,236.859004364381,129.234642879115,1571.7411975258,-171.888764402811,184.383780336373,1581.80057036625,0,0,0,0,0,0
17676.2066494,574.8,-0.00453584035858512,0.051327096670866,0,-75.3827593428257,-33.2583618796857,1828.34833226503,59.2875252167964,-47.1904002249195,1811.7949185566,236.945182445229,129.265607293527,1571.76012324518,-171.774580646591,184.388797306641,1581.78411292134,0,0,0,-71.4000015258789,261.880004882812,578.849975585938
17676.2172525,577.8,-0.00468185124918818,0.0520095661282539,0,-75.1992798061323,-33.0188383772253,1828.34116045002,59.4369048180725,-47.192307310011,1811.71708293556,237.416585088966,129.449977601421,1571.89846101581,-171.27519201212,184.437617222515,1581.75398766106,0,0,0,0,0,0
17676.2278456,580.8,-0.00561197940260172,0.0520588144659996,0,-74.973030225471,-32.6168035506761,1828.29447135347,59.5842517928484,-47.1941684643016,1811.58824592284,237.984173293416,129.650463998902,1572.06398828239,-170.788129468813,184.465127239896,1581.79260975505,0,0,0,0,0,0
17676.238973,583.8,-0.00623490056023002,0.0514285996556282,0,-74.9843554060475,-32.5360051553575,1828.2892041952,59.5805093537251,-47.1839587925322,1811.55493608047,238.033358124483,129.691433658425,1572.07324764297,-170.59356430987,184.508923266482,1581.72187245354,0,0,0,-48.5400009155273,268.459991455078,581.070007324219
17676.2494704,586.8,-0.0058461232110858,0.0527947716414928,0,-74.8291085202722,-32.2277920716906,1828.27536338023,59.6901784454509,-47.1804348706315,1811.4463981623,238.615344814584,130.000368589529,1572.20492355449,-170.292834591949,184.507822721607,1581.78804622784,0,0,0,0,0,0
17676.2601154,589.8,-0.00713969906792045,0.0519883692264557,0,-74.6521126422978,-31.8217147352482,1828.30448407948,59.7151629771768,-47.0607840618215,1811.29009572594,239.120034424269,130.214491831892,1572.28085280834,-169.757402671325,184.623424490883,1581.70254867204,0,0,0,0,0,0
17676.2706891,592.8,-0.00715639302507043,0.0521989338099957,0,-74.6278333013485,-31.7070122196307,1828.29366996036,59.7494297301255,-47.0384547473254,1811.28241442057,239.262760848372,130.28663729291,1572.30054819684,-169.719596173206,184.611322122342,1581.71953089182,0,0,0,0,0,0
17676.2856335,595.8,-0.00742036523297429,0.0522890895605087,0,-74.6019812352679,-31.6167204836168,1828.31134890315,59.794519591139,-47.0116015150761,1811.26724918185,239.315790087659,130.308930512495,1572.3040490823,-169.690294086717,184.640046735334,1581.74702809001,0,0,0,-72.3399963378906,263.700012207031,579.630004882812
17676.296172,598.8,-0.00772448722273111,0.0516198113560677,0,-74.3410515628034,-31.281414785501,1828.26245681392,59.9217679308221,-46.8228768569297,1811.13110165247,239.658707939214,130.498393107014,1572.30925029746,-171.914376969543,184.731880700178,1582.91564699676,0,0,0,0,0,0
17676.3067276,601.8,-0.00809828285127878,0.0519417993724346,0,-74.153065272038,-30.693683509007,1828.33210648524,60.2059321986402,-46.5577528666549,1811.04660897436,240.119107236376,130.834979212521,1572.29845335286,-171.378825079126,184.918440803209,1582.76347423542,0,0,0,0,0,0
17676.326547,604.8,-0.00801195483654737,0.050925812125206,0,-74.0533417333448,-30.6308831958318,1828.30045339117,60.243289511862,-46.489589974908,1811.02442377343,240.191777399395,130.890187765432,1572.29730306023,-171.262677445847,184.953324895964,1582.75641865862,0,0,0,-139.770004272461,267.25,557.580017089844
17676.3371361,607.8,-0.00789508502930403,0.0506391361355782,0,-74.0089362829803,-30.3321352314971,1828.38541181165,60.3305937089793,-46.3713590008475,1810.9700045572,240.374370211914,131.007672824495,1572.26271901137,-171.059224916257,185.070298781133,1582.70926125891,0,0,0,0,0,0
17676.3476983,610.8,-0.00885576941072941,0.0516513906419277,0,-73.7047876917717,-29.7877730982799,1828.45606264278,60.7045889338272,-46.0335083798554,1811.00245493917,240.93295979797,131.445874098065,1572.2181762667,-170.526667398725,185.301988453167,1582.51796736717,0,0,0,0,0,0
17676.3582918,613.8,-0.00922183133661747,0.0511490650475025,0,-73.1052357922941,-29.1739589376318,1828.39963209095,61.2218205515425,-45.5114659877736,1811.05614506953,241.420138148218,131.843796519098,1572.16495389851,-170.013439882248,185.663738827226,1582.27773350359,-0.281800001859665,0.474799990653992,0.83380001783371,-129.460006713867,274.119995117188,554.989990234375
17676.3688902,616.8,-0.00963142886757851,0.0500674791634083,0,-72.9648354698277,-28.9691863809661,1828.39774884982,61.4153970386681,-45.3239762685466,1811.07710455733,241.568453821464,131.94491510734,1572.13894249639,-169.89366100859,185.7660486729,1582.22064226755,0,0,0,0,0,0
17676.3794639,619.8,-0.00996154453605413,0.0499547332525253,0,-72.7165167222541,-28.7925765976628,1828.37150922557,61.6870177620561,-44.9589009946663,1811.08399056082,241.771215260111,132.107807443272,1572.09870981906,-169.726390280353,185.88774946395,1582.08537458545,0,0,0,0,0,0
17676.4174327,622.8,-0.00964058376848698,0.0500545635819435,0,-72.6153100096876,-28.7539896438377,1828.35825955323,61.7879411724623,-44.8214425018908,1811.0658158306,241.844712065607,132.180476515389,1572.09450618227,-169.674157286459,185.942761571232,1582.061817496,-0.356000006198883,0.459100008010864,0.813899993896484,0,0,0
17676.4282747,625.8,-0.0103304479271173,0.0497229680418968,0,-71.9178123820459,-28.1315578153703,1828.35126206086,62.4943430219577,-44.1200473445011,1811.17903385639,242.491556554647,132.787672504362,1572.06329247218,-169.071688525883,186.350510237739,1581.71110465228,0,0,0,0,0,0
17676.4405201,628.8,-0.0102809751406312,0.0488594196736813,0,-70.7994539486641,-27.439703157758,1828.22011877959,63.6533357018621,-43.0492428718596,1811.2667954249,243.285902269572,133.507819623952,1572.08721214602,-168.179764690534,186.837668864686,1581.27088483002,0,0,0,0,0,0
17676.4511051,631.8,-0.0114728957414627,0.0491305761039257,0,-70.684390411964,-27.3422404879736,1828.22253985026,63.747151395502,-42.9486318559599,1811.29181305042,243.357237530173,133.576357856562,1572.08947443584,-168.130187604763,186.871474973888,1581.25890423784,0,0,0,0,0,0
17676.4616701,634.8,-0.0104342717677355,0.0483755007386208,0,-70.3231829922598,-26.9883994706117,1828.27508069063,64.1666246399985,-42.4504699638276,1811.34310931267,243.728617037042,133.912863276453,1572.15595766044,-167.789969838709,187.092745292014,1581.1007127353,0,0,0,0,0,0
17676.4722279,637.8,-0.0114057967439294,0.048279894888401,0,-70.0484632064719,-26.8588361889729,1828.23515215708,64.4227576197175,-42.1529285862553,1811.43235883313,243.985509202642,134.165461462972,1572.21589870525,-167.646866596892,187.221831080915,1581.0351829233,0,0,0,0,0,0
17676.4829077,640.8,-0.0108243860304356,0.0461311101913452,0,-69.8566943510186,-26.6838954442996,1828.32887583917,64.7506589903472,-41.8497855997174,1811.4961789656,244.196957443591,134.389481823796,1572.28695296556,-167.459118551805,187.340798291984,1580.98758566447,0,0,0,0,0,0
17676.4943315,643.8,-0.0127738602459431,0.0483383558690548,0,-69.7503515990096,-26.6154009915827,1828.310366779,64.8714883332714,-41.7678333752388,1811.52373943789,244.291610097944,134.458970167552,1572.31860812815,-167.393337976008,187.39935245791,1580.97351580015,0,0,0,0,0,0
17676.5106282,646.8,-0.0114006279036403,0.0479580037295818,0,-69.6612202489096,-26.5617614519061,1828.32924470362,64.9954627648576,-41.6787316001029,1811.56690696264,244.348586333949,134.53126956312,1572.32654723067,-167.355872577616,187.421841488641,1580.95708489793,0,0,0,-94.3000030517578,271.920013427734,556.799987792969
17676.5212088,649.8,-0.0117354653775692,0.047113573551178,0,-69.4696773952415,-26.4239218424983,1828.33800137042,65.1866643043419,-41.489044433243,1811.62387432216,244.469970146849,134.642811921515,1572.37860760015,-167.234525292276,187.500847651027,1580.93132906792,0,0,0,0,0,0
17676.5317788,652.8,-0.0117509281262755,0.0462639167904854,0,-68.7200674823629,-26.1355766876628,1828.38395030807,65.7063682091533,-40.9521435650557,1811.81268130184,244.723775732945,135.008213399596,1572.48025344777,-166.874841863166,187.707740663256,1580.85744732878,0,0,0,0,0,0
17676.5520652,655.8,-0.0108054028823972,0.047614599019289,0,-68.7166568585271,-26.0512222109023,1828.4725022909,65.8096671340471,-40.8795076947674,1811.85497960377,244.806798674522,135.10845009478,1572.50703985791,-166.834575483609,187.735739367519,1580.84323961313,-0.232299998402596,0.504499971866608,0.83160001039505,0,0,0
17676.5626075,658.8,-0.0113880811259151,0.0459163099527359,0,-68.2397757294592,-25.7465976334947,1828.64952762183,66.3120621729659,-40.4368784964325,1811.92481799315,245.076607088707,135.550219690964,1572.58526305384,-166.620127139468,187.887420592543,1580.82278060708,0,0,0,0,0,0
17676.573149,661.8,-0.0121563039720058,0.0457863494753838,0,-67.6081874507429,-25.5423462815907,1828.71911419914,66.9674006072305,-39.8174447281342,1811.96977072578,245.397339736811,136.147730407619,1572.65270452578,-166.430736903257,188.025377595593,1580.77899389551,0,0,0,0,0,0
17676.5837439,664.8,-0.0125125041231513,0.0462849274277687,0,-66.7449151550149,-25.4951515416447,1828.5891356961,67.6728144018468,-39.2805306609365,1812.06632221863,245.691178737521,136.685842745453,1572.72426998867,-166.202595165368,188.121415713593,1580.75057795625,0,0,0,0,0,0
17676.603962,667.8,-0.0126426704227924,0.0454673752188683,0,-66.5793869757132,-25.4459159308134,1828.56492759792,67.8282024438068,-39.231348676534,1812.10709066597,245.710799703273,136.762280967536,1572.73396562228,-166.116260203015,188.141842326297,1580.7309845102,-0.12890000641346,0.472900003194809,0.871599972248077,0,0,0
17676.6147365,670.8,-0.0124564049765468,0.0450613297522068,0,-66.0988294053644,-25.2793171756986,1828.64894118773,68.4628545599868,-38.8307510248475,1812.19111913326,245.892321659361,137.207616672627,1572.78066050982,-165.997652119283,188.220593409458,1580.71313003748,0,0,0,0,0,0
17676.6253846,673.8,-0.0125085450708866,0.0457411393523216,0,-65.0303287326564,-25.1004100880211,1828.57816576013,69.6275061968329,-37.9940476692316,1812.06312079093,246.372593316175,138.158914034863,1572.82288792436,-165.719689836071,188.400627186315,1580.6221993748,0,0,0,0,0,0
17676.6479839,676.8,-0.0125613333657384,0.0454176276922226,0,-64.9113432953078,-25.0670285473295,1828.5933360006,69.7590201761886,-37.9176819287456,1812.08978044672,246.402103147283,138.261104819601,1572.83441550366,-165.697529791549,188.435850309402,1580.59294812131,-0.27360001206398,0.431199997663498,0.859799981117249,0,0,0
17676.6586504,679.8,-0.0129698812961578,0.0457708336412907,0,-64.3330643071832,-24.9556928112861,1828.58646023401,70.339269411423,-37.46954964094,1812.02611529165,246.516719239393,138.783794144902,1572.83194502225,-165.64057517526,188.541015232986,1580.54537985127,0,0,0,0,0,0
17676.6694276,682.8,-0.0129338968545198,0.0459337070584297,0,-63.3602973564002,-24.8395471228081,1828.54954103875,71.2741646688469,-36.7765493346871,1811.96611257883,246.745105106471,139.610573357747,1572.87278200275,-165.478129511174,188.679049691818,1580.42334652093,-0.47350001335144,0.547699987888336,0.689800024032593,-37.439998626709,259.519989013672,558.719970703125
17676.6799926,685.8,-0.0132545214146376,0.0463414289057255,0,-63.1335091332929,-24.7904520951113,1828.573694993,71.5454113946775,-36.6091457709392,1811.93940589573,246.801524759185,139.813540605582,1572.90544955348,-165.453844543532,188.721287683011,1580.3997356947,0,0,0,0,0,0
17676.6905601,688.8,-0.0143758524209261,0.0464253261685371,0,-62.4873202632785,-24.7145276740913,1828.53910568624,72.1775181586743,-36.2350243069179,1811.95678177429,246.887524788861,140.295001027922,1572.91361560092,-165.345204588276,188.805642165489,1580.34123851659,0,0,0,0,0,0
17676.7011155,691.8,-0.0127519257366657,0.045130430161953,0,-62.3653944321742,-24.6910450291761,1828.58750390883,72.3048928140138,-36.1809799052607,1811.97412198493,246.898410650573,140.401188643575,1572.91948925851,-165.336115040075,188.835167391307,1580.31730223187,0,0,0,0,0,0
17676.7118032,694.8,-0.0139893479645252,0.0452954493463039,0,-61.853439603727,-24.5966123893617,1828.57899156025,72.9002983034441,-35.6626902646627,1812.01471964749,247.03164475315,140.987218380056,1572.92592250094,-165.289396225024,188.931955897697,1580.28553532689,0,0,0,0,0,0
17676.7224212,697.8,-0.0134057998657227,0.044917906075716,0,-61.5386642093722,-24.5271016036669,1828.56147602272,73.2316861670914,-35.3388068354427,1811.95143586144,247.122851245949,141.367065110509,1572.99291353327,-165.213204959032,189.005226742839,1580.25129016799,0,0,0,0,0,0
17676.7328736,700.8,-0.0138537688180804,0.0462728872895241,0,-61.4573892961762,-24.5131774563646,1828.57690841213,73.3541665104024,-35.2157976542268,1811.95281751025,247.154029120783,141.501409745401,1572.99846464032,-165.152540244879,189.026565397221,1580.21277337214,0,0,0,0,0,0
17676.7434509,703.8,-0.0145878484472632,0.0445031881332398,0,-61.1923229485503,-24.4551695589904,1828.57735791801,73.5528672986142,-35.0130694689036,1811.9896282458,247.210906882046,141.730989664138,1573.06391677803,-165.145676267265,189.058513805755,1580.20016592702,0,0,0,0,0,0
17676.7540062,706.8,-0.013086112216115,0.0453167393803597,0,-60.9395667100108,-24.4100642365619,1828.59734182655,73.6732628076435,-34.7996728640973,1811.96657523551,247.270543261013,141.926314647601,1573.10390147303,-165.122033984559,189.09224901726,1580.17221141778,-0.121100001037121,0.510999977588654,0.851000010967255,0,0,0
17676.7645422,709.8,-0.0136897508054972,0.045136833935976,0,-60.5434534927466,-24.2210159072479,1828.68931276236,74.1589280975255,-34.4107333643988,1812.05964319055,247.328259689873,142.315661835643,1573.2244523004,-165.047806981867,189.186293980404,1580.15418408181,0,0,0,0,0,0
17676.7751451,712.8,-0.0135372765362263,0.0449037350714207,0,-60.3708008411674,-24.1094862237251,1828.80393648253,74.1887681366539,-34.0031400541211,1812.08309648207,247.373294010004,142.522289580107,1573.31398236808,-165.007492917449,189.189046139232,1580.13392002544,0,0,0,0,0,0
17676.7857008,715.8,-0.0137163903564215,0.0450007677078247,0,-60.0344520722387,-24.0526045434868,1828.85692220916,74.4845075557256,-33.758747737939,1812.20312400996,247.432731252747,142.760223103672,1573.3919327691,-164.981991054395,189.225708790307,1580.13099138651,0,0,0,0,0,0
17676.8175324,718.8,-0.0135593675076962,0.0450395926833153,0,-59.973647000361,-24.0164971235009,1828.89343256501,74.5142665110715,-33.637355060415,1812.17777752407,247.473954172183,142.84339168036,1573.41179912361,-164.945337742019,189.240857763299,1580.13950518157,-0.14470000565052,0.512499988079071,0.846400022506714,0,0,0
17676.8281363,721.8,-0.0138450898230076,0.045017222315073,0,-59.4642286004319,-23.8134193315249,1828.98111147916,74.9898437046352,-33.0704543989696,1812.38207954852,247.605815574598,143.424423574186,1573.51992174299,-164.933267839247,189.417935354024,1580.14627001691,-0.212799996137619,0.492700010538101,0.843800008296967,0,0,0
17676.8404048,724.8,-0.0140788285061717,0.045602472871542,0,-58.7371198829458,-23.5887719397235,1829.00310796172,75.6844577729086,-32.0993317312822,1812.40986834334,247.736841048395,144.377349787602,1573.65419443208,-164.796552591825,189.822159625402,1580.23288948298,0,0,0,0,0,0
17676.8509971,727.8,-0.0135884135961533,0.0443750753998756,0,-58.4216928064423,-23.5135911764299,1828.93420244914,75.8885204363269,-31.8440236247342,1812.37190240306,247.778238414909,144.61476211027,1573.65259640881,-164.820210075296,189.94575401689,1580.24268008587,0,0,0,0,0,0
17676.8616078,730.8,-0.0144030088558793,0.0451758190989494,0,-58.0395187313725,-23.3978910493422,1828.8534568199,76.2422487653932,-31.4948620569077,1812.35511599116,247.839602778883,145.010341586099,1573.66072390137,-164.816929486745,190.183269409472,1580.26405124639,0,0,0,0,0,0
17676.8721709,733.8,-0.0135653801262379,0.0454590491950512,0,-57.880078156474,-23.2873160903115,1828.81323201663,76.4060097993608,-31.2700035826033,1812.30814155737,247.856891439919,145.329437842294,1573.64666732569,-164.814001542176,190.319827334286,1580.26408037342,0,0,0,0,0,0
17676.8827564,736.8,-0.0132572008296847,0.044714929908514,0,-57.7764733340212,-23.1770429800295,1828.84325242344,76.5725396650434,-31.0670928217668,1812.28976476135,247.845448965817,145.66319145941,1573.61598231912,-164.80545785321,190.471795066872,1580.27829071939,0,0,0,0,0,0
17676.893962,739.8,-0.0139602776616812,0.0440579488873482,0,-57.7054217718343,-23.1490716730321,1828.79259150252,76.5855688397407,-30.9655111624989,1812.24625044013,247.846089397506,145.761173806249,1573.60839805652,-164.809605853767,190.507191860424,1580.27317628371,0,0,0,0,0,0
17676.9044653,742.8,-0.0135913519188762,0.0443178623914719,0,-57.6329971728206,-23.0378755930628,1828.82605829365,76.7094072603628,-30.8281432397242,1812.2379728994,247.835056863405,145.964646663033,1573.58245301589,-164.796068868652,190.609066522399,1580.24532407604,0,0,0,0,0,0
17676.9150101,745.8,-0.0125192580744624,0.0454683922231197,0,-57.4313410397748,-22.8938203129758,1828.82709444058,76.9675033912501,-30.5612011773051,1812.18514595709,247.780973668617,146.324773727284,1573.54209246809,-164.861759682018,190.786502800698,1580.27497909518,0,0,0,0,0,0
17676.9257087,748.8,-0.0128476619720459,0.0437561146914959,0,-57.2603772570648,-22.5910200486962,1828.81504805984,77.210634953484,-30.0023678028212,1812.06493900577,247.725588323666,146.784512559952,1573.47291449966,-164.967532063259,191.05268072096,1580.33496568699,0,0,0,0,0,0
17676.936393,751.8,-0.0129410121589899,0.0443014785647392,0,-57.117016993677,-22.4689512111924,1828.79507987638,77.3551408492336,-29.752253637729,1812.0175040288,247.74544853868,147.020672477142,1573.46959633545,-164.994682125186,191.174133599981,1580.31194686102,0,0,0,0,0,0
17676.9524313,754.8,-0.012923389673233,0.0437431432306767,0,-57.0613269764779,-22.4334045019651,1828.79798462836,77.4348764460371,-29.7099278223625,1812.02233803161,247.752943335631,147.108103974124,1573.45893965715,-164.973482605609,191.234983289462,1580.29641277869,-0.0575999990105629,0.435999989509583,0.898100018501282,-69.7399978637695,242.929992675781,531.200012207031
17676.9630206,757.8,-0.012849916703999,0.0433091357350349,0,-56.8566159518379,-22.2297777152361,1828.71584825145,77.6420964258155,-29.3657647483941,1811.96651572303,247.758328117662,147.636609826423,1573.37823920968,-165.019661343275,191.419681004954,1580.28422202644,0,0,0,0,0,0
17676.9735854,760.8,-0.0123178316280246,0.0442982561886311,0,-56.6370188715489,-21.9651432703689,1828.66163157856,77.8797476874761,-28.9581325326603,1811.92686308088,247.732660019545,148.442749296601,1573.22007963604,-165.111156918903,191.597641818112,1580.27527364904,0,0,0,0,0,0
17676.9841092,763.8,-0.0125104701146483,0.0427771009504795,0,-56.499138609198,-21.8092103106832,1828.67084548629,78.053159528854,-28.7453185125847,1811.90780608943,247.679275900787,148.759911937509,1573.1194708783,-165.197271989477,191.627528165784,1580.2513120359,0,0,0,0,0,0
17676.9946944,766.8,-0.0118986936286092,0.0434550739824772,0,-56.3615807540859,-21.6531818150977,1828.68469437861,78.2574906068019,-28.5213765443019,1811.91624576992,247.689410449374,149.097165824692,1573.01626869609,-165.247687742906,191.675512735829,1580.25152139893,0,0,0,0,0,0
17677.005272,769.8,-0.0104731023311615,0.0430432803928852,0,-56.2619809301313,-21.4707752455544,1828.67558820608,78.3978058284861,-28.2225109233133,1811.88667136256,247.628443032329,149.500751974313,1572.90981937831,-165.322762648807,191.696478686355,1580.25666734648,0,0,0,0,0,0
17677.0158327,772.8,-0.0117091415449977,0.0425542280077934,0,-56.0508516307509,-21.344998230904,1828.65528881156,78.4716543658255,-27.9353508717122,1811.84930711621,247.558000187981,149.97917070352,1572.8195607988,-165.429910417721,191.662712241048,1580.25516389981,0,0,0,0,0,0
17677.0263634,775.8,-0.0115052917972207,0.043032581359148,0,-55.8417116842856,-21.2190437290122,1828.64209944404,78.651094824916,-27.71788826473,1811.83644021287,247.550150875235,150.450925623383,1572.71654945107,-165.484233623892,191.658869403958,1580.28605714344,0,0,0,0,0,0
17677.0368773,778.8,-0.0117676220834255,0.0424041621387005,0,-55.5942793988265,-21.0649231405002,1828.63817053117,78.8157715289481,-27.4768981302301,1811.85989050856,247.51176398393,150.789064870501,1572.63458202043,-165.5839782522,191.616751064678,1580.28291112921,0,0,0,0,0,0
17677.0473716,781.8,-0.0114977555349469,0.0424997270107269,0,-55.3534070830779,-20.939519966408,1828.69297906673,79.0428930225018,-27.1079975984627,1811.80326207317,247.509734319215,151.348711386223,1572.52920263364,-165.700087326475,191.541894734483,1580.29743116126,-0.28549998998642,0.451599985361099,0.845300018787384,1.23000001907349,241.660003662109,529.630004882812
17677.0579378,784.8,-0.0115495324134827,0.0422792196273804,0,-55.1243113211529,-20.8599652165451,1828.70608586112,79.3226203748573,-26.8653620901641,1811.7970068103,247.466541246105,151.874834028848,1572.4176985068,-165.737126986305,191.488680177502,1580.27555013651,-0.0723000019788742,0.450899988412857,0.889699995517731,2.58999991416931,243.190002441406,528.340026855469
17677.0685335,787.8,-0.0111531270667911,0.0424770250916481,0,-55.0719988094818,-20.8236387584917,1828.73161444138,79.4574799123869,-26.660858556474,1811.75456088535,247.366659587916,152.17321283159,1572.34966536995,-165.787334086206,191.455389043818,1580.26581536987,0,0,0,0,0,0
17677.0859081,790.8,-0.011220040731132,0.0427918381989002,0,-55.0047775781723,-20.7979565397252,1828.7319966852,79.5564526244679,-26.5591969602439,1811.75619040887,247.355182666015,152.358146147035,1572.32371882415,-165.847101158322,191.443096127708,1580.27838184677,-0.185000002384186,0.460900008678436,0.867999970912933,0,0,0
17677.0965494,793.8,-0.0107503449544311,0.0417113251984119,0,-54.5771491524663,-20.6880523994273,1828.77813126854,79.9887552408267,-26.2169309481688,1811.74135485118,247.276055539358,153.035874935845,1572.25311001751,-165.988292677589,191.321683470543,1580.26623162032,0,0,0,0,0,0
17677.1094004,796.8,-0.0113722058013082,0.0425563961267471,0,-54.4362152054717,-20.6690742743302,1828.76762923533,80.0360824179557,-26.1122628591138,1811.70957322423,247.265145123321,153.17613270872,1572.23413198367,-165.972452740419,191.291176036276,1580.25397935389,-0.159899994730949,0.479699999094009,0.862800002098083,0,0,0
17677.1199682,799.8,-0.0112328510731459,0.0421254992485046,0,-54.3208293712375,-20.6636154818965,1828.77129371429,80.2329170277335,-25.9393826948216,1811.73312193828,247.256810676586,153.474839247359,1572.21667373027,-166.04808388564,191.235361198213,1580.24118058701,0,0,0,0,0,0
17677.1306083,802.8,-0.0103285908699036,0.0404129162430763,0,-53.7758965416202,-20.5192388019457,1828.83088176448,80.787968953854,-25.4303035720984,1811.70712993049,247.229668405837,154.474713349312,1572.14901959024,-166.233068219131,191.094046560033,1580.28576095606,0,0,0,0,0,0
17677.1418864,805.8,-0.0111369527876377,0.041385593265295,0,-53.5867118071615,-20.4764275685758,1828.8777895527,81.0787176999664,-25.2084483408666,1811.67879957831,247.166078678815,154.980019361127,1572.14259652059,-166.340020516963,191.035142838181,1580.26538018948,0,0,0,0,0,0
17677.1524831,808.8,-0.00942408200353384,0.0415536373853684,0,-52.7324872829425,-20.3601985869404,1828.91420094296,81.8241712789047,-24.4756203330221,1811.57618230877,246.896163001215,156.22646630864,1572.05337346217,-166.598618607174,190.877349855534,1580.2812268099,0,0,0,0,0,0
17677.1631816,811.8,-0.0104312868788838,0.0408375211060047,0,-52.3171627294618,-20.2868842447198,1828.91967724159,82.2363598072571,-24.2225134221347,1811.61132559466,246.88780252707,156.815392334867,1572.02535058491,-166.71905162302,190.812718701807,1580.26945806321,0,0,0,0,0,0
17677.1737413,814.8,-0.0110197560861707,0.0403497464954853,0,-52.0627468773004,-20.233401823591,1828.93950012828,82.4998241910337,-23.9073158333864,1811.58405090225,246.904367349003,157.18921367037,1572.00071460369,-166.781013829131,190.770556368931,1580.26303335452,0,0,0,0,0,0
17677.1842795,817.8,-0.0101728076115251,0.0412781074643135,0,-51.7972453077133,-20.2123830033471,1828.95727316982,82.7617061864657,-23.6504935661819,1811.51100929076,246.853596964384,157.574500402506,1571.97119419926,-166.896474967199,190.714956189789,1580.27498438803,0,0,0,0,0,0
17677.1947982,820.8,-0.0101515399292111,0.041576037555933,0,-51.4810587001754,-20.1802249609725,1828.99565780601,83.141327289212,-23.4083419652304,1811.54667373718,246.875948445425,158.066325913592,1571.94947482335,-166.968904254442,190.686639192848,1580.25999489576,0,0,0,0,0,0
17677.2190878,823.8,-0.011116674169898,0.0399275220930576,0,-51.3919815561017,-20.1582619448302,1829.01240059468,83.2069101506443,-23.3188521327259,1811.50202833753,246.864807148315,158.230533521611,1571.9273951706,-167.003246689496,190.676677787764,1580.25805107968,9.99999974737875e-05,0.353899985551834,0.93529999256134,51.3499984741211,204.309997558594,534.109985351562
17677.22974,826.8,-0.0112373447045684,0.0406514875590801,0,-50.923210991942,-20.0643005930477,1829.04506811771,83.6763297073986,-22.8996600442829,1811.53224249802,246.636398328044,158.943741208602,1571.86194600007,-167.13305264905,190.617014154644,1580.20277816757,0,0,0,0,0,0
17677.2408693,829.8,-0.0110054053366184,0.0401359148323536,0,-50.625289068779,-20.0741664850253,1829.0214159145,83.9267895246556,-22.720249878265,1811.55261164836,246.54956912624,159.333479238153,1571.86475890183,-167.193614792495,190.590304436038,1580.18991291601,0,0,0,0,0,0
17677.2514603,832.8,-0.0110490405932069,0.0398519285023212,0,-50.1513615876399,-19.974752842567,1829.07793839078,84.4312042798732,-22.0081383247151,1811.45574749792,246.46326097875,160.096911048575,1571.85898553691,-167.342220125304,190.599980299511,1580.14473288866,0,0,0,0,0,0
17677.2620353,835.8,-0.0107987094670534,0.0397573843598366,0,-49.5973569871405,-19.9401451733346,1828.9980786548,84.7496390237787,-21.3687272918933,1811.38856693201,246.403473599209,160.830788769204,1571.83509506621,-167.527870718602,190.575521134652,1580.13862368319,0,0,0,0,0,0
17677.272599,838.8,-0.0115565769374371,0.0386871606111527,0,-49.3169236750031,-19.9145490293556,1828.97437164763,85.0374802288394,-21.1733690554457,1811.40953116079,246.36328621816,161.264506607104,1571.82440762445,-167.610178915684,190.542173490981,1580.10138702216,0,0,0,0,0,0
17677.2831085,841.8,-0.0115369223058224,0.03769421428442,0,-48.9842206214285,-19.8173643376707,1828.94644488245,85.5403374449981,-21.0893673313931,1811.45087436225,246.320307124319,161.721569540606,1571.80137692183,-167.749605722669,190.581793712424,1580.09691390107,0,0,0,0,0,0
17677.3044065,844.8,-0.0102510182186961,0.0408358000218868,0,-48.9211863919836,-19.8296602044082,1828.92911422201,85.5781823779279,-20.9246951921059,1811.40206861302,246.315675558682,161.843015372002,1571.78099156827,-167.789633062829,190.55337423821,1580.09923717243,-0.218999996781349,0.511300027370453,0.830999970436096,0,0,0
17677.3149623,847.8,-0.0104037625715137,0.0386329427361488,0,-48.5612113161386,-19.7585518142125,1828.87389110625,86.1805328475786,-20.7399315511494,1811.42228273591,246.226356415167,162.556082268966,1571.68999649869,-167.912820537764,190.538462953318,1580.01681488,0,0,0,0,0,0
17677.3255681,850.8,-0.0101372888311744,0.0384169057011604,0,-48.1185553379298,-19.6442670426623,1828.81475698903,86.4377534784285,-19.8764096897045,1811.14378475489,246.111046326136,163.359689803347,1571.59473506924,-168.107876180877,190.560013289621,1579.93200786073,0,0,0,0,0,0
17677.3361057,853.8,-0.0106067527085543,0.037971793115139,0,-47.9262849547974,-19.6011961472984,1828.78214770356,86.6716459132175,-19.6667278598787,1811.0288064455,246.06596170049,163.695558589032,1571.58361718661,-168.187408469683,190.572882328022,1579.88849774306,0,0,0,0,0,0
17677.3529899,856.8,-0.0109393987804651,0.037072828412056,0,-47.8338623798566,-19.5838428680448,1828.79694574313,86.8086721939024,-19.6223025265774,1811.07453258197,246.044255368867,163.811281763711,1571.5806866084,-168.201813487157,190.568130110013,1579.88829308483,-0.00510000018402934,0.439099997282028,0.898400008678436,33.3600006103516,202.580001831055,527.450012207031
17677.3635206,859.8,-0.0111306197941303,0.037109537422657,0,-47.4161864316038,-19.4425736680409,1828.74300670919,87.0457755064086,-19.1970475054653,1810.87704782913,245.916063908027,164.501166779306,1571.4866172889,-168.356815369535,190.551527238773,1579.77823556123,0,0,0,0,0,0
17677.3740952,862.8,-0.0111452294513583,0.0369011744856834,0,-47.1598867290096,-19.3410347455271,1828.72573334467,87.2818861433818,-18.8486508967847,1810.78063147555,245.878611088486,164.967845835664,1571.43765625431,-168.43420318415,190.586854314983,1579.72226824462,0,0,0,0,0,0
17677.3846657,865.8,-0.0109556363895535,0.037091588973999,0,-46.551510456597,-19.1855889107884,1828.6814326444,87.8585049268995,-18.3929345665109,1810.68510032153,245.78805369324,165.698397328444,1571.4307607708,-168.540742044315,190.575460525978,1579.58190951773,0,0,0,0,0,0
17677.4037948,868.8,-0.0104951160028577,0.035659371316433,0,-46.4818228145973,-19.1620518161842,1828.68223873098,87.9541897327589,-18.3532153483561,1810.68672571119,245.735246888559,165.769798896475,1571.42363715312,-168.568475619322,190.552392453356,1579.54740745555,-0.185599997639656,0.456499993801117,0.870199978351593,0,0,0
17677.4144822,871.8,-0.0116625893861055,0.0362458810210228,0,-46.1190328686439,-19.0183192195935,1828.69519343313,88.2075650541779,-17.8572191093221,1810.63496039656,245.683450623535,166.279124625934,1571.39093793096,-168.690071837651,190.528154461117,1579.43697754751,0,0,0,0,0,0
17677.4252613,874.8,-0.0124787492677569,0.0353397637605667,0,-45.7485616124471,-18.8886036701782,1828.81873275542,88.6398503754872,-17.328222611576,1810.56428979794,245.650093244102,166.988396030266,1571.40348819982,-168.773965147159,190.502964444357,1579.31392029836,0,0,0,0,0,0
17677.4358256,877.8,-0.0129256062209606,0.0370227381587029,0,-45.5258603674907,-18.8376329079353,1828.857487859,88.8133224259929,-17.0169586721727,1810.51139059763,245.638903130382,167.329912813258,1571.41885438087,-168.855423454321,190.480164722406,1579.28484417041,0,0,0,0,0,0
17677.4464362,880.8,-0.0122879594564438,0.03569615483284,0,-45.249273361208,-18.7423652723856,1828.86803583523,89.0098684719081,-16.7681720164954,1810.53678280557,245.597905906742,167.609207236879,1571.40345321545,-168.845616872744,190.44336051358,1579.26795124634,0,0,0,0,0,0
17677.4570359,883.8,-0.0117265554144979,0.036220146715641,0,-44.9034409938666,-18.6219508408204,1828.94290064102,89.2343691407275,-16.5174881779632,1810.58749434265,245.619400971036,167.990551998739,1571.42481466359,-168.919576120435,190.41347307768,1579.2828090635,0.0255999993532896,0.366400003433228,0.93010002374649,63.1800003051758,183.509994506836,527.609985351562
17677.4676183,886.8,-0.0112856542691588,0.03689876049757,0,-44.8021075810205,-18.57156471647,1829.00236790557,89.508844030007,-16.5530521636456,1810.71711428086,245.602442148879,168.200443735152,1571.43735951403,-168.912673109606,190.374407804548,1579.3073521899,0,0,0,0,0,0
17677.4851103,889.8,-0.0128273386508226,0.0350112825632095,0,-44.7340243980621,-18.5212864333131,1829.01994533205,89.4762597143525,-16.4286218721154,1810.70440761246,245.601811419022,168.314910900266,1571.4469740075,-168.934042163217,190.374905486044,1579.29701713347,0,0,0,59.4799995422363,191.179992675781,523.820007324219
17677.495731,892.8,-0.0118032488971949,0.0347090050578117,0,-44.3455715369281,-18.2784456413659,1829.23160769974,89.8681399258369,-15.6459860348408,1810.94577785693,245.547308917657,169.201001645299,1571.52167338249,-169.038549091346,190.279465541416,1579.42768909838,0,0,0,0,0,0
17677.5063215,895.8,-0.0122770825400949,0.035136653482914,0,-44.1491312345192,-18.1722066297281,1829.30754226696,90.0678017145906,-15.4338586245306,1811.02465801852,245.519942900257,169.521415279844,1571.54429901327,-169.122727732798,190.202741852443,1579.49935005125,0,0,0,0,0,0
17677.5170153,898.8,-0.0119470106437802,0.0335173740983009,0,-43.9090927400373,-18.0584767609345,1829.37468706263,90.248899034578,-15.1911569268382,1811.04081753884,245.430821320108,169.757585591123,1571.55968059398,-169.109653438599,190.1504766501,1579.54511305125,0,0,0,0,0,0
17677.5277907,901.8,-0.0121205626055598,0.0344979599118233,0,-43.6741528675878,-17.9734163604229,1829.432094009,90.3966664108046,-14.9019138024261,1811.04057709231,245.408507093614,169.99679371208,1571.55754338196,-169.189361812535,190.073588409704,1579.58384930208,0,0,0,0,0,0
17677.5384543,904.8,-0.0118083562701941,0.0325609654188156,0,-43.4647266609234,-17.8868711331131,1829.47382678752,90.6316905466495,-14.7868540606921,1811.10343001134,245.411510221006,170.193500955568,1571.5617536172,-169.241725562037,190.024040386763,1579.61090001859,0,0,0,0,0,0
17677.554384,907.8,-0.0125208208337426,0.0343680143356323,0,-43.400537115154,-17.8579244468909,1829.49983182645,90.6726529931849,-14.6742358359615,1811.10870837666,245.395114199106,170.263678792081,1571.55230519483,-169.25703581453,190.000037890754,1579.63667305068,0.00630000000819564,0.437599986791611,0.899100005626678,30.5300006866455,215.350006103516,509.170013427734
17677.5649799,910.8,-0.0121332295238972,0.0344935119152069,0,-43.2380807471281,-17.7950689349714,1829.54828204333,90.7399507026346,-14.5475505014956,1811.0960284108,245.394675706271,170.428302615751,1571.52811478694,-169.288869490139,189.949006805029,1579.66009601898,0,0,0,0,0,0
17677.5766241,913.8,-0.0125552332028747,0.0330806285142899,0,-43.1894790451185,-17.7532389997448,1829.58681005767,90.8150131176758,-14.5042211693884,1811.13600132415,245.380508018048,170.509203426037,1571.51350152403,-169.312581235369,189.923707238428,1579.66679505916,-0.0489999987185001,0.445199996232986,0.89410001039505,0,0,0
17677.5872003,916.8,-0.0121924458071589,0.0353753998875618,0,-42.8085001525165,-17.6066764835766,1829.72815551051,91.0048428260359,-14.1552920640884,1811.13465958363,245.418353417753,170.98139729013,1571.40744983648,-169.454028401726,189.822032085623,1579.70486171814,0,0,0,0,0,0
17677.5978862,919.8,-0.0122673995792866,0.033946006000042,0,-42.3529212502613,-17.4255534722457,1829.85678210821,91.3660160581396,-13.8010469489315,1811.14537806046,245.234415272961,171.506122855523,1571.18418919262,-168.372699328895,189.616067508288,1579.19595524211,0,0,0,0,0,0
17677.6216637,922.8,-0.0118688195943832,0.0346467927098274,0,-42.2973911302661,-17.4129625944674,1829.86441980395,91.4777939788582,-13.7607232795578,1811.17498756472,245.186326311105,171.590680137317,1571.13934523482,-168.268961812884,189.620000905657,1579.13987677846,-0.0458000004291534,0.44539999961853,0.894200026988983,0,0,0
17677.6323468,925.8,-0.0121685201302171,0.0340454041957855,0,-41.8838885361657,-17.2949665121477,1829.93310017074,91.9339471854663,-13.4583454300848,1811.08785372416,244.954293538888,172.059369988972,1570.93825459459,-167.599401277202,189.699679561213,1578.72913046803,-0.0428999997675419,0.445199996232986,0.894400000572205,0,0,0
17677.6429886,928.8,-0.0115849981084466,0.0336779266595841,0,-41.3434105234969,-17.2174876941326,1829.96216395303,92.4769142076805,-12.9189542321549,1810.90875209511,244.589046222948,172.635956706355,1570.63309558005,-167.491527422635,189.765262530252,1578.52574870437,0,0,0,0,0,0
17677.6535552,931.8,-0.011618584394455,0.0333724528551102,0,-40.9008799214214,-17.2045708785624,1829.93888672389,92.9270821897213,-12.6902725012292,1810.6914718617,244.487945186507,173.118015348341,1570.48892990419,-167.732727174006,189.713869191925,1578.57890307211,0,0,0,0,0,0
17677.6640944,934.8,-0.0109967906028032,0.033785080909729,0,-40.6362023157905,-17.2305407004889,1829.9116108358,93.1619085067415,-12.5827634911251,1810.61997449231,244.419392273271,173.368225286477,1570.42721652649,-167.829513680588,189.724683339472,1578.58337914669,0,0,0,0,0,0
17677.674643,937.8,-0.0111286817118526,0.0327448904514313,0,-40.3982400793156,-17.2214916233352,1829.89170134818,93.3302091742205,-12.3623563354573,1810.45885851651,244.334642594019,173.612256815297,1570.34973511957,-168.048863740257,189.695748377898,1578.65337908956,0,0,0,0,0,0
17677.6852908,940.8,-0.0110833356156945,0.034173010289669,0,-40.1828565914853,-17.2332689463513,1829.87935730583,93.463754561872,-12.1302308315003,1810.29569772962,244.219449547888,173.815903107478,1570.29156991761,-168.172873573788,189.674625742983,1578.69101946447,0,0,0,0,0,0
17677.695924,943.8,-0.0115081639960408,0.0331327378749847,0,-39.9604844117899,-17.2569102415409,1829.88721023902,93.6955574860163,-11.9598124267731,1810.19582976242,244.117756670129,174.024772905668,1570.2352839876,-168.246380455908,189.677262805482,1578.68798811169,0,0,0,0,0,0
17677.7066133,946.8,-0.0096058351919055,0.0350108951330185,0,-39.7463917047619,-17.2555222513404,1829.85578009219,93.7879767212066,-11.7337236930658,1810.02769337107,243.973683991779,174.220615698542,1570.19372617467,-168.325735611539,189.687216133477,1578.67886171337,0,0,0,0,0,0
17677.7171733,949.8,-0.0108561534434557,0.0332427680492401,0,-39.604420002636,-17.2722283320509,1829.9000885384,93.9777858264912,-11.6327460201575,1810.01694811735,243.813833630635,174.43563981359,1570.14801071542,-168.399720969549,189.692597227908,1578.67147076468,0,0,0,0,0,0
17677.7277395,952.8,-0.0109083624556661,0.0334150478243828,0,-39.4074870652362,-17.2926119581366,1829.92889929446,94.1511122646248,-11.4914262491892,1809.99219407646,243.753836315879,174.645890775917,1570.127892594,-168.498895001662,189.653235226143,1578.69969070155,0,0,0,0,0,0
17677.752988,955.8,-0.0108674578368664,0.0331077411770821,0,-39.3379395381227,-17.3085136061978,1829.92668369925,94.2532117508649,-11.4719629878799,1810.02677614605,243.691710324585,174.725549440756,1570.11103969806,-168.469893284049,189.678295298597,1578.67105034808,-0.0386000014841557,0.460299998521805,0.886900007724762,0,0,0
17677.7636202,958.8,-0.0109565826132894,0.0324454143643379,0,-38.8512916417561,-17.295366486306,1829.98618792771,94.7051043639692,-11.2848940407092,1809.97259374065,243.4431956487,175.24603426769,1570.09157563417,-168.800118073804,189.540714629093,1578.75016026878,0,0,0,0,0,0
17677.7743152,961.8,-0.0108708068728447,0.0327877089381218,0,-38.7066028909378,-17.3252299697722,1830.02262969085,94.8233804530475,-11.1527042560989,1809.95610746913,243.344881734399,175.398224750554,1570.09239145645,-168.928213911061,189.428056724023,1578.79309511749,0,0,0,0,0,0
17677.7849461,964.8,-0.010647214949131,0.0321562573313713,0,-38.4302963596011,-17.3329291238194,1830.08473689382,95.0256612104367,-10.6934529824348,1809.96366679783,243.181990243142,175.629385670474,1570.05244210113,-169.126158227146,189.225768534985,1578.8362747559,0,0,0,0,0,0
17677.8037229,967.8,-0.0105851367115974,0.0318388402462006,0,-38.3919189875602,-17.3281920039248,1830.11629506141,94.9319786243155,-10.5202584291912,1809.8317806216,243.150451567739,175.659409376589,1570.03796170837,-169.154824962788,189.181211224636,1578.84185035391,-0.0294000003486872,0.464199990034103,0.885200023651123,0,0,0
17677.8143036,970.8,-0.011803719215095,0.034349536895752,0,-38.2163870316917,-17.3687461136236,1830.15816730692,95.1296284046257,-10.3119990302219,1809.86293421374,243.068830584233,175.854367930346,1569.96342458566,-169.23626718054,189.007636215158,1578.82113077143,0,0,0,0,0,0
17677.8249335,973.8,-0.0109669333323836,0.0329609721899033,0,-37.9591332181791,-17.430931015316,1830.1653245421,95.4492240497142,-10.1946082909599,1809.99279246709,242.945282150865,176.09087666004,1569.82005345659,-169.447264839929,188.717346572315,1578.87013638287,0,0,0,0,0,0
17677.8372911,976.8,-0.00985764153301716,0.0326428920030594,0,-37.8694999562125,-17.4508528254506,1830.1503464579,95.4294861143966,-10.1337271776927,1809.94167491094,242.926932583437,176.1194296867,1569.80001598995,-169.465963032697,188.667323900822,1578.86738597681,-0.0206000003963709,0.452699989080429,0.89139997959137,0,0,0
17677.8478264,979.8,-0.011284789070487,0.0332675561308861,0,-37.6135254674771,-17.5900716301153,1830.14415774065,95.3950294557886,-9.87600889697908,1809.73289747671,242.799262519341,176.341312840447,1569.61188864627,-169.589547219396,188.461385267228,1578.9191674526,-0.143700003623962,0.533800005912781,0.833299994468689,105.080001831055,180.600006103516,499.850006103516
17677.8583697,982.8,-0.010307876393199,0.0321209862828255,0,-37.5256846251672,-17.649598086869,1830.12397358698,95.5482197408798,-9.92273490087728,1809.75168620832,242.762628577212,176.481486615258,1569.51179783587,-169.584916287732,188.363500097242,1578.9219241582,0.0904000028967857,0.394300013780594,0.914499998092651,105.099998474121,182.039993286133,498.190002441406
17677.8690297,985.8,-0.00982205662876368,0.0331034123897553,0,-37.4327135600118,-17.6832286376497,1830.11383132398,95.7398101888786,-10.004888027928,1809.83161488505,242.728612762815,176.539853010649,1569.45427884349,-169.636736981246,188.300988331177,1578.94204742847,0,0,0,0,0,0
17677.8842862,988.8,-0.0106340488418937,0.0322441518306732,0,-37.4036645729638,-17.6861135165993,1830.11316226417,95.6980514933793,-9.91741039180341,1809.73078191039,242.7067045794,176.580055492648,1569.42080636374,-169.660721778651,188.260225155853,1578.96482996793,-0.0573999993503094,0.487100005149841,0.871500015258789,0,0,0
17677.8948682,991.8,-0.0105149149894714,0.0322841390967369,0,-37.327991071947,-17.7619744062152,1830.067611171,95.5109100952244,-10.1437261757405,1809.36520084246,242.703653756117,176.634227254723,1569.36731040778,-169.789498214679,188.126590321226,1579.05613105012,0,0,0,0,0,0
17677.9056077,994.8,-0.00945935864001513,0.0334655478596687,0,-37.2804700968573,-17.7921950508765,1830.06505693271,95.4805840991812,-10.0163152215522,1809.27579751226,242.677712728938,176.659542950841,1569.32442896026,-169.735208462496,188.111370377892,1579.03734894464,-0.0318999998271465,0.418999999761581,0.907400012016296,0,0,0
17677.9161628,997.8,-0.00988487899303436,0.032408332824707,0,-36.6460512920746,-18.2112596966555,1829.79490715058,96.0082583203504,-10.0939834120304,1809.1419692399,242.502773526982,176.901190299182,1568.96524249473,-169.791991374333,187.837306027721,1579.25239321868,0,0,0,0,0,0
17677.9267778,1000.8,-0.0102424314245582,0.0327987134456635,0,-36.4128262884938,-18.3569757476809,1829.6831386617,96.0331428867968,-10.0958982883257,1808.9880643975,242.45070772774,176.938003507899,1568.84713606211,-169.855530844625,187.740781946993,1579.37010941663,0,0,0,0,0,0
17677.9385422,1003.8,-0.0103566367179155,0.0327062368392944,0,-36.3518127040435,-18.3927748015259,1829.68860098181,96.1033836770811,-10.2187140309041,1808.99030640844,242.438888121088,176.949942192461,1568.81525103664,-169.873498150426,187.723108651136,1579.40620353201,-0.0604000017046928,0.429199993610382,0.901199996471405,0,0,0
17677.9491172,1006.8,-0.0096110375598073,0.0318445175886154,0,-35.9963803369844,-18.6132336712997,1829.54828079502,96.7520475060904,-10.2987714210592,1809.29518684356,242.383340202884,176.994468373985,1568.60381189938,-170.016737072504,187.572606216157,1579.60358371851,0,0,0,0,0,0
17677.9616805,1009.8,-0.0104355122894049,0.0337722882628441,0,-35.8582100376767,-18.6713088022549,1829.5237383199,96.6343220005019,-10.354763418018,1808.86639716954,242.312339562828,176.986693182072,1568.46090404802,-170.063684724864,187.487031614453,1579.726984688,0,0,0,0,0,0
17677.9722969,1012.8,-0.0106522561982274,0.0322785958647728,0,-35.560325312086,-18.8633782270321,1829.5695778473,96.9344734648114,-10.64511898282,1808.6714882789,242.23138153157,176.955694608488,1568.25029527802,-170.251009460111,187.323042942659,1579.97276854652,0,0,0,0,0,0
17677.9828952,1015.8,-0.0119936615228653,0.032817704975605,0,-35.403166182818,-19.0115898355498,1829.57461043401,97.1610071376465,-10.8123666868195,1808.57949105542,242.187854335296,176.923821166131,1568.12180668733,-170.305351167998,187.208291809655,1580.08701353295,0,0,0,0,0,0
17677.9933865,1018.8,-0.0104105779901147,0.0332195743918419,0,-35.195997424394,-19.1587284866317,1829.61457918356,97.5787022384556,-11.0055465651999,1808.60262545378,242.087027602322,176.831772242454,1567.93031442702,-170.318583751808,187.121891415456,1580.21944158851,0,0,0,0,0,0
17678.0190333,1021.8,-0.0102126598358154,0.0337227940559387,0,-35.0974187281394,-19.2011477354766,1829.61688113898,97.6510411406303,-10.9798607122208,1808.61213161213,242.059227279289,176.810416054774,1567.87474927097,-170.313216025598,187.119538428474,1580.25409425548,0.0737999975681305,0.352200001478195,0.933000028133392,86.5599975585938,160.369995117188,503.380004882812
17678.0296724,1024.8,-0.0105052459985018,0.0334115833044052,0,-34.96353717787,-19.3025618528325,1829.6037490148,97.7233169877452,-11.034470787429,1808.48669367724,242.029168869096,176.771620738549,1567.80532671596,-170.365703729697,187.027587162573,1580.35606110738,0,0,0,0,0,0
17678.040948,1027.8,-0.010724944062531,0.0337741583585739,0,-34.6441286022556,-19.5666572921634,1829.73534841238,98.0818443390862,-11.151980368129,1808.39120545414,241.893996816751,176.642089209816,1567.58681193833,-170.46069043101,186.841457671955,1580.57712435946,0,0,0,0,0,0
17678.0514505,1030.8,-0.0104710627347231,0.0338947981595993,0,-34.2010072892894,-19.9171580005557,1829.82993832318,98.3176957846255,-11.2634182558005,1808.05820481746,241.715915569131,176.473025775938,1567.28448370316,-170.599949451532,186.438631697784,1580.87787168405,0,0,0,0,0,0
17678.0621256,1033.8,-0.0107539044693112,0.0346685707569122,0,-34.0158412199634,-20.0431223089796,1829.86631607141,98.4803117376705,-11.3269661167166,1807.98176505936,241.660239522471,176.406275084798,1567.15957266817,-170.685119218741,186.217638550669,1581.03077365684,0,0,0,0,0,0
17678.0727117,1036.8,-0.00977911707013845,0.0334883242845535,0,-33.8397223988679,-20.1665224901722,1829.88295413925,98.6930760604524,-11.5250115629907,1807.96697776054,241.577742501173,176.318013112744,1567.03076088136,-170.805444540722,185.974439023959,1581.21464232172,0,0,0,0,0,0
17678.0833143,1039.8,-0.0103303072974086,0.0345936924219132,0,-33.6114660781967,-20.360813362594,1829.91638053932,98.811440364768,-11.5589528400527,1807.86147678417,241.490479899788,176.178857954976,1566.83725040659,-170.946088935751,185.715736809687,1581.46325723248,0,0,0,0,0,0
17678.0947588,1042.8,-0.0104623716324568,0.0352477639913559,0,-33.4325501936912,-20.5140220072656,1829.92009012569,99.0755533672983,-11.6942873831355,1807.91042916926,241.351762557303,176.085280686659,1566.65623183068,-170.886607621763,185.51985651089,1581.58017338051,0,0,0,0,0,0
17678.1053083,1045.8,-0.010005246847868,0.0346130043268204,0,-33.3142160648418,-20.694748235033,1829.90675680084,99.0693241376253,-11.6878993931872,1807.78016925565,241.297623295574,176.0178372057,1566.48927165367,-170.896659305803,185.360041468459,1581.73148210142,0,0,0,0,0,0
17678.1158348,1048.8,-0.0113022727891803,0.0362927451729775,0,-33.1773492413135,-20.8711062398427,1829.89946834075,99.2585139507052,-11.6785157201005,1807.85754870723,241.215838050528,175.944417568678,1566.31108081454,-170.991019701692,185.151861477127,1581.90421455477,0,0,0,0,0,0
17678.1263715,1051.8,-0.0103287249803543,0.035547947883606,0,-33.0659347806017,-20.9743952067209,1829.94201558744,99.4080447423702,-11.8265416283601,1807.82703744565,241.125232427513,175.886714661591,1566.13270993002,-171.090244560405,184.910902362423,1582.08372703657,0,0,0,0,0,0
17678.1369392,1054.8,-0.00975235085934401,0.0362353011965752,0,-32.9439710185921,-21.1187151534819,1829.97373965528,99.5622785789287,-11.9247905528077,1807.84241511686,241.040733520123,175.852937059782,1565.96595109703,-171.30238282829,184.678929589719,1582.29931657202,0,0,0,0,0,0
17678.1521417,1057.8,-0.00998700689524412,0.0359577745199204,0,-32.9349901669574,-21.1665020914397,1829.96443037633,99.4849020644553,-11.9712711042559,1807.70234616993,241.012100213837,175.845923459982,1565.9188251888,-171.341691694653,184.596721555035,1582.36278807784,0.155399993062019,0.395799994468689,0.905099987983704,102.639999389648,192.570007324219,478.299987792969
17678.1626835,1060.8,-0.00979913864284754,0.0364026784896851,0,-32.8510602009325,-21.2474635626494,1829.97824687523,99.5921895944938,-12.0266237855572,1807.73417381554,240.991239412061,175.839114076968,1565.81631622375,-171.438287098672,184.432386451496,1582.50493138555,0,0,0,0,0,0
17678.1733306,1063.8,-0.00964328087866306,0.0368459209799767,0,-32.3995482819664,-21.6188887975921,1830.16990666964,99.9272383255944,-12.3393592435334,1807.54470981309,240.517502123359,175.819510138794,1565.34758151256,-171.747625345704,183.763872523071,1582.98358198158,0,0,0,0,0,0
17678.1843128,1066.8,-0.00898120645433664,0.0367015063762665,0,-32.2316849986596,-21.7340595152031,1830.24456814505,100.020505823321,-12.3028221509637,1807.45725306174,240.29202302927,175.800286060668,1565.19180852479,-171.868603282513,183.475214351169,1583.13986599608,0,0,0,0,0,0
17678.1947991,1069.8,-0.00951102375984192,0.0379805624485016,0,-32.0447607752037,-21.8744980978777,1830.3219321988,100.171786788599,-12.3334203940199,1807.39857920785,240.123358005185,175.817583171017,1565.05674356431,-172.034641724527,183.202759440385,1583.28440642977,0,0,0,0,0,0
17678.2053778,1072.8,-0.00839926674962044,0.0372465461492539,0,-31.8224186932485,-22.0373107524817,1830.42827751406,100.372133261613,-12.3953236067656,1807.3508342013,239.92797941477,175.82151360871,1564.91427939478,-172.175371995762,182.94353291697,1583.40193139145,0,0,0,0,0,0
17678.2221602,1075.8,-0.0101682879030704,0.039886786043644,0,-31.7516446264087,-22.0949872422573,1830.42349766067,100.438562684159,-12.3946745199692,1807.31640827661,239.860504905729,175.824023112969,1564.87540737258,-172.307729582481,182.861130295239,1583.46450883002,0.0182000007480383,0.413100004196167,0.91049998998642,0,0,0
17678.2328144,1078.8,-0.00789578445255756,0.0393008686602116,0,-31.3236856932572,-22.3364804272565,1830.60716755799,100.792371681619,-12.3722563665474,1807.24955652416,239.543853650844,175.847970780579,1564.68701322741,-172.607857907557,182.43944797929,1583.61451381054,0,0,0,0,0,0
17678.2435333,1081.8,-0.00783733930438757,0.0407528080046177,0,-30.8246669008101,-22.675242295557,1830.78636118615,101.275822945635,-12.3109677670062,1807.17599456636,239.181635554393,175.967109599517,1564.47818166434,-172.955707760438,181.927927603093,1583.76835612473,0,0,0,0,0,0
17678.2546046,1084.8,-0.00693037454038858,0.0387770965695381,0,-30.7388537914415,-22.7158838315164,1830.81274059923,101.272747917198,-12.2554741062658,1807.0914199734,239.130651586978,175.998473097454,1564.43803057417,-173.08787867679,181.819947883288,1583.85110849245,0.0712999999523163,0.362500011920929,0.929300010204315,0,0,0
17678.2653329,1087.8,-0.00812660437077284,0.0389311596751213,0,-30.2666535964083,-23.0358350701453,1830.92314477549,101.813378753125,-12.231830012313,1807.16313909574,238.779328295553,176.08895134025,1564.25785429047,-173.467988582177,181.401935237039,1584.0213067016,0,0,0,0,0,0
17678.2758765,1090.8,-0.00756640266627073,0.0394391775131226,0,-29.9853941715203,-23.1837030365348,1830.96016860885,102.028519750896,-12.2051622977483,1807.14734737722,238.534698232296,176.118706700191,1564.14739328807,-173.697147869506,181.116963086186,1584.10944871372,0,0,0,0,0,0
17678.286489,1093.8,-0.0064178304746747,0.0409457147121429,0,-29.6019409592096,-23.3990297511624,1831.05051776854,102.33116408125,-12.092819829053,1807.07677521235,238.147915723057,176.175637532256,1563.99261889704,-173.992761081929,180.706238429081,1584.18512465603,0.145300000905991,0.392899990081787,0.907999992370605,116.98999786377,170.699996948242,480.959991455078
17678.2970158,1096.8,-0.00734901241958141,0.0398418590426445,0,-29.4515842864727,-23.5271845427162,1831.11695420257,102.467190426273,-12.1465859978409,1807.03952368921,237.959470443611,176.251702436636,1563.9172671408,-174.070443041188,180.580930919874,1584.17710399362,0,0,0,0,0,0
17678.3076621,1099.8,-0.00727572105824947,0.0404509924352169,0,-29.1645869781755,-23.7236039732921,1831.19666149728,102.781572426836,-12.1267211245584,1807.10321161506,237.699395716458,176.354314753978,1563.82515699504,-174.375937099029,180.268303439634,1584.28073860116,0,0,0,0,0,0
17678.3207255,1102.8,-0.00733448890969157,0.0406181089580059,0,-28.9174360131115,-23.9182633099178,1831.23398342946,102.960211084011,-12.0208974133274,1807.07566611637,237.439388525688,176.457456049392,1563.73883900941,-174.624551065205,179.992254623604,1584.3555560579,0,0,0,0,0,0
17678.3313628,1105.8,-0.00676482124254107,0.0402646943926811,0,-28.5868289856647,-24.1917173343334,1831.34504143293,103.288009570746,-11.8873028538135,1807.03414358658,237.055778426098,176.605971091309,1563.62760817559,-175.041199544557,179.501845742322,1584.41623856538,0,0,0,0,0,0
17678.3419084,1108.8,-0.00786652509123087,0.0422994963824749,0,-28.4110680553672,-24.3724852340989,1831.40846817063,103.403903079549,-11.6953415156009,1806.92739212698,236.814060512704,176.664962421891,1563.55942330252,-175.253864940588,179.228198000506,1584.40905337342,0,0,0,0,0,0
17678.3524865,1111.8,-0.00623994972556829,0.0412023983895779,0,-28.2174201513887,-24.5506796085793,1831.47785930285,103.592608467111,-11.5086693982449,1806.88660261132,236.565955255294,176.719718452743,1563.50529102749,-175.559506477997,178.90161121866,1584.45674409181,0,0,0,0,0,0
17678.3631296,1114.8,-0.00665161805227399,0.0415261335670948,0,-27.7344466858982,-24.6821082692268,1831.58563845336,103.789882491772,-11.2915108166607,1806.83917916685,236.338138390291,176.786843151492,1563.46619085249,-175.746921638541,178.630577131549,1584.43212382953,0,0,0,0,0,0
17678.373796,1117.8,-0.0049782101996243,0.0433851763606072,0,-27.3139317545789,-24.9628062857876,1831.61454730899,103.97420695297,-10.978375064066,1806.72235768084,235.984099572271,176.893221068896,1563.43569210012,-176.034938814918,178.336125177071,1584.42689867241,0,0,0,0,0,0
17678.3843994,1120.8,-0.00581105053424835,0.0413598403334618,0,-27.0578595559257,-25.1863694528704,1831.63578871955,104.167137976571,-10.8002034089758,1806.67695310191,235.740246618737,176.972829763112,1563.42602856831,-176.323635342439,178.03616104684,1584.44735797019,0,0,0,0,0,0
17678.4173856,1123.8,-0.00563830649480224,0.0419238716363907,0,-26.9985172490087,-25.2548969244063,1831.62069179057,104.171596646238,-10.6910214040136,1806.61436469252,235.638247762715,177.002507916145,1563.41788881652,-176.478885673357,177.890339935048,1584.4935746547,0.122500002384186,0.423500001430511,0.897599995136261,0,0,0
17678.4282029,1126.8,-0.00554844830185175,0.0421461559832096,0,-26.1868643897116,-25.8212426347045,1831.68919495046,104.67551161991,-10.3258080887965,1806.42853574088,234.801816005118,177.209743195447,1563.44229640551,-177.232630462682,177.214092412816,1584.48845437359,0.144600003957748,0.400400012731552,0.904799997806549,124.650001525879,186.050003051758,461.309997558594
17678.4395612,1129.8,-0.00557078327983618,0.0421974606812,0,-25.7629984888491,-26.1804020300022,1831.69382175513,104.984238498319,-10.1505099300641,1806.40319331412,234.359005702036,177.319064123,1563.49097286694,-177.80519742629,176.745200855206,1584.53664002168,0,0,0,0,0,0
17678.4501844,1132.8,-0.00489309057593346,0.0423534162342548,0,-25.3735519013967,-26.5726277264093,1831.76686199976,105.264781729362,-9.99119295548422,1806.39450917599,233.990276246302,177.475898356052,1563.57063603343,-178.169640100632,176.352290601799,1584.48994049182,0,0,0,0,0,0
17678.460776,1135.8,-0.00470584677532315,0.0428299404680729,0,-25.2740703724799,-26.7641033417835,1831.73444605859,105.451853309246,-9.9608927862818,1806.41441026757,233.739213807246,177.577940368719,1563.62041916296,-178.40549485231,176.10835300738,1584.47198146276,0,0,0,0,0,0
17678.4713506,1138.8,-0.00445894058793783,0.0416799806058407,0,-25.1410287275724,-26.9949160487335,1831.7644123994,105.639685496103,-9.84436752566625,1806.38189271644,233.470662709673,177.645210085964,1563.6474399176,-178.577353376104,175.962796865883,1584.3953459758,0,0,0,0,0,0
17678.481877,1141.8,-0.00536105176433921,0.0431955851614475,0,-24.9936196901203,-27.2150750186778,1831.78794088003,105.874274120875,-9.75149169059205,1806.4285341989,233.222413761213,177.725580102923,1563.66637656929,-178.835286082524,175.780407560989,1584.3399706543,0,0,0,0,0,0
17678.4935365,1144.8,-0.00521056959405541,0.0433495029807091,0,-24.7712369547649,-27.4813902559575,1831.83387727333,106.130431019568,-9.62816091312623,1806.35565844047,232.879213998191,177.814983606784,1563.6922444914,-179.141617724748,175.436693147448,1584.31805791407,0,0,0,0,0,0
17678.5040943,1147.8,-0.00374333676882088,0.045190567523241,0,-24.5974767148187,-27.6987328024712,1831.85770735176,106.400171563256,-9.50751523301601,1806.41202526821,232.624503284274,177.899605385817,1563.70784552095,-179.418842149465,175.222730155511,1584.30151073773,0,0,0,0,0,0
17678.514639,1150.8,-0.00480391783639789,0.044376315921545,0,-24.3660592631632,-27.8875121337673,1831.88033102021,106.589825004976,-9.43382756907525,1806.39526329242,232.346356980486,177.99565707481,1563.7554526994,-179.769835903017,174.935234342903,1584.32345562328,0,0,0,0,0,0
17678.525242,1153.8,-0.00522884959354997,0.043754717707634,0,-24.1851451652177,-28.0643127169676,1831.89233334889,106.738484882002,-9.33079534632091,1806.39745441409,232.098817013531,178.09386278721,1563.77241623538,-180.02807736508,174.676843064145,1584.32621753338,0,0,0,0,0,0
17678.5359246,1156.8,-0.00471808295696974,0.0448103420436382,0,-23.9643876071209,-28.2812415632469,1831.92898842736,106.897902398617,-9.24104287692126,1806.38537136401,231.8401772818,178.17672511274,1563.80224896011,-180.300261944485,174.462263445091,1584.34525540953,0,0,0,0,0,0
17678.5522362,1159.8,-0.00501871714368463,0.044285724312067,0,-23.9473337690012,-28.3090906464892,1831.91781067169,106.939817679501,-9.22342189390243,1806.38573729965,231.758146281157,178.211744857286,1563.80346922572,-180.415600141632,174.37939170836,1584.35666068862,0.209700003266335,0.250299990177155,0.945200026035309,143.199996948242,138.970001220703,465.690002441406
17678.5628216,1162.8,-0.00507131405174732,0.0443100243806839,0,-23.6507943528681,-28.5974049649383,1831.96792244592,107.194666947106,-9.02507234224381,1806.39751825308,231.319601042188,178.377533027832,1563.86932818289,-180.872508518279,173.983875551876,1584.37888016039,0,0,0,0,0,0
17678.5735036,1165.8,-0.00497356709092855,0.0447998814284802,0,-23.3775365646212,-28.9338097567153,1832.02420050637,107.253722834708,-8.74108992992617,1806.44516306577,230.799420575972,178.613342925026,1563.92798530296,-181.245443773459,173.534787618976,1584.33188072783,0,0,0,0,0,0
17678.5866932,1168.8,-0.00468386197462678,0.0444531947374344,0,-23.3575444104532,-28.9815598918147,1832.05171462,107.269343424949,-8.69204703798826,1806.44115608574,230.719981503984,178.637934016734,1563.93130120643,-181.227508066802,173.527014377013,1584.27525040823,0.371300011873245,0.110600002110004,0.921899974346161,0,0,0
17678.5972913,1171.8,-0.00439038500189781,0.0450621642172337,0,-23.1018592209408,-29.226458671944,1832.10413644411,107.370139509974,-8.46804558498114,1806.47394431075,230.28105426019,178.814819142371,1563.92479112538,-181.676403717014,173.110389852816,1584.30664691178,0,0,0,0,0,0
17678.6108703,1174.8,-0.00458459230139852,0.044222953170538,0,-23.0914492990531,-29.2438852199935,1832.11449756777,107.412622044793,-8.43925650152745,1806.49087445143,230.194074035916,178.848258735445,1563.93042588499,-181.796037907205,173.034470789757,1584.3257620232,0.338699996471405,0.202199995517731,0.918900012969971,0,0,0
17678.621451,1177.8,-0.00424804259091616,0.045554792881012,0,-22.7996559274746,-29.5630626087542,1832.18991035143,107.538653720957,-8.09721154691231,1806.46350968599,229.593386407029,179.157503540125,1563.90012373854,-182.390509343222,172.399614251472,1584.38505153999,0,0,0,0,0,0
17678.6319779,1180.8,-0.00543064204975963,0.0455168507993221,0,-22.6313208462743,-29.7343362447465,1832.18402366483,107.613278914116,-7.89446463191071,1806.43409715103,229.374988155208,179.2849135211,1563.8645120099,-182.668768339531,172.168399307487,1584.39059172947,0,0,0,0,0,0
17678.6425874,1183.8,-0.00512606184929609,0.0464349374175072,0,-22.5750351606819,-29.8156685386985,1832.19930888948,107.759881964805,-7.84348799451735,1806.4656125105,229.153042854226,179.416314029576,1563.85951812183,-182.854898680551,171.960521497993,1584.34308986805,0,0,0,0,0,0
17678.6531684,1186.8,-0.00390009768307209,0.0458718672394753,0,-22.4349905115155,-29.9754740929455,1832.27065873053,107.889635461793,-7.71825239344298,1806.44503134408,228.836049376836,179.607631480636,1563.84726739598,-183.29429102446,171.622359763017,1584.38513602353,0,0,0,0,0,0
17678.6637376,1189.8,-0.00423508044332266,0.045115901529789,0,-22.3759920349232,-30.0820540565184,1832.25529210536,108.030074335975,-7.66612671598529,1806.45986464488,228.62057001491,179.764208314115,1563.83976801113,-183.403048387538,171.45792446378,1584.29740880617,0,0,0,0,0,0
17678.6742993,1192.8,-0.00489875068888068,0.0445069395005703,0,-22.2609043402225,-30.2263326810829,1832.29306084517,108.06293606346,-7.58912929780377,1806.40935387877,228.391593252155,179.873152133873,1563.82070749522,-183.627937113808,171.258606137304,1584.2645500679,0,0,0,0,0,0
17678.6848906,1195.8,-0.00410523451864719,0.0452828802168369,0,-22.2117325921632,-30.3621826506593,1832.29125514052,108.100710195011,-7.47492225977094,1806.36183408601,228.163135157001,179.98731552421,1563.80828758547,-183.948246161083,170.973383148112,1584.27397510278,0,0,0,0,0,0
17678.6954318,1198.8,-0.00370827619917691,0.045028442889452,0,-22.1522589615614,-30.4865160770497,1832.26022927923,108.213334337009,-7.49159490730651,1806.39200180066,227.894678007315,180.111958067201,1563.81062100988,-184.193810668198,170.737054583386,1584.25882621427,0,0,0,0,0,0
17678.7060924,1201.8,-0.00418338878080249,0.0454244486987591,0,-22.0826531017031,-30.6204184663782,1832.24190548077,108.268658443816,-7.44733719226221,1806.35923595884,227.619304609053,180.247588202088,1563.82285905877,-184.40975128018,170.542727722063,1584.24195636175,0,0,0,0,0,0
17678.7167023,1204.8,-0.00354777043685317,0.0452436082065105,0,-22.0469696221147,-30.7442874355657,1832.2239623465,108.300869364739,-7.40516450995572,1806.34109170331,227.394195874632,180.358084997097,1563.84591242122,-184.590255715849,170.401243339881,1584.18273599989,0,0,0,0,0,0
17678.7273424,1207.8,-0.00423085177317262,0.0455269314348698,0,-22.0182617134864,-30.8509926629898,1832.19108984536,108.326437441891,-7.35568740023519,1806.30450478033,227.195754338584,180.470013879107,1563.84613534238,-184.752397904919,170.229215986435,1584.13568445136,0,0,0,0,0,0
17678.7378733,1210.8,-0.00380567158572376,0.0452568627893925,0,-21.937535236367,-31.0169134394333,1832.14303994253,108.333859538285,-7.26870469726203,1806.25430495275,226.956161286483,180.600907054982,1563.83594685674,-185.170111264244,169.902914674998,1584.19308085476,0.287099987268448,0.282799988985062,0.915199995040894,138.630004882812,166.550003051758,435.609985351562
17678.7484823,1213.8,-0.00326756830327213,0.0447595551609993,0,-21.91319389585,-31.1180793211612,1832.08479519077,108.396382852544,-7.2586556262768,1806.24807464326,226.790849998432,180.692712998978,1563.82273037589,-185.32306051605,169.742542722507,1584.13877276883,0.29109999537468,0.291799992322922,0.911099970340729,146.419998168945,159.660003662109,435.010009765625
17678.7590027,1216.8,-0.00304757314734161,0.0453085176646709,0,-21.8410939845441,-31.2704400707417,1832.07841678904,108.477867956538,-7.24673257099419,1806.23533052662,226.614074368748,180.78837811704,1563.84429129528,-185.51287374353,169.569225158196,1584.11477953632,0.34400001168251,0.253199994564056,0.90420001745224,156.679992675781,154.929992675781,431.170013427734
17678.7695143,1219.8,-0.00447071995586157,0.0446327611804009,0,-21.7866668204797,-31.4119411781923,1832.03049470273,108.454230304371,-7.14242321328006,1806.17513171706,226.374149348656,180.916673054295,1563.84020552017,-185.878916666836,169.337200507956,1584.19079870417,0.376800000667572,0.253699988126755,0.890900015830994,163.080001831055,145.940002441406,430.589996337891
17678.7802053,1222.8,-0.00254717422649264,0.0458795599639416,0,-21.7350228418297,-31.5641029282312,1831.96814266939,108.472552524726,-7.03668760237632,1806.09021261079,226.060256475904,181.080144138639,1563.83492881036,-186.089360193529,169.193640184787,1584.15325972813,0,0,0,0,0,0
17678.7909012,1225.8,-0.0027593094855547,0.0454495348036289,0,-21.712485101946,-31.6740189261599,1831.93662982733,108.553254870368,-7.03972938445205,1806.05553181958,225.859651979869,181.202638820878,1563.82121115209,-186.237874861333,169.074685049572,1584.1297429843,0,0,0,0,0,0
17678.8015813,1228.8,-0.00214903336018324,0.0464509412646294,0,-21.7033924334233,-31.7826489298675,1831.89060469766,108.535646217316,-7.02102323290899,1805.98101517467,225.563484907992,181.35576890097,1563.76045617334,-186.410595712584,168.97042380005,1584.08600693962,0,0,0,0,0,0
17678.812133,1231.8,-0.00247488892637193,0.0454932771623135,0,-21.6391825819377,-31.8955697099689,1831.86039978784,108.494935033006,-6.93788932472643,1805.93671897825,225.318003759396,181.462219956896,1563.74645814483,-186.623661800832,168.808308723488,1584.1229316443,0,0,0,0,0,0
17678.822654,1234.8,-0.00295217288658023,0.0458264373242855,0,-21.6596891482472,-31.9063977098735,1831.83480596711,108.50137605401,-6.91858413255145,1805.91997525849,225.215993512123,181.516596746512,1563.74025344782,-186.680249796112,168.774980787849,1584.11939881617,0,0,0,0,0,0
17678.840746,1237.8,-0.0024436698295176,0.0454871192574501,0,-21.6530134016958,-31.9345970540196,1831.83239836311,108.480979905786,-6.88407994530344,1805.89146476694,225.140895682494,181.568416148911,1563.7507312469,-186.742302189535,168.732638080081,1584.11358598351,0,0,0,216.759994506836,166.970001220703,373.769989013672
17678.8513934,1240.8,-0.00333707663230598,0.0485285393893719,0,-21.5333423658063,-32.2310898729709,1831.81197479985,108.417654562026,-6.54770396620293,1805.73357668168,224.27775034885,182.182921588992,1563.86639133655,-187.69625930151,168.001624328051,1584.24464464909,0,0,0,0,0,0
17678.8623996,1243.8,-0.00135440821759403,0.0450267478823662,0,-21.5280647443878,-32.2573746467343,1831.82096047711,108.440247564766,-6.52339919157586,1805.72933554357,224.169954534331,182.222793435852,1563.87039847233,-187.745459800249,167.970672627648,1584.22731217079,0,0,0,0,0,0
17678.8730336,1246.8,-0.00161644350737333,0.0463448151946068,0,-21.4910085219702,-32.3893839452606,1831.89409810239,108.45363179537,-6.37082800588769,1805.74780957252,223.868607001967,182.498055569934,1564.01361985701,-188.18216437537,167.590063472159,1584.31638087705,0,0,0,0,0,0
17678.8836362,1249.8,-0.0013038688339293,0.0454345256090164,0,-21.5029605553771,-32.4948602089134,1831.95987399229,108.422460977755,-6.2228127548751,1805.72744913203,223.498785259465,182.753614650746,1564.10912712455,-188.478205392953,167.322524396464,1584.34783747734,0,0,0,0,0,0
17678.8941447,1252.8,-0.00186743051744998,0.0470034204423428,0,-21.5341386554982,-32.5505653279048,1832.03538698304,108.440447335053,-6.14852586282418,1805.78492918477,223.190217649198,182.926323872697,1564.1760650287,-188.740487779721,167.098403740905,1584.39210016169,0,0,0,0,0,0
17678.9213893,1255.8,-0.00229295459575951,0.046349062025547,0,-21.4958295416975,-32.5917061554044,1832.05883189607,108.411564224757,-6.07910634915324,1805.80279350797,223.12305431565,182.978186175589,1564.2189890429,-188.742076050208,167.077766480572,1584.35589533607,0.399899989366531,0.206400007009506,0.89300000667572,0,0,0
17678.9320721,1258.8,-0.00229687709361315,0.0465414956212044,0,-21.4627323413086,-32.6455993667121,1832.0689425797,108.391862372719,-6.03731391447655,1805.84332280327,223.013246270446,183.08484081549,1564.28881332056,-188.861272265739,166.978412470458,1584.31428103197,0,0,0,0,0,0
17678.9518794,1261.8,-0.00176649133209139,0.0469186030328274,0,-21.425984363523,-32.6648904832877,1832.0699367472,108.38637201819,-5.99414496422756,1805.864276591,222.953379006617,183.148946351189,1564.34206074368,-188.946903450277,166.930991315265,1584.32141589174,0,0,0,0,0,0
17678.9626836,1264.8,-0.00138582044746727,0.047345994412899,0,-21.5945691723844,-32.8257140929438,1832.3198155084,108.194984586491,-5.55417533436748,1806.12944905703,222.089443146354,183.813735426143,1564.87917305263,-189.699473267219,166.426242421796,1584.23463630237,0,0,0,0,0,0
17678.9764158,1267.8,-0.00109823711682111,0.0465088024735451,0,-21.6336557829205,-32.8333891814324,1832.31902144999,108.14783010509,-5.49363444286303,1806.15257738519,222.023460422036,183.849174251593,1564.91647333847,-189.797802841,166.361063491305,1584.23656614856,0.422399997711182,0.0812000036239624,0.902800023555756,0,0,0
17678.9870135,1270.8,-0.000391642563045025,0.0476639777421951,0,-21.9521894236469,-32.9086862361454,1832.54346882408,107.826506726546,-5.05362511829981,1806.41175551173,221.254083658263,184.392442728859,1565.35530068773,-190.586371767608,165.990021994704,1584.07014919075,0,0,0,0,0,0
17679.0003974,1273.8,-0.00143250939436257,0.0464612230658531,0,-22.1590364372867,-32.9366778410604,1832.5892881762,107.694139795233,-4.85319898728733,1806.48908864711,220.90971962465,184.637815221141,1565.55812429595,-190.991262862428,165.803506044833,1583.96802631566,0,0,0,0,0,0
17679.0110951,1276.8,-0.000631340488325804,0.0475851394236088,0,-22.283777318226,-32.935980490206,1832.61800891779,107.518356222592,-4.67578933688124,1806.50230430344,220.702351776117,184.782207167074,1565.67147953118,-191.157790431893,165.710374852448,1583.87829080337,0,0,0,0,0,0
17679.0217745,1279.8,-0.0003807139582932,0.0469204358756542,0,-22.3183661892737,-32.9128357642553,1832.63677586339,107.472586750014,-4.61491610722651,1806.50546824576,220.655295319017,184.854720050745,1565.71448010337,-191.208790506114,165.71439558446,1583.83687341281,0,0,0,0,0,0
17679.0357821,1282.8,-0.000933042261749506,0.0469460062682629,0,-22.3039494720003,-32.9211609021342,1832.6122452785,107.432872333793,-4.55616090386797,1806.51160735104,220.570278392953,184.880129643691,1565.75910635534,-191.261883752207,165.685794594324,1583.82462619239,0.302599996328354,0.382499992847443,0.873000025749207,119.099998474121,162.449996948242,409.239990234375
17679.0463116,1285.8,-0.000186216944712214,0.047482418268919,0,-22.5341281429835,-32.9452282417063,1832.58395590393,107.191170956726,-4.38294986785321,1806.57455609188,220.260050886109,185.112668156725,1565.91422377093,-191.549396580816,165.542474474264,1583.71475444961,0,0,0,0,0,0
17679.096165,1288.8,-0.00168970902450383,0.0457457959651947,0,-22.558482242044,-32.9439887172377,1832.5628959575,107.130985354504,-4.30748408158742,1806.57009813762,220.211254596738,185.163690054987,1565.95206766513,-191.627603420207,165.52407593097,1583.7014500215,0.31470000743866,0.34400001168251,0.884700000286102,0,0,0
17679.106847,1291.8,-0.00123785110190511,0.0464994072914124,0,-23.2524631250086,-32.8760771681672,1832.27072502531,106.589393887384,-3.76642169265216,1806.56585161444,219.525327017818,186.183497439944,1566.57166316879,-192.084741874921,165.625855721758,1583.09928802132,0,0,0,0,0,0
17679.1232765,1294.8,-0.00121920590754598,0.0457844905555248,0,-23.2911709281346,-32.8867520119576,1832.22812311956,106.595004091963,-3.71808749101325,1806.58629667294,219.513801237156,186.240470970037,1566.61833369835,-192.144454116698,165.628033565152,1583.06589661189,0.31580001115799,0.100400000810623,0.943499982357025,0,0,0
17679.1351182,1297.8,-0.00162646116223186,0.0461728222668171,0,-23.4537877464341,-32.8511335355112,1832.04378551472,106.31905238223,-3.47145576022635,1806.45326092954,219.381300060192,186.490210671829,1566.78005513758,-192.322849612233,165.767697285073,1582.83302626749,0,0,0,0,0,0
17679.1457965,1300.8,-0.00261686136946082,0.0461660198867321,0,-23.581604252264,-32.8437851641005,1831.75995665389,106.118924888719,-3.10254223600639,1806.28899203145,219.11711613672,186.960502921746,1567.19248741736,-192.640412009811,166.185834768599,1582.43652519882,0,0,0,0,0,0
17679.15642,1303.8,-0.00188904523383826,0.0445622973144054,0,-23.5411656260809,-32.8302740633398,1831.54368971537,106.096843480898,-2.77666115651722,1806.09496020602,219.024282520007,187.217610801997,1567.57122745755,-192.935356512432,166.515253487812,1582.19217923134,0,0,0,0,0,0
17679.1669973,1306.8,-0.00137518614064902,0.044991260766983,0,-23.5566419023266,-32.8405206022129,1831.52256869493,106.08846975225,-2.69413251552689,1806.04966302,218.986836258159,187.257685698728,1567.62724229329,-192.966394931877,166.579712495102,1582.15002598054,0.315200001001358,0.169300004839897,0.933799982070923,0,0,0
17679.1776017,1309.8,-0.00209064455702901,0.0439075067639351,0,-23.4266899869555,-32.7871090628964,1831.26283940435,106.132503831139,-2.44055521534106,1805.82562538948,218.743844587472,187.515240787631,1567.90831229131,-193.131856683366,167.034695276009,1581.87424090462,0.269899994134903,0.0764999985694885,0.959800004959106,169.660003662109,141.490005493164,383.309997558594
17679.1884796,1312.8,-0.00195166794583201,0.0435440003871918,0,-23.328594595308,-32.7654418678739,1831.16367078727,106.199094221477,-2.26711557653567,1805.66719364987,218.686292349193,187.624097525867,1568.02373618859,-193.169361691512,167.338607846247,1581.74319006621,0.374199986457825,0.224999994039536,0.899600028991699,178.130004882812,132.759994506836,381.769989013672
17679.1990836,1315.8,-0.00254302751272917,0.0443450346589088,0,-22.1839846943335,-32.7503806888237,1830.57367369717,106.382086255924,-2.08031978089041,1805.57036918815,218.619214242669,187.748073612212,1568.10301198667,-193.217414195517,167.609425392859,1581.61818906631,0.31470000743866,0.156900003552437,0.936100006103516,154.350006103516,98.5,401.119995117188
17679.2097304,1318.8,-0.00232433178462088,0.0437934197485447,0,-23.1167607368569,-32.6521115188062,1830.94564717817,106.483332029583,-2.00180205663876,1805.48569053111,218.55969147444,187.844289059958,1568.1506206662,-193.292567497266,167.765719036569,1581.5475681414,0,0,0,0,0,0
17679.2204701,1321.8,-0.00331752095371485,0.0442609883844853,0,-23.0124382030862,-32.5380927391129,1830.81706836285,106.562937239987,-1.71559617868883,1805.31533332296,218.512308233401,188.012845398737,1568.2215353034,-193.340856920115,168.05698064836,1581.45195684354,0,0,0,0,0,0
17679.2319955,1324.8,-0.00231469096615911,0.0439998120069504,0,-22.9203996049483,-32.5066807534967,1830.76195944524,106.58053971939,-1.66621139293271,1805.26173561392,218.491980004443,188.060238206064,1568.22941135271,-193.344522317542,168.163969754582,1581.42392721649,0.31580001115799,0.164499998092651,0.934499979019165,0,0,0
17679.2435625,1327.8,-0.00251310737803578,0.0442299865186215,0,0,0,0,0,0,0,NaN,NaN,NaN,NaN,NaN,NaN,0,0,0,0,0,0
17679.2540063,1330.8,-0.00226306333206594,0.0426537267863751,0,0,0,0,0,0,0,NaN,NaN,NaN,NaN,NaN,NaN,0,0,0,0,0,0
17679.2644984,1333.8,-0.00206752633675933,0.0425468817353249,0,0,0,0,0,0,0,NaN,NaN,NaN,NaN,NaN,NaN,0,0,0,0,0,0
17679.274995,1336.8,-0.00192588346544653,0.0424177557229996,0,-22.6572152196447,-31.8593713900486,1830.34342367218,106.670890891544,-0.521507869713597,1804.76575893966,NaN,NaN,NaN,NaN,NaN,NaN,0,0,0,0,0,0
17679.2873457,1339.8,-0.00243637198582292,0.0415584355592728,0,-22.6288207377251,-31.8144443449283,1830.33465673454,106.6616338888,-0.439670179359311,1804.73453145286,NaN,NaN,NaN,NaN,NaN,NaN,0.402599990367889,0.141800001263618,0.904299974441528,0,0,0
17679.2979417,1342.8,-0.00239747506566346,0.0414131306111813,0,-22.6608599854241,-31.4823851015004,1830.3388424716,106.70066956443,-0.108001532582852,1804.67293469932,NaN,NaN,NaN,NaN,NaN,NaN,0,0,0,0,0,0
17679.3226624,1345.8,-0.00208592182025313,0.0409040100872517,0,0,0,0,0,0,0,NaN,NaN,NaN,NaN,NaN,NaN,0.364300012588501,0.0970000028610229,0.926199972629547,0,0,0
17679.3331191,1348.8,-0.00201300089247525,0.0409619346261025,0,0,0,0,0,0,0,NaN,NaN,NaN,NaN,NaN,NaN,0,0,0,0,0,0
17679.3436593,1351.8,-0.00194399827159941,0.0401277378201485,0,0,0,0,0,0,0,NaN,NaN,NaN,NaN,NaN,NaN,0,0,0,0,0,0
17679.3542031,1354.8,-0.0020161815918982,0.040419364720583,0,-21.5290060450521,-30.7862289787328,1829.87613821337,106.671221845767,0.480269731380433,1804.58808680733,NaN,NaN,NaN,NaN,NaN,NaN,0,0,0,0,0,0
17679.364771,1357.8,-0.00298345321789384,0.0407435841858387,0,0,0,0,0,0,0,NaN,NaN,NaN,NaN,NaN,NaN,0,0,0,0,0,0
17679.3753329,1360.8,-0.003899090224877,0.039232986420393,0,0,0,0,0,0,0,NaN,NaN,NaN,NaN,NaN,NaN,0,0,0,0,0,0
17679.3858136,1363.2,-0.00381410890258849,0.037321200966835,0,0,0,0,0,0,0,NaN,NaN,NaN,NaN,NaN,NaN,0,0,0,0,0,0
17679.3962548,1360.2,-0.00432594120502472,0.0364448189735413,0,0,0,0,0,0,0,NaN,NaN,NaN,NaN,NaN,NaN,0,0,0,0,0,0
17679.4068754,1357.2,-0.00383524387143552,0.0360473528504372,0,0,0,0,0,0,0,NaN,NaN,NaN,NaN,NaN,NaN,0,0,0,0,0,0
17679.4204406,1354.2,-0.0035525078419596,0.0353401362895966,0,0,0,0,0,0,0,NaN,NaN,NaN,NaN,NaN,NaN,0,0,0,0,0,0
17679.4310385,1351.2,-0.00367611250840127,0.0346687495708466,0,0,0,0,0,0,0,NaN,NaN,NaN,NaN,NaN,NaN,0,0,0,0,0,0
17679.4477669,1348.2,-0.00383450672961771,0.035689777135849,0,0,0,0,0,0,0,NaN,NaN,NaN,NaN,NaN,NaN,0.337900012731552,0.130899995565414,0.931999981403351,0,0,0
17679.4589002,1345.2,-0.00312024145387113,0.0339944794774056,0,0,0,0,0,0,0,NaN,NaN,NaN,NaN,NaN,NaN,0,0,0,0,0,0
17679.4735532,1342.2,-0.00514153577387333,0.0369544982910156,0,0,0,0,0,0,0,NaN,NaN,NaN,NaN,NaN,NaN,0.393799990415573,0.36370000243187,0.844200015068054,0,0,0
17679.4840657,1339.2,-0.00444523710757494,0.0343478977680206,0,0,0,0,0,0,0,NaN,NaN,NaN,NaN,NaN,NaN,0,0,0,0,0,0
17679.4954008,1336.2,-0.00460923416540027,0.0360469207167625,0,0,0,0,0,0,0,NaN,NaN,NaN,NaN,NaN,NaN,0,0,0,0,0,0
17679.5059985,1333.2,-0.00417215889319777,0.0350617602467537,0,0,0,0,0,0,0,NaN,NaN,NaN,NaN,NaN,NaN,0,0,0,0,0,0
17679.5164584,1330.2,-0.00470952596515417,0.034495210647583,0,0,0,0,0,0,0,NaN,NaN,NaN,NaN,NaN,NaN,0,0,0,0,0,0
17679.5269018,1327.2,-0.0035413580480963,0.0350928291678429,0,0,0,0,0,0,0,NaN,NaN,NaN,NaN,NaN,NaN,0,0,0,0,0,0
17679.5373553,1324.2,-0.00450203800573945,0.0339486286044121,0,0,0,0,0,0,0,NaN,NaN,NaN,NaN,NaN,NaN,0,0,0,0,0,0
17679.5488298,1321.2,-0.0045418324880302,0.0343010187149048,0,0,0,0,0,0,0,NaN,NaN,NaN,NaN,NaN,NaN,0,0,0,0,0,0
17679.5593372,1318.2,-0.00323849753476679,0.0319213330745697,0,0,0,0,0,0,0,NaN,NaN,NaN,NaN,NaN,NaN,0,0,0,0,0,0
17679.5706444,1315.2,-0.00446279579773545,0.0341285303235054,0,0,0,0,0,0,0,NaN,NaN,NaN,NaN,NaN,NaN,0.445600003004074,0.134800001978874,0.88510000705719,0,0,0
17679.5812065,1312.2,-0.00394873088225722,0.0318486675620079,0,-22.7928843973613,-25.4770135300813,1829.39057490066,106.743691710854,5.00659995569693,1804.28007058552,220.180888840718,194.750813816035,1568.26624984732,-191.896209034321,176.775536256849,1580.31432148746,0,0,0,0,0,0
17679.6020508,1309.2,-0.00369550427421927,0.035013510286808,0,-22.7835026842526,-25.403494650287,1829.39999952289,106.7174991985,5.09757165838749,1804.26710112118,220.200322508245,194.839119837918,1568.25990542548,-191.905604378677,176.833320352752,1580.33615283403,0.446299999952316,0.135499998927116,0.884599983692169,0,0,0
17679.6127626,1306.2,-0.00438847066834569,0.0315437227487564,0,-22.7542513186433,-24.6778436239448,1829.58695552591,106.711994319892,5.71202063457531,1804.33735851531,220.356168761904,195.466675182217,1568.23787006775,-191.773815718045,177.347070885973,1580.43826296385,0,0,0,0,0,0
17679.6236327,1303.2,-0.00397381978109479,0.0323929846286774,0,-22.6138568455837,-24.4590038536898,1829.63872092695,106.889268435173,5.99873295874296,1804.33861176588,220.392311443433,195.635505638225,1568.24593840067,-191.675402770388,177.560879256594,1580.45803364111,0,0,0,0,0,0
17679.6341425,1300.2,-0.00361466105096042,0.0326987043023109,0,-22.5261194537985,-24.2872606617785,1829.66072844276,106.956455896732,6.15062228628848,1804.35685419958,220.464743116183,195.764780210323,1568.25984175984,-191.583775522002,177.726531611148,1580.45795187574,0,0,0,0,0,0
17679.6446773,1297.2,-0.00423775287345052,0.0335512518882752,0,-22.355745989942,-24.1217866760116,1829.68542349663,107.04810785438,6.32057062719835,1804.35172060339,220.500843397353,195.872817180399,1568.27808499649,-191.511203131204,177.916957886939,1580.48993536331,0,0,0,0,0,0
17679.6551918,1294.2,-0.00424181390553713,0.0328779652714729,0,-22.3191404629016,-23.9680397350708,1829.73154308157,107.158501442467,6.47131730272313,1804.37027148752,220.561215440903,195.972035391414,1568.30716123396,-191.483094648118,178.086540435412,1580.50714001333,0,0,0,0,0,0
17679.6657526,1291.2,-0.00278912833891809,0.0309792965650559,0,-22.2469241428666,-23.8179998831226,1829.74031233445,107.240098826512,6.63991003763938,1804.33697168449,220.615025803157,196.089730826059,1568.33598557272,-191.451790390091,178.210005587189,1580.52896724616,0,0,0,0,0,0
17679.6763595,1288.2,-0.00341417640447617,0.0319081157445908,0,-22.1796190044698,-23.6654956533564,1829.75805207133,107.347248038047,6.80066908905253,1804.35527793431,220.680320350724,196.212687042424,1568.35926284475,-191.334174502518,178.394829184226,1580.5011579559,0,0,0,0,0,0
17679.6869083,1285.2,-0.00339997373521328,0.0344007670879364,0,-22.0355720355325,-23.499552958795,1829.71874503688,107.443105571515,7.02663165489287,1804.3352163172,220.751859344073,196.35156108496,1568.39752759168,-191.295466647513,178.60649602521,1580.53539411859,0.443599998950958,0.197300001978874,0.874199986457825,172.990005493164,113.529998779297,348.059997558594
17679.7003386,1282.2,-0.00451922975480556,0.0319095760583878,0,-21.9396757412668,-23.342973755081,1829.72241565965,107.54094635863,7.22316338050013,1804.30621313447,220.853110339581,196.518873209577,1568.42961089361,-191.142321673772,178.863421899088,1580.50150717897,0,0,0,0,0,0
17679.7108475,1279.2,-0.00434317952021956,0.0319112896919251,0,-21.9208658081896,-23.244892518482,1829.73111747274,107.614242875686,7.32979081963035,1804.29601983321,220.921570543839,196.635736748879,1568.46542176194,-191.031850124967,179.060708360408,1580.49996924561,0,0,0,0,0,0
17679.7214151,1276.2,-0.00396347418427467,0.0326114729046822,0,-21.9044412848999,-23.1999599057366,1829.73104950455,107.587387117932,7.39458409233755,1804.23680038749,220.962054465974,196.678691444824,1568.47821533554,-191.010913945095,179.12268773921,1580.50739875544,0,0,0,0,0,0
17679.7369843,1273.2,-0.00449066096916795,0.0313250929117203,0,-21.9434313760438,-23.1581130738393,1829.72890173515,107.620557443663,7.44994663629296,1804.24221789379,220.964096442202,196.696100281507,1568.48179285849,-190.964624685123,179.195231792003,1580.50153952497,0.409000009298325,0.242300003767014,0.879800021648407,170.029998779297,118.809997558594,340.660003662109
17679.7475443,1270.2,-0.00387804349884391,0.0316080436110497,0,-21.8438169455702,-22.9837505363924,1829.63939158923,107.745317536238,7.60140980631339,1804.19276239175,221.134075173582,196.861349738847,1568.54825878769,-190.825495595225,179.546518158896,1580.51071005581,0,0,0,0,0,0
17679.7609907,1267.2,-0.00536414468660951,0.0321852028369904,0,-21.7332289016599,-22.6488068520993,1829.46747905272,107.818796484741,7.84291759417471,1804.13592343403,221.472781579834,197.160472268386,1568.64824949983,-190.609806576244,180.063938510302,1580.5672369471,0,0,0,0,0,0
17679.7716193,1264.2,-0.00445410516113043,0.0316062778234482,0,-21.7327629359641,-22.5181009454121,1829.44526293447,107.842123895115,7.87156008197026,1804.10908369761,221.57345015679,197.235042560392,1568.66952327359,-190.535022080785,180.213440210556,1580.57808715695,0,0,0,0,0,0
17679.7823266,1261.2,-0.0042590987868607,0.0318858161568642,0,-21.7424757189864,-22.4077526861762,1829.40948864844,107.847183826525,7.90864478178456,1804.1106446534,221.675126342756,197.307454021812,1568.69244878439,-190.4735328286,180.408934424756,1580.58376290792,0,0,0,0,0,0
17679.7929949,1258.2,-0.00564317591488361,0.0308056384325028,0,-21.6659922285695,-22.2842598780293,1829.33828536875,107.811556765073,7.98278913968369,1804.08025024325,221.815656929221,197.384199401188,1568.70918113995,-190.350819203773,180.665546007056,1580.56820089814,0,0,0,0,0,0
17679.8036031,1255.2,-0.00428655231371522,0.0314932078123093,0,-21.6524897156298,-22.1532812664672,1829.31944581505,107.763444845266,8.10039489851292,1804.02070258688,221.952748734504,197.449733901133,1568.7014852706,-190.24689480458,180.901506531049,1580.61065314617,0,0,0,0,0,0
17679.8141208,1252.2,-0.00537373591214418,0.0301479682326317,0,-21.6858153687947,-22.0055302803994,1829.2880084473,107.758420839843,8.12648361190026,1804.0102217059,222.058656471004,197.49259814878,1568.70025805899,-190.112192953784,181.144889112635,1580.61118175843,0,0,0,0,0,0
17679.8247131,1249.2,-0.00454456312581897,0.0310001879930496,0,-21.7320816901507,-21.8537642926135,1829.25303078181,107.743467556505,8.16339970609571,1803.97812678328,222.202504820286,197.543610251677,1568.69477877374,-189.964081337454,181.43446816154,1580.59262025765,0,0,0,0,0,0
17679.8352844,1246.2,-0.00476657832041383,0.0309240356087685,0,-21.7652236700996,-21.7113698974594,1829.24023384926,107.751459976668,8.2031293032182,1803.98918543408,222.312836582935,197.582109200246,1568.67287616724,-189.790179691331,181.666643100284,1580.57385724544,0,0,0,0,0,0
17679.8457884,1243.2,-0.00490285968407989,0.0311797097325325,0,-21.811910961517,-21.5482217016681,1829.21877269846,107.790845591314,8.27659126589207,1803.97945072225,222.442841757329,197.622398597701,1568.65657385903,-189.670323388207,181.853115946442,1580.57348595954,0,0,0,0,0,0
17679.8563834,1240.2,-0.00486271316185594,0.0312122091650963,0,-21.8898927198335,-21.4206910091963,1829.18568374913,107.755547939641,8.31993079297162,1803.90987795634,222.571516563918,197.651854184088,1568.65652016336,-189.576264613392,182.045326042846,1580.60006247125,0,0,0,0,0,0
17679.869114,1237.2,-0.00555737456306815,0.0304934963583946,0,-21.8961887023437,-21.3887623776503,1829.19369091822,107.783011734564,8.35275964657505,1803.94218399565,222.620933814134,197.674302147998,1568.65294215762,-189.550993773917,182.124901160718,1580.60604841669,0.335500001907349,0.338200002908707,0.879299998283386,131.399993896484,131.570007324219,324.149993896484
17679.8819137,1234.2,-0.00551077537238598,0.028887277841568,0,-21.8667492497566,-21.0323571225031,1829.04718953802,107.794600058795,8.51692040069606,1803.84810300995,222.861334319822,197.733839449843,1568.60884271354,-189.29563490154,182.703522367709,1580.61013834414,0,0,0,0,0,0
17679.8925095,1231.2,-0.00325793400406837,0.0309059903025627,0,-21.8458286852622,-20.9963623418764,1829.0490925572,107.77912437011,8.57059618255604,1803.822874107,222.911243282272,197.755119754818,1568.61026431889,-189.374091717366,182.678476575505,1580.66917839233,0,0,0,0,0,0
17679.90306,1228.2,-0.00552323507145047,0.0298169016838074,0,-21.8324849497542,-20.7459331519281,1829.01498418489,107.821714918477,8.67916989234439,1803.79573024554,223.135722704979,197.805338789998,1568.61626466813,-189.067595963002,183.024451099112,1580.58438671062,0,0,0,0,0,0
17679.9136589,1225.2,-0.00452056480571628,0.0309602528810501,0,-21.7582421035324,-20.5345734320892,1828.94477391606,107.85526585532,8.75400463363655,1803.79185787672,223.299788385,197.849789579201,1568.61880335051,-188.910363058631,183.255647187658,1580.5607675547,0,0,0,0,0,0
17679.9241862,1222.2,-0.00569173926487565,0.0296313524246216,0,-21.7809294834029,-20.4066077891121,1828.9869353788,107.838972015601,8.88360621385885,1803.80629726265,223.456263724421,197.866416303751,1568.63766499583,-188.782809352622,183.422561111957,1580.54135676736,0,0,0,0,0,0
17679.9347217,1219.2,-0.00553705776110291,0.0291428923606873,0,-21.8172181583721,-20.2604178857852,1829.02522771133,107.8149290882,8.90246375041207,1803.85056180579,223.600368731017,197.877206433919,1568.65801025297,-188.647698509062,183.618357797004,1580.53033636044,0,0,0,0,0,0
17679.9453024,1216.2,-0.00559393828734756,0.0296059608459473,0,-21.8298089219873,-20.1077329011474,1829.01072506863,107.814141231736,8.99571590057949,1803.89999737824,223.739735561416,197.904074123333,1568.66931039083,-188.383858111028,183.883931077515,1580.43728715822,0,0,0,0,0,0
17679.9559635,1213.2,-0.00591474352404475,0.0301822632551193,0,-21.9263359579336,-19.9576286815048,1829.10572470095,107.762608662043,9.04194898141953,1803.95717290147,223.916177788674,197.918837761252,1568.68614947641,-188.285190386808,184.038081252934,1580.44652839201,0,0,0,0,0,0
17679.9664918,1210.2,-0.00520058814436197,0.0288754016160965,0,-22.0176707986334,-19.8066150330228,1829.14792690521,107.731516951716,9.12703187077157,1804.03515933496,224.042650589356,197.905320682755,1568.69912980742,-188.068131847985,184.278870275156,1580.39386476741,0,0,0,0,0,0
17679.9770884,1207.2,-0.0042502973228693,0.0315745308995247,0,-22.0377197123669,-19.6313026087568,1829.17296363866,107.742352997035,9.20736003978636,1804.15950715537,224.246499821796,197.90075099172,1568.70454129785,-187.863740010768,184.542346662077,1580.3991936244,0.255199998617172,0.251199990510941,0.933700025081635,159.119995117188,159.309997558594,468.369995117188
17679.9876489,1204.2,-0.00536175863817334,0.0296260848641396,0,-22.054017192832,-19.5187952993583,1829.1534492442,107.666543462726,9.24924654038917,1804.23149085098,224.392030999754,197.876058493052,1568.72456918218,-187.761824939952,184.675178680385,1580.44123923179,0.239399999380112,0.295700013637543,0.924799978733063,161.929992675781,158.300003051758,466.029998779297
17679.9982456,1201.2,-0.00561898527666926,0.0293174296617508,0,-22.0779309126472,-19.4153342636176,1829.1547818129,107.646459539743,9.19762171466308,1804.27335928199,224.502297316123,197.839745155584,1568.74517125769,-187.674885843146,184.77206643786,1580.46250682516,0,0,0,0,0,0
17680.008808,1198.2,-0.00495341047644615,0.0305819198489189,0,-22.1623120546486,-19.2404643269425,1829.17660700765,107.564520762062,9.24295131030841,1804.32280322367,224.705776984108,197.801815813835,1568.75653653227,-187.483636800221,185.004671965192,1580.49169739129,0.2449000030756,0.343699991703033,0.906599998474121,163.399993896484,168.360000610352,458.720001220703
17680.0203986,1195.2,-0.00528398156166077,0.0289588108658791,0,-22.2328145748068,-19.0753169459668,1829.16925864383,107.55120035006,9.22051498923125,1804.40924869356,224.932254569818,197.762275614196,1568.79151691474,-187.265044589185,185.261518658456,1580.51477396982,0,0,0,0,0,0
17680.0308716,1192.2,-0.00525157200172544,0.0286725372076035,0,-22.3251965885603,-18.937165520271,1829.20784949225,107.443659545366,9.20384752829297,1804.41389123337,225.084063282572,197.732970521865,1568.81772392391,-187.091540885434,185.45463644364,1580.53676234641,0,0,0,0,0,0
17680.0415252,1189.2,-0.00534483743831515,0.0288984686136246,0,-22.4455143102302,-18.8253972203852,1829.23170363893,107.396754171646,9.12100813446821,1804.44455031183,225.217423316336,197.730381632128,1568.83274595505,-187.129174748142,185.476537106446,1580.69154285215,0,0,0,0,0,0
17680.0520544,1186.2,-0.00484739383682609,0.0276272356510162,0,-22.5092274155835,-18.7100554867105,1829.23369555375,107.338749257034,9.07154874841371,1804.47819990709,225.352997859452,197.711896754854,1568.85403099695,-186.992397392192,185.622357921819,1580.7366891467,0,0,0,0,0,0
17680.0626568,1183.2,-0.00506771542131901,0.0287540689110756,0,-22.5746847838846,-18.599931355484,1829.23986813689,107.276021324076,9.01338957803246,1804.47520271041,225.468742247757,197.646866132599,1568.87319571887,-186.9400702578,185.727020270241,1580.84156696892,0,0,0,0,0,0
17680.073153,1180.2,-0.00485851103439927,0.0309744611382484,0,-22.693543124858,-18.5064439397836,1829.26591279044,107.240437246309,8.95110040446975,1804.53300818697,225.614374753018,197.591851910646,1568.88712057299,-186.665840397654,185.991005273454,1580.84877222565,0,0,0,0,0,0
17680.0837392,1177.2,-0.00513138016685843,0.0288584813475609,0,-22.7043731866549,-18.4179475462274,1829.26489157243,107.153876553483,8.90575398339039,1804.48796648254,225.762616643169,197.548391683797,1568.89607476834,-186.544553364153,186.147326019654,1580.88312612684,0,0,0,0,0,0
17680.0943288,1174.2,-0.00548083987087011,0.0284901991486549,0,-22.8309442122497,-18.3130310668229,1829.24796997772,107.102594930936,8.93905589649293,1804.49209728383,225.887526217028,197.515256980338,1568.88398044669,-186.470979066002,186.229297742803,1580.95651718237,0,0,0,0,0,0
17680.1050579,1171.2,-0.00492012454196811,0.0291323944926262,0,-22.9022357945077,-18.2306420752581,1829.24050156966,107.066842411952,8.84548809587476,1804.46737286135,226.008811099647,197.4680768415,1568.86990462694,-186.36190051621,186.319913223781,1580.98021272799,0,0,0,0,0,0
17680.1158473,1168.2,-0.00533921550959349,0.0283605292439461,0,-22.945214697137,-18.1264668802561,1829.19543063314,106.969614932597,8.84902908839805,1804.42167725217,226.113395288978,197.448812246309,1568.83847709948,-186.267690187392,186.425533666969,1581.01818787869,0,0,0,0,0,0
17680.1355583,1165.2,-0.00545998523011804,0.0283018633723259,0,-22.9408887249868,-18.098605472679,1829.16524510645,106.980555238343,8.83905621563905,1804.44398797162,226.201879875084,197.453970827035,1568.83901688938,-186.189125820901,186.482302806157,1581.00044510836,0.271200001239777,0.2466000020504,0.930400013923645,140.639999389648,156.75,469.179992675781
17680.1461219,1162.2,-0.00520246755331755,0.0280513301491737,0,-23.0506848807243,-17.9476266438136,1829.0878801358,106.924513118278,8.72974553716361,1804.39816010551,226.437845271404,197.416767820766,1568.7799182142,-185.952024688373,186.723047623694,1580.99005188647,0,0,0,0,0,0
17680.156757,1159.2,-0.00548906857147813,0.0292022585868836,0,-23.1172218068177,-17.8029092779624,1829.00256368051,106.816378584935,8.7010649586497,1804.31974180061,226.678293560864,197.35341427555,1568.71491624717,-185.724681826871,187.064973778913,1580.94739337967,0,0,0,0,0,0
17680.1673447,1156.2,-0.00515415938571095,0.0286946952342987,0,-23.1811483763516,-17.7544893482433,1828.95826265598,106.775351591048,8.65500503475591,1804.32230648046,226.768065526247,197.317478672142,1568.67528127303,-185.617792634514,187.171018407536,1580.96352933891,0,0,0,0,0,0
17680.180712,1153.2,-0.00348551152274013,0.0295007511973381,0,-23.2392836009194,-17.6789175791615,1828.91656255394,106.683447256499,8.60806016948582,1804.24978112129,226.90129273181,197.281532433544,1568.66701630018,-185.518581688631,187.297012990408,1580.93691169083,0,0,0,0,0,0
17680.1913627,1150.2,-0.00558762811124325,0.0281011298298836,0,-23.3134135346837,-17.5632399990362,1828.8736578488,106.713835971539,8.56189445479722,1804.30502100303,227.09668892765,197.205489713542,1568.6566820092,-185.273195064493,187.528068499599,1580.86613595408,0,0,0,0,0,0
17680.2019024,1147.2,-0.00603731395676732,0.0273687526583672,0,-23.3482505251302,-17.5064254400035,1828.84397726761,106.697533024828,8.57895560097551,1804.31880872557,227.230240176318,197.158150977326,1568.65913206422,-185.108272906339,187.689622804254,1580.82989371249,0,0,0,0,0,0
17680.2125802,1144.2,-0.00548469368368387,0.0283854737877846,0,-23.3734905440104,-17.4678339758391,1828.84553597811,106.695260766232,8.5566986209752,1804.28639290978,227.357566077967,197.086678615944,1568.66410064084,-185.000748302039,187.830560026395,1580.82063276167,0,0,0,0,0,0
17680.2231804,1141.2,-0.00563026964664459,0.0285110980272293,0,-23.3946028737346,-17.4368315966071,1828.82239008309,106.7092494647,8.5526725682066,1804.30342606715,227.409438844865,197.067029097204,1568.667701186,-185.024673246101,187.808040815618,1580.85341001458,0,0,0,0,0,0
17680.233755,1138.2,-0.00530053768306971,0.0273898229002953,0,-23.4499390781726,-17.3081175960819,1828.82157009024,106.691041809557,8.50160158694955,1804.33015851062,227.697683064725,196.918629638123,1568.70359389041,-184.671049495577,188.118569799311,1580.76435405587,0,0,0,0,0,0
17680.2444231,1135.2,-0.00593391433358192,0.0276132807135582,0,-23.4454996785241,-17.2700942322882,1828.79216340447,106.674621711046,8.53025145802982,1804.33530425772,227.840188025706,196.827268228069,1568.72048648047,-184.551161364879,188.215783392213,1580.75304525131,0,0,0,0,0,0
17680.2549715,1132.2,-0.00542446039617062,0.0273570403456688,0,-23.4599595765612,-17.1993340194702,1828.7843811058,106.71610022122,8.52956521702076,1804.41481508205,228.016994529623,196.766545479027,1568.76385970215,-184.44558836294,188.303663873109,1580.74167470932,0,0,0,0,0,0
17680.2686513,1129.2,-0.00467720162123442,0.0268135204911232,0,-23.4806560080764,-17.1807570708561,1828.79908061444,106.715489184123,8.52350535586426,1804.41569542043,228.067833576268,196.742152366118,1568.77154125289,-184.37547926893,188.333532896555,1580.73228615763,0.328999996185303,0.194100007414818,0.924099981784821,167.960006713867,127.529998779297,453.779998779297
17680.2792181,1126.2,-0.00593406846746802,0.0263032153248787,0,-23.4844582169592,-17.0885681409406,1828.77256217479,106.735499444574,8.53747581140759,1804.50197739251,228.343287149637,196.629791467614,1568.83390762983,-184.127616433359,188.476687856455,1580.67885138829,0,0,0,0,0,0
17680.2905871,1123.2,-0.00465592229738832,0.0266683161258698,0,-23.4416751247745,-17.0379748105427,1828.81256501771,106.730643436693,8.53022507752048,1804.51694858359,228.488630591742,196.577585762195,1568.86020385622,-183.969469055699,188.566913492491,1580.62841743232,0,0,0,0,0,0
17680.3011871,1120.2,-0.00421465607360005,0.0269933253526688,0,-23.3910262358094,-16.9767901084241,1828.84328569084,106.761186385528,8.48249117063514,1804.59567198907,228.760680936125,196.484517359864,1568.90911715016,-183.689187579951,188.667521001709,1580.58804828538,0,0,0,0,0,0
17680.311658,1117.2,-0.00509016076102853,0.0256764650344849,0,-23.3445011649756,-16.9346815258556,1828.89943371835,106.807228591917,8.43135697459951,1804.6621189736,228.923736541385,196.424773328659,1568.94496262295,-183.583684531202,188.67677795853,1580.60687848633,0,0,0,0,0,0
17680.3222734,1114.2,-0.0049804924055934,0.0254721328616142,0,-23.29717248151,-16.9000385082062,1828.9054648964,106.864000966436,8.44812677740905,1804.72440356638,229.053621353854,196.378134537986,1568.93952378055,-183.402893451779,188.752217388408,1580.56032924912,0,0,0,0,0,0
17680.3329534,1111.2,-0.00536100938916206,0.0255642667412758,0,-23.2845915031162,-16.890147705871,1828.92118853298,106.902822167449,8.43356391063313,1804.75604847067,229.101691254375,196.35416006596,1568.94847531239,-183.340912257201,188.760018693226,1580.53420336343,0,0,0,0,0,0
17680.3441213,1108.2,-0.00506355194374919,0.0245499521493912,0,-23.1662541516419,-16.8184941369026,1829.03303109723,107.00352647711,8.45718205625356,1804.84619954485,229.340686485424,196.203955622241,1568.96695281889,-183.032740227262,188.86238093202,1580.48097467513,0,0,0,0,0,0
17680.3569229,1105.2,-0.00552003271877766,0.0241998419165611,0,-23.1262783636373,-16.8203850555597,1829.04186624098,107.025068211786,8.42449106874556,1804.85555199359,229.381991317375,196.184466551582,1568.96018640139,-183.011996065644,188.856740870465,1580.4894002997,0.00820000004023314,0.391400009393692,0.920199990272522,0,0,0
17680.3676509,1102.2,-0.00458048982545733,0.0272444322705269,0,-23.0016726966879,-16.7865613682406,1829.11399865669,107.172725910855,8.4013957227472,1804.91728835647,229.587956656953,196.02879052922,1568.96169017142,-182.736208708742,188.907606856272,1580.44033756584,0,0,0,0,0,0
17680.3784131,1099.2,-0.00554036488756537,0.0250086694955826,0,-22.8509409609419,-16.7974346075516,1829.10967569276,107.28915187446,8.32174970174199,1804.93806405242,229.783324309454,195.878135980939,1568.94836591179,-182.523440191936,188.93611325763,1580.41653593225,-0.00439999997615814,0.361000001430511,0.932500004768372,28.3199996948242,178.949996948242,461.25
17680.3891349,1096.2,-0.00547279277816415,0.0253581240773201,0,-22.7336320713674,-16.8298891880945,1829.1326238904,107.402066366811,8.22917756900583,1804.97633953007,229.957334510508,195.757002579668,1568.94769456711,-182.306466050981,189.004786635273,1580.38008207617,0.145999997854233,0.386999994516373,0.910399973392487,44.9099998474121,178.25,458.690002441406
17680.4005044,1093.2,-0.00488918740302324,0.0259350150823593,0,-22.6654000447407,-16.8353574300862,1829.14376586141,107.462177400242,8.19005528901259,1804.9709082589,230.087965376249,195.664146875799,1568.95544705582,-182.163796955904,189.04395972749,1580.36230966925,0,0,0,0,0,0
17680.4111342,1090.2,-0.00544332480058074,0.025337441265583,0,-22.5567129011331,-16.8835071517212,1829.15023100032,107.605987003011,8.10627743976935,1805.02164742755,230.295199319266,195.508126054902,1568.947060878,-182.002208073722,189.09752967774,1580.35920953808,0,0,0,0,0,0
17680.4227909,1087.2,-0.00548942061141133,0.0257144331932068,0,-22.5101229940603,-16.8901595940844,1829.12943031613,107.597898804243,8.11347623730716,1805.00780351945,230.387286062963,195.456904817149,1568.95786042927,-181.921855597012,189.121992133892,1580.35621522178,0.028999999165535,0.356000006198883,0.934000015258789,0,0,0
17680.4334131,1084.2,-0.00633658934384584,0.0244854897260666,0,-22.277294420517,-17.0366883061518,1829.08510592428,107.901714047494,7.67784465510295,1804.97856579523,231.003197396518,195.042241546348,1569.0413906635,-181.477352264181,189.219389275962,1580.4464883887,0,0,0,0,0,0
17680.4439702,1081.2,-0.00670536840334535,0.0242760315537453,0,-22.1957533488387,-17.0801862237605,1829.04029524565,108.030258796117,7.46990649641205,1804.96887277321,231.284747350394,194.877858545423,1569.08588227728,-181.226166115065,189.319218776821,1580.43258349503,0,0,0,0,0,0
17680.4545186,1078.2,-0.00661147059872746,0.0244027063250542,0,-22.1174166399396,-17.1263227524636,1828.98012029664,108.060854968468,7.33856012271918,1804.93779025263,231.510876372908,194.711425514938,1569.10638987381,-180.988788959087,189.396363812354,1580.41755211562,0,0,0,0,0,0
17680.46504,1075.2,-0.00721453595906496,0.0226109981536865,0,-22.08602133032,-17.1873642565727,1828.90072521208,108.192309081885,7.25720839179926,1804.90243753824,231.747609443275,194.556305380326,1569.10154669875,-180.687744006872,189.451368228129,1580.35121331127,0,0,0,0,0,0
17680.4756802,1072.2,-0.00712185725569725,0.0245768114924431,0,-22.01287155669,-17.2409991376363,1828.83750831808,108.255638506009,7.07792536654625,1804.8800400842,231.965538496081,194.401873122385,1569.11361627106,-180.423746973178,189.534226680365,1580.33804769172,0,0,0,0,0,0
17680.4862134,1069.2,-0.00662873080000281,0.0254952743649483,0,-21.945378267731,-17.3001663004126,1828.7738132538,108.29680515059,7.03529294004359,1804.81418498443,232.21915191262,194.215326383216,1569.14292150302,-180.113771539622,189.626699985425,1580.28496697616,0,0,0,0,0,0
17680.5000142,1066.2,-0.00725207384675741,0.0250344410538673,0,-21.8590564318637,-17.3503268809637,1828.71173825479,108.386048873911,6.88691399515552,1804.77921487264,232.526113658494,194.040949791073,1569.16906120072,-179.805410172955,189.71995911182,1580.225971236,0,0,0,0,0,0
17680.5438326,1063.2,-0.00732001708820462,0.0249785169959068,0,-21.8364266352027,-17.3698423844866,1828.69191112207,108.385080539312,6.76731202924243,1804.75739199602,232.65097713596,193.976470628032,1569.19199090661,-179.72086980131,189.74914857174,1580.19807331145,0,0,0,97.6900024414062,165.559997558594,452.059997558594
17680.554582,1060.2,-0.00713098095729947,0.0248416498303413,0,-21.7963658232777,-17.4305448602042,1828.62571465357,108.549187665506,6.54327992541124,1804.75217840024,233.223435541037,193.672671354821,1569.29703945755,-179.217223267268,189.89322475442,1580.12302320944,0,0,0,0,0,0
17680.5652623,1057.2,-0.00765721360221505,0.025629273056984,0,-21.7782877781341,-17.4616244656884,1828.60066800441,108.588921043341,6.47921425614188,1804.74972661771,233.327142129712,193.59123317977,1569.31301014345,-179.141800504629,189.911268620035,1580.1131636923,-0.00480000022798777,0.379200011491776,0.925300002098083,0,0,0
17680.5758892,1054.2,-0.00770583190023899,0.0264992773532867,0,-21.6252405663814,-17.551689237548,1828.52723679648,108.79674452196,6.20034796049179,1804.80577631043,233.909178838439,193.263591638449,1569.37081752098,-178.648813089694,189.990688573097,1580.06527117126,0,0,0,0,0,0
17680.586531,1051.2,-0.00747513212263584,0.0254096895456314,0,-21.4631011563179,-17.6574980195935,1828.49064879495,108.928011575084,5.71013637716258,1804.77147906837,234.478447046245,192.870568537581,1569.28239815188,-178.056468003657,189.943230346836,1580.01926204956,0,0,0,0,0,0
17680.5971786,1048.2,-0.00871522445231676,0.0240913689136505,0,-21.3713146018414,-17.7017511386444,1828.48011859068,109.052605243736,5.57687718577543,1804.8948023626,234.856122349871,192.67351952506,1569.22663739805,-177.68927061489,189.938861069391,1579.98398869555,0,0,0,0,0,0
17680.6077499,1045.2,-0.00817004684358835,0.0252144321799278,0,-21.282256849785,-17.773769202764,1828.43700273329,109.20442074723,5.43554342226792,1804.95082051137,235.281421534503,192.465082770994,1569.20063419342,-177.309050133165,189.939568173845,1579.94806787132,0,0,0,0,0,0
17680.6200675,1042.2,-0.00863263662904501,0.0259103834629059,0,-20.8037806677306,-17.9479224967147,1828.29506697153,109.516380896871,4.91824967818813,1804.98351688038,236.34325828561,191.827781798188,1569.13455480747,-176.212592484219,189.876319448014,1579.99569925376,0,0,0,0,0,0
17680.6306294,1039.2,-0.00854876451194286,0.0260043576359749,0,-20.6398800966156,-18.0216164228339,1828.27601763251,109.670182695527,4.67924426823043,1804.97079941319,236.694776947479,191.594668451199,1569.07753638939,-175.818176203228,189.882669089386,1580.01724205996,0,0,0,0,0,0
17680.6411892,1036.2,-0.00838338397443295,0.0249730557203293,0,-20.3340942951149,-18.1713857628306,1828.24618942993,109.991648575471,4.09543841869098,1804.85438502545,237.356372524142,191.254160823706,1568.90656042097,-175.117015971536,189.746091059484,1580.10187974935,0,0,0,0,0,0
17680.6516564,1033.2,-0.00974311120808125,0.0258415475487709,0,-20.1487602638657,-18.2156575349006,1828.21311237111,110.776905654765,3.77693016121999,1804.88490405666,237.698370341161,191.073574470338,1568.81212329606,-174.778155592087,189.632489207097,1580.15232213166,0,0,0,0,0,0
17680.6681598,1030.2,-0.0087188770994544,0.0257396832108498,0,-20.0578125912758,-18.2464163852101,1828.18830353594,110.79210581564,3.7313079152248,1804.84672056934,237.842090824243,191.006391196452,1568.78265134373,-174.65880443057,189.629424939992,1580.16282048597,0.0635000020265579,0.420500010251999,0.905099987983704,72.5,179.679992675781,447.899993896484
17680.678807,1027.2,-0.0103350095450878,0.0265106096863747,0,-19.9208385123374,-18.2965605949945,1828.17413256405,110.677762636285,3.67119609316383,1804.89152795357,238.153062177421,190.840687528106,1568.76185538819,-174.463900350172,189.567885468373,1580.21977461027,0,0,0,0,0,0
17680.6894556,1024.2,-0.010128821246326,0.0258957207202911,0,-19.5242381111267,-18.4419417301495,1828.20512410391,111.403480604705,3.26756049234632,1805.00050815424,238.831625885745,190.345880517172,1568.66581802735,-173.638397925474,189.468782796512,1580.27175107137,0,0,0,0,0,0
17680.6999546,1021.2,-0.0103669902309775,0.0264610931277275,0,-19.0559987616391,-18.630524396223,1828.21278304537,111.633947949235,2.87965535724431,1804.99409153906,239.584762857876,189.81809812962,1568.51155986232,-172.893695144519,189.358042945801,1580.3707551204,0,0,0,0,0,0
17680.7206903,1018.2,-0.0103825787082314,0.0272396638989449,0,-18.987317693245,-18.6603454274562,1828.21822214194,111.631151149045,2.79365902255177,1804.98700251344,239.683123294264,189.753680578313,1568.48581804706,-172.740396857554,189.341968129734,1580.37983476711,-0.0926000028848648,0.488099992275238,0.867799997329712,0,0,0
17680.7312705,1015.2,-0.0105616971850395,0.026649272441864,0,-18.5557169825559,-18.8305630496596,1828.2322212469,111.946079661154,2.33091213332165,1805.0149665877,240.364390166072,189.345034358314,1568.37750187974,-172.221369931623,189.186446372344,1580.48831980719,0,0,0,0,0,0
17680.7418802,1012.2,-0.0117750819772482,0.0269542619585991,0,-18.2251809332314,-19.017578993866,1828.24933958747,112.734781724249,1.80715335199064,1804.94332227245,241.080033657599,188.67501895267,1568.29473501348,-171.492410537855,189.171807680692,1580.54648434461,0,0,0,0,0,0
17680.7524443,1009.2,-0.0118968915194273,0.0275810569524765,0,-18.0189578054891,-19.1317000498926,1828.23740968306,112.952870537474,1.61043110272689,1804.89904428869,241.473084681015,188.294185481764,1568.25235513444,-171.152906381795,189.123996984073,1580.59033642966,0,0,0,0,0,0
17680.7629453,1006.2,-0.0123700816184282,0.0262561649084091,0,-17.7954518809879,-19.2603787399596,1828.18377430917,113.219708919863,1.36091897130614,1804.87068403339,241.823270043358,188.011057757768,1568.18485544997,-170.597515724418,189.173198346881,1580.52074642882,0,0,0,0,0,0
17680.7736627,1003.2,-0.012057195417583,0.0284399077296257,0,-17.3869264734076,-19.5701322680081,1828.14699838943,113.436636793993,0.825847027307442,1804.80370413948,242.614080451919,187.305116935968,1568.05479760314,-169.817659307098,189.26768016531,1580.53665045673,0,0,0,0,0,0
17680.78426,1000.2,-0.0121730417013168,0.0283208549022675,0,-17.2534864547071,-19.6711148253453,1828.11696375471,113.876662955326,0.440679141024194,1804.74894280211,243.010956075913,186.886750832432,1568.02766010786,-169.460370948511,189.317273848918,1580.55552837001,0,0,0,0,0,0
17680.8070525,997.2,-0.0123254768550396,0.0287985190749168,0,-17.1828132227947,-19.7275295708187,1828.11565783491,113.958304394234,0.354775906987143,1804.74993745041,243.117173625945,186.784445457172,1568.02391563641,-169.211584551373,189.390761568591,1580.48244231228,-0.0500000007450581,0.586300015449524,0.808600008487701,128.610000610352,140.710006713867,455.290008544922
17680.8177297,994.2,-0.0121198855340481,0.0288544356822968,0,-16.9379045870099,-20.147147613285,1827.87682327859,114.094144064514,-0.0467512764420657,1804.58515903382,243.777589093254,186.210323440608,1567.9224643276,-168.528800171398,189.478805683485,1580.52463048115,0,0,0,0,0,0
17680.8283625,991.2,-0.0116813685745001,0.0283728376030922,0,-16.5862233742257,-20.399597510581,1827.79439756578,114.30723759439,-0.574910458042489,1804.58856974781,244.455789314555,185.392093047783,1567.79962333891,-167.917062785345,189.501378402834,1580.68666799583,0,0,0,0,0,0
17680.8436115,988.2,-0.0125754484906793,0.0305083304643631,0,-16.5451495800955,-20.4263187454811,1827.79623447642,114.386524742736,-0.687748634501472,1804.64179626568,244.601916209211,185.23727027115,1567.79117195792,-167.779954803017,189.524824381204,1580.68879139163,-0.0509999990463257,0.598900020122528,0.799199998378754,0,0,0
17680.8542952,985.2,-0.0112378802150488,0.0323193803429604,0,-16.4148628555038,-20.6948008853529,1827.77490488877,114.742854684262,-1.35043060583429,1804.64069990617,245.265031314227,184.331939296739,1567.7386785389,-169.666295444399,189.281468775713,1582.02249824919,0.00960000045597553,0.483999997377396,0.875,33.0800018310547,193.679992675781,439
17680.8648638,982.2,-0.0127727380022407,0.0313730522990227,0,-16.3901868713669,-20.8033051454159,1827.78741855816,114.778933679292,-1.55506727246299,1804.5527681063,245.489521691996,184.027909404552,1567.73863070969,-169.480228206753,189.299747064922,1582.04781100455,0,0,0,0,0,0
17680.8754491,979.2,-0.0141824735328555,0.0308848232030869,0,-16.237962582766,-20.9668289195248,1827.77187262915,114.81033880598,-2.13366420345058,1804.37946213933,246.219949858306,183.20187420079,1567.62186131117,-168.899086726978,189.341810391134,1582.18234622114,0,0,0,0,0,0
17680.8885991,976.2,-0.0126518253237009,0.0331094473600388,0,-16.2257863187605,-21.0262626244482,1827.79175294261,114.855329233645,-2.18849534985238,1804.38415730761,246.353076126927,183.064200768698,1567.59191069885,-168.6857233829,189.331217792786,1582.1381610726,-0.0658000037074089,0.465700000524521,0.882499992847443,0,0,0
17680.9002383,973.2,-0.0136354668065906,0.0324347153306007,0,-16.1772993411059,-21.200422261568,1827.81482922705,114.863157681044,-2.76028416378244,1804.4060216021,246.924051407481,182.35164060686,1567.49648481723,-167.950365247514,189.326393733071,1582.16535154288,0,0,0,0,0,0
17680.9367676,970.2,-0.0141508653759956,0.0330842420458794,0,-16.1232446943199,-21.1947933202486,1827.83963760416,114.912923221941,-2.88368328293387,1804.47258335725,247.041979111532,182.194500122693,1567.52388577239,-167.830972746405,189.323934711963,1582.19198229101,-0.066200003027916,0.433499991893768,0.898699998855591,0,0,0
17680.9473754,967.2,-0.0137590551748872,0.0339097961783409,0,-16.1390178861595,-21.4094993740382,1827.92858529769,115.043740517482,-3.56263587539993,1804.63368025995,247.504260244854,181.419464902018,1567.55874548132,-167.297529523023,189.277369317862,1582.39579056451,0,0,0,0,0,0
17680.9591135,964.2,-0.0144084636121988,0.0349891841411591,0,-16.2519879118082,-21.5206433212795,1827.94141120937,115.038841303203,-3.90038488904228,1804.65114464321,247.776015922155,181.050940276201,1567.51231337858,-166.999692661339,189.23510126917,1582.45315666265,0,0,0,0,0,0
17680.9697796,961.2,-0.0139078497886658,0.0349895790219307,0,-16.2651570614748,-21.5917542886125,1828.0394409473,114.975849345396,-4.29953063463176,1804.73681817982,248.075115852021,180.649336044368,1567.46224703505,-166.761451733608,189.201457672446,1582.57933924665,0,0,0,0,0,0
17680.9802568,958.2,-0.0143231935799122,0.0352888092398644,0,-16.361743465453,-21.7806312673199,1828.14928156415,114.948505300462,-4.99527059859891,1804.74978817153,248.802477537134,179.766217616199,1567.46252775745,-166.147298751975,189.080798738143,1582.75408028104,0,0,0,0,0,0
17680.9908163,955.2,-0.0156601835042238,0.034858463704586,0,-16.430444291506,-21.9969512504303,1828.3002119798,114.983080995544,-5.75212870267914,1804.88527594327,249.285123011506,178.913937282103,1567.45771648795,-165.646793601005,188.995921602873,1582.88515865872,0,0,0,0,0,0
17681.00325,952.2,-0.0149932010099292,0.0368204846978188,0,-16.4585988013622,-22.0422196962174,1828.29132709206,114.909116293976,-5.82363772237407,1804.82688717019,249.335117765527,178.763611335427,1567.43723268016,-165.531799952459,189.033604947054,1582.88271906624,-0.0644000023603439,0.421999990940094,0.904299974441528,0,0,0
17681.0137931,949.2,-0.0153779685497284,0.0361041784286499,0,-16.5811204586584,-22.1285792989482,1828.34941169984,114.890420059351,-6.15087539955458,1804.90560161227,249.503577168129,178.406332586452,1567.45739055408,-165.323449612743,189.012071861517,1582.91497021248,0,0,0,0,0,0
17681.0243732,946.2,-0.0158740449696779,0.0369319528341293,0,-16.6441645715486,-22.2370177466791,1828.39871836012,114.805093623898,-6.48728964265419,1804.97318149955,249.833584229893,177.918083194829,1567.46746759144,-165.013091436058,188.979449081118,1582.91094029184,0,0,0,0,0,0
17681.034922,943.2,-0.0158577226102352,0.0367624372243881,0,-16.689103249198,-22.3352408962557,1828.4201357456,114.801181043196,-6.83649389143562,1805.05457627246,250.131072158711,177.476808054681,1567.44262055755,-164.741049809934,188.955539445645,1582.9593964817,0,0,0,0,0,0
17681.0454679,940.2,-0.0152168814092875,0.0365798011422157,0,-16.8196254129907,-22.4545192073037,1828.46302831621,114.758655272756,-7.15747862383583,1805.04958991797,250.425783189007,177.063772723808,1567.44916695735,-164.37446633288,188.921459413709,1582.98626535419,0,0,0,0,0,0
17681.0583561,937.2,-0.0173021424561739,0.0389271475374699,0,-16.8509533314308,-22.507810353358,1828.46818641374,114.737263854952,-7.27561615526698,1805.03911075773,250.506049046436,176.92109032035,1567.43477909857,-164.253932822234,188.911525365949,1583.00569853437,-0.0789000019431114,0.463099986314774,0.882799983024597,0,0,0
17681.0690848,934.2,-0.0158423110842705,0.0378288649022579,0,-16.9232023631069,-22.5581283471645,1828.46586337708,114.656969714128,-7.53787756626919,1804.98073157112,250.680680069879,176.614389629226,1567.4662196657,-164.027211916633,188.914350318913,1583.04181207145,0,0,0,0,0,0
17681.079601,931.2,-0.0141710424795747,0.0372367188334465,0,-17.1481128556395,-22.780177745324,1828.48943747531,114.489461956691,-8.14027499883339,1805.0341123001,251.123019305804,175.63236005539,1567.45378833158,-163.532700054001,188.878267953224,1583.0358211978,0,0,0,0,0,0
17681.0902615,928.2,-0.0153664564713836,0.0380961358547211,0,-17.2298845983638,-22.8876627655407,1828.51944244397,114.384908769861,-8.57609416647322,1805.11415248385,251.496694292855,175.0332753577,1567.42282000583,-163.201622397391,188.827542072699,1583.04606019963,0,0,0,0,0,0
17681.1008253,925.2,-0.0159418750554323,0.0373556599020958,0,-17.3529112593043,-22.9955165671485,1828.4993283099,114.1995339498,-9.46093365352913,1804.98239255781,251.97568459399,174.280335536775,1567.37816783228,-162.824565770867,188.732510664438,1583.02968331574,0,0,0,0,0,0
17681.1114671,922.2,-0.0159646961838007,0.0380065873265266,0,-17.3827498594334,-23.0794973334112,1828.52083675129,114.123204585602,-9.70056319164171,1804.98919666234,252.197234226152,173.875434624426,1567.30091298505,-162.646030070019,188.684844788826,1583.03642523683,0,0,0,0,0,0
17681.1220519,919.2,-0.0158775821328163,0.0383947998285294,0,-17.4507152504182,-23.1481945041268,1828.55576139278,114.04038424372,-9.79251459123146,1805.01094196612,252.354578461264,173.440713022683,1567.22082403767,-162.396285207971,188.63708551257,1582.95521587469,0,0,0,0,0,0
17681.1325769,916.2,-0.0157505422830582,0.0386420957744122,0,-17.538767509445,-23.217902825587,1828.54245404759,113.986568788633,-10.1317883020371,1805.11725744165,252.558408864327,172.939850184865,1567.21077099776,-162.146288197775,188.541695910419,1582.8955678344,0,0,0,0,0,0
17681.1431709,913.2,-0.015556656755507,0.0385868459939957,0,-17.8220927941751,-23.5731343352419,1828.57313377111,113.857805310001,-11.0199993667011,1805.36427847112,253.134891614806,171.682485814263,1567.08992062307,-161.583386394524,188.235316554355,1582.8300857698,0,0,0,0,0,0
17681.1545877,910.2,-0.014757726341486,0.041536258906126,0,-17.8698747471432,-23.6153623523692,1828.59259613726,114.003619649346,-11.3014759492715,1805.53895082445,253.181188466613,171.551363089127,1567.0606462676,-161.477882330015,188.199166565527,1582.80524460563,-0.105700001120567,0.439099997282028,0.892199993133545,0,0,0
17681.165131,907.2,-0.015361400321126,0.0397185482084751,0,-18.0192892716365,-23.8238857586732,1828.58500730437,113.862302561016,-11.8336365393151,1805.55725375187,253.448486920049,170.967773117778,1566.90652735137,-161.147291978901,187.992250620144,1582.72989636352,0,0,0,0,0,0
17681.1916711,904.2,-0.0151260858401656,0.0396899044513702,0,-18.0327090897739,-23.890437971987,1828.56568562106,113.880366232144,-11.838636960953,1805.62310339052,253.467684508737,170.840579215098,1566.88344271405,-161.07882216623,187.936142539164,1582.70819933118,-0.0894000008702278,0.445699989795685,0.890699982643127,0,0,0
17681.2023971,901.2,-0.015349306166172,0.0409079253673554,0,-18.2735633993751,-24.2877112057209,1828.44682912325,113.784129436496,-13.0405125417876,1805.85579592608,253.836302505745,169.905051986916,1566.86146479179,-160.722258345317,187.587278289278,1582.69783765394,0,0,0,0,0,0
17681.2130767,898.2,-0.0150928767398,0.0416114278137684,0,-18.4656958389335,-24.6196683853169,1828.42557724018,113.766510510292,-13.5499483185525,1806.02584475757,254.149785659998,169.357479744047,1566.86530014768,-160.46685936015,187.272192256924,1582.75767658092,0,0,0,0,0,0
17681.2236438,895.2,-0.0150029538199306,0.0417109489440918,0,-18.5899602946485,-24.7657924040588,1828.41057770822,113.876516718473,-14.1664812548909,1806.23326065445,254.300711332711,169.120260937766,1566.90892565824,-160.381212235099,187.057909530673,1582.79600965952,0,0,0,0,0,0
17681.2374602,892.2,-0.0153937023133039,0.0414339102804661,0,-18.6568398084626,-24.8532839693774,1828.41416857267,113.884186390159,-14.47404285761,1806.24749648284,254.302853988048,169.033087588788,1566.91968808244,-160.331734315307,186.987880743325,1582.81857524489,-0.0974999964237213,0.440100014209747,0.892599999904633,0,0,0
17681.2486976,889.2,-0.014897171407938,0.0436939507722855,0,-18.8578649822154,-25.1049434353857,1828.44117087797,113.837164194888,-15.0065732454122,1806.45785889509,254.428330644954,168.549582799863,1566.99437146064,-160.205194884518,186.661672160358,1582.8898840582,0,0,0,0,0,0
17681.2602869,886.2,-0.0153610734269023,0.0406241327524185,0,-18.8659294452156,-25.167323526004,1828.45520473855,113.791837457593,-15.1795013045601,1806.4525207246,254.444312875041,168.471427306285,1566.99420287586,-160.153848999645,186.622691538849,1582.89274178674,-0.098800003528595,0.437400013208389,0.893800020217896,0,0,0
17681.2708277,883.2,-0.0145431263372302,0.0427972361445427,0,-19.1769121969896,-25.5604819339882,1828.55744615054,113.087503404237,-15.3082987426379,1806.32815291067,254.576623200396,167.774454164138,1567.12751493436,-160.142630794813,186.157922417444,1583.06130976693,0,0,0,0,0,0
17681.2814327,880.2,-0.0153615716844797,0.0430025033652782,0,-19.499930156123,-25.8092496678045,1828.67594009056,112.947492850657,-15.8528025435909,1806.49289028996,254.6957482036,167.354802411881,1567.23747672606,-160.00310444649,185.816819796575,1583.12896905699,0,0,0,0,0,0
17681.2920083,877.2,-0.015189154073596,0.0437282904982567,0,-19.6542040434576,-25.9353193968373,1828.70176393322,112.828092793229,-16.2079189400374,1806.60164162241,254.727453712443,167.055844318188,1567.31534399892,-159.880216272342,185.643538692526,1583.12948227606,0,0,0,0,0,0
17681.30262,874.2,-0.0144511954858899,0.0434554614126682,0,-19.7724931951924,-26.1165411918063,1828.73179325808,112.644284603571,-16.5432333464333,1806.66862672415,254.817811360906,166.734644005426,1567.40484650831,-159.832085054466,185.437127366632,1583.1114758225,0,0,0,0,0,0
17681.313186,871.2,-0.0162206199020147,0.0451024495065212,0,-19.8319529579177,-26.1581691332406,1828.70234479382,112.699485977935,-16.7766230486748,1806.79425685887,254.819486181242,166.635601141963,1567.41248507705,-159.80043504322,185.388042471939,1583.10595050089,0,0,0,0,0,0
17681.3279501,868.2,-0.0144112119451165,0.0422901682555676,0,-19.8570827816035,-26.2076719506904,1828.71662602545,112.459841455169,-16.7162030598171,1806.67075867354,254.835950088023,166.519509663776,1567.44216046878,-159.766212395969,185.306886251496,1583.10084927933,0.0172000005841255,0.424899995326996,0.905099987983704,52.7799987792969,181.929992675781,439.839996337891
17681.3396768,865.2,-0.0147383650764823,0.0446641355752945,0,-19.9438164678971,-26.2932445599663,1828.7341889828,112.378200862486,-16.9484384300224,1806.77286428571,254.883301293603,166.316521138227,1567.46930503634,-159.746287307051,185.209240251949,1583.08240094789,0,0,0,0,0,0
17681.3502631,862.2,-0.0159896090626717,0.04304558634758,0,-20.3761370342105,-26.5221721548812,1828.78760743642,111.981277964614,-17.3930959265395,1806.85209886876,254.945499228569,165.720461200371,1567.54381246825,-159.652202430749,184.9364337055,1583.02652680439,0,0,0,0,0,0
17681.360917,859.2,-0.0141688296571374,0.0447963684797287,0,-20.9744889456446,-26.7189244976797,1828.9093022457,111.337664716435,-17.8780187735491,1806.82364981593,254.953529696592,165.184009409646,1567.55709694597,-159.544821496325,184.71063494054,1582.94231283076,0,0,0,0,0,0
17681.3717272,856.2,-0.0156900659203529,0.043274762481451,0,-21.0674475583513,-26.742552239261,1828.91986446543,111.274326802898,-17.9769681445009,1806.87884089341,254.970907095534,165.10765682056,1567.56456900592,-159.552482738798,184.691652249064,1582.9226994732,-0.184499993920326,0.420800000429153,0.888199985027313,0,0,0
17681.3822933,853.2,-0.0145937306806445,0.0442145116627216,0,-21.4197620747427,-26.8774975201751,1828.88416207311,110.839921707172,-18.508531908991,1806.91406990416,255.029114293694,164.55403954532,1567.56905675389,-159.464131742124,184.548333316706,1582.82193241151,0,0,0,0,0,0
17681.3929149,850.2,-0.0148567408323288,0.0456003494560719,0,-21.8655892015332,-27.006348811617,1828.80941780784,110.590401590783,-18.8758481510547,1807.08368850017,255.065531764595,164.001920212586,1567.56522380561,-159.386044781126,184.376191276375,1582.75768713869,0,0,0,0,0,0
17681.4036107,847.2,-0.014706545509398,0.0449944719672203,0,-21.9468129429483,-27.0226320870981,1828.79923240079,110.498290861022,-18.9549216634693,1807.09537987941,255.063333584883,163.89310971623,1567.56646917465,-159.38881059416,184.339172906311,1582.71469794243,0,0,0,0,0,0
17681.4213466,844.2,-0.0139251500368118,0.0447826743125916,0,-22.0414655033578,-27.0429813276104,1828.78696227587,110.378029200262,-18.9936266320481,1807.11640221031,255.04586516157,163.79906374108,1567.5515225238,-159.349816676525,184.313436059052,1582.70663392988,-0.147499993443489,0.437999993562698,0.886799991130829,0,0,0
17681.4319853,841.2,-0.0156538784503937,0.0448028281331062,0,-22.8004066316694,-27.3150878117251,1828.67244117614,109.434314826674,-19.8878591609168,1806.93384351958,255.190318391663,163.076685509069,1567.53964463163,-159.237869883299,184.050239954234,1582.56267253244,0,0,0,0,0,0
17681.4532131,838.2,-0.0130933532491326,0.0459817074239254,0,-22.8743832465172,-27.3617136638911,1828.66804202732,109.364722565206,-19.9580185721366,1806.93813999516,255.205848594553,162.97421467373,1567.5238869412,-159.239515496283,184.006280979265,1582.54736819918,-0.189099997282028,0.416599988937378,0.88919997215271,-57.6100006103516,193.149993896484,432.619995117188
17681.4637976,835.2,-0.0150047717615962,0.0449379369616509,0,-23.3350660254138,-27.5094083392713,1828.57720069515,109.130095474281,-20.1273286878255,1807.22897387252,255.32233790317,162.465516110084,1567.54111416104,-159.20004730036,183.853831131475,1582.4556427762,0,0,0,0,0,0
17681.4744725,832.2,-0.0146834552288055,0.0456076957285404,0,-23.7677885262167,-27.6843364214247,1828.48197257636,108.624022465374,-20.7535464007587,1807.19519533535,255.435264135982,161.97441875129,1567.59837774708,-159.158237489576,183.633681529034,1582.41207700194,0,0,0,0,0,0
17681.4850999,829.2,-0.0147166820243001,0.0454938881099224,0,-24.3675615174165,-27.8761784743307,1828.51405597811,108.276857847457,-21.293066522026,1807.44566759183,255.361994791645,161.484709699692,1567.62254919238,-159.194451341992,183.346399449771,1582.31289260923,0,0,0,0,0,0
17681.4956771,826.2,-0.0145439235493541,0.0449679218232632,0,-24.5809518022148,-27.9749212008283,1828.5476940231,107.820116618052,-21.7594094473883,1807.23451652024,255.358392348938,161.279560007116,1567.62996353506,-159.133280547508,183.222209610663,1582.24662651758,0,0,0,0,0,0
17681.5062538,823.2,-0.0136138824746013,0.0444707371294498,0,-24.8118125081582,-28.0814622187802,1828.52092244509,107.670602459146,-21.7156730223783,1807.37682517687,255.371527350534,161.072865040697,1567.64524745978,-159.118998690921,183.070143153507,1582.20895170148,0,0,0,0,0,0
17681.5199627,820.2,-0.0145721947774291,0.0458048082888126,0,-24.8774737696636,-28.0917045849153,1828.51175477782,107.523651092868,-21.7600887552088,1807.30026909455,255.382141440964,161.010944852131,1567.64792876844,-159.105235144237,183.044949605614,1582.19373623245,-0.135800004005432,0.437999993562698,0.888700008392334,-27.5900001525879,189.429992675781,433.179992675781
17681.5305853,817.2,-0.0143744377419353,0.0455139338970184,0,-25.1488160141047,-28.2667961475206,1828.49440020712,107.148716054789,-22.1311286940696,1807.31289212195,255.449515394403,160.711258750732,1567.68141537679,-159.043678892166,182.793410059788,1582.1485211038,0,0,0,0,0,0
17681.5412063,814.2,-0.015672417357564,0.046348287165165,0,-25.3315153004014,-28.3969568559323,1828.48209526006,107.100557743274,-22.4600417234803,1807.46878912965,255.484838465572,160.49465619629,1567.72706226649,-159.051472228039,182.641389588391,1582.11428453818,0,0,0,0,0,0
17681.5517261,811.2,-0.0143089257180691,0.0463927894830704,0,-25.5794972874625,-28.5194051972276,1828.50803126648,106.929969494026,-22.6576872727205,1807.53128912523,255.504001245032,160.29614756109,1567.76794977739,-159.0291248144,182.459805639145,1582.08989111241,0,0,0,0,0,0
17681.5623548,808.2,-0.0145638138055801,0.0463883005082607,0,-25.8114628628966,-28.6590150819794,1828.50979493633,106.857191192602,-22.8928836040132,1807.65147350617,255.52013441192,160.10364381015,1567.81831860543,-158.994748596332,182.287799721124,1582.04416958572,0,0,0,0,0,0
17681.5729295,805.2,-0.0145873539149761,0.0466287456452847,0,-25.8951858518537,-28.8161869514675,1828.47376427196,106.780802999804,-23.0716769149527,1807.75636059626,255.518652074503,159.940124756048,1567.8550007758,-158.992390331435,182.125759375752,1582.02854941619,0,0,0,0,0,0
17681.5847349,802.2,-0.0144412647932768,0.0468225426971912,0,-25.9231771920213,-28.861416031978,1828.44490546185,106.727534961354,-23.1323729077732,1807.75051488421,255.516946542266,159.884234107129,1567.8727790321,-159.001425612565,182.07802956013,1582.03734898299,-0.0864000022411346,0.441500008106232,0.893100023269653,-10.6999998092651,189.279998779297,431.149993896484
17681.5953398,799.2,-0.0140934763476253,0.0478002600371838,0,-26.0832257020317,-29.1400866701015,1828.39547478373,106.556654964909,-23.3975843741118,1807.77565911596,255.477082910145,159.559777618362,1567.9599909433,-159.038975643568,181.811766815508,1582.06531436461,0,0,0,0,0,0
17681.6059563,796.2,-0.0150771709159017,0.0501409754157066,0,-26.3144643941937,-29.4903117493764,1828.35216726723,106.337462363298,-23.7025723922996,1807.7794719983,255.47358555358,159.286806036065,1568.04551452561,-159.061452226999,181.491964675979,1582.08334536788,0,0,0,0,0,0
17681.6197696,793.2,-0.0132485525682569,0.0488154798746109,0,-26.3206708711245,-29.5314414625463,1828.33190680459,106.304443140522,-23.8192142239312,1807.76278051398,255.460619661064,159.237659777113,1568.06029753667,-159.056796957912,181.45776397108,1582.076517839,-0.0425999984145164,0.448100000619888,0.892899990081787,5.23000001907349,186.020004272461,432.929992675781
17681.6303766,790.2,-0.0129122510552406,0.0497238136827946,0,-26.3438626423899,-29.7901564358335,1828.28662338907,106.306291831684,-24.1349964585139,1807.90938852658,255.427077979314,159.014350578766,1568.12408673323,-159.109734001939,181.243840866146,1582.16043195805,0,0,0,0,0,0
17681.6447188,787.2,-0.0134480325505137,0.0499852620065212,0,-26.3763549792303,-29.8443913829461,1828.27375000566,106.363106024181,-24.263923216829,1807.9889781466,255.41911000385,158.975095594929,1568.1466576911,-159.147811230458,181.207010744642,1582.16656869775,-0.150000005960464,0.491699993610382,0.857699990272522,0,0,0
17681.6554283,784.2,-0.0131461471319199,0.0504744932055473,0,-26.4577964675081,-30.1090044239515,1828.29314014802,106.203270647441,-24.5343445032148,1807.98975356022,255.424666373376,158.756987631981,1568.22870640246,-159.202646280536,180.99548959753,1582.2921674881,0,0,0,0,0,0
17681.6659962,781.2,-0.0137632768601179,0.0498679675161839,0,-26.5445439605806,-30.3601702376289,1828.38068495476,106.101894128737,-24.8599330244249,1808.07390365575,255.38561956938,158.465237634258,1568.36407379057,-159.247808701525,180.80963028034,1582.42954861478,0,0,0,0,0,0
17681.6819653,778.2,-0.0125244036316872,0.0512147977948189,0,-26.5540659511934,-30.4217174936036,1828.40910673885,106.063590200104,-24.8972433795116,1808.10774952398,255.36212376843,158.394849637555,1568.38854371608,-159.212364535128,180.768447033648,1582.4319499551,-0.179199993610382,0.522599995136261,0.833500027656555,0,0,0
17681.6925477,775.2,-0.012800739146769,0.0513263888657093,0,-26.6712511508477,-30.5977310119691,1828.5451446469,105.963704849803,-25.1067059542465,1808.17465467703,255.350556679819,158.076036729687,1568.52688300596,-159.182829889539,180.627653620662,1582.58074576721,0,0,0,0,0,0
17681.7032091,772.2,-0.0121031664311886,0.0513758905231953,0,-26.7985467875412,-30.7959814903149,1828.6321465404,105.786008220513,-25.3232212084951,1808.23826936553,255.383792472331,157.698620380492,1568.68247298942,-159.115262670159,180.48609813439,1582.70776927203,0,0,0,0,0,0
17681.7257212,769.2,-0.0118518397212029,0.0516345486044884,0,-26.8207418039816,-30.8265414494002,1828.65766585816,105.761998155752,-25.3903423635895,1808.24037427419,255.401014828402,157.639778016134,1568.71259274614,-159.06008490565,180.483104726222,1582.68492482553,-0.234500005841255,0.522000014781952,0.820100009441376,49.4500007629395,183.889999389648,436.230010986328
17681.7364388,766.2,-0.0117313507944345,0.0514952749013901,0,-26.9363829631093,-30.9430121252249,1828.71122191364,105.635194689329,-25.5559232546767,1808.32542500984,255.443491050515,157.377527732401,1568.79743677769,-158.980348392464,180.44224368566,1582.78873856882,0,0,0,0,0,0
17681.7471766,763.2,-0.0118255913257599,0.0520711675286293,0,-27.116995477985,-30.9883192315905,1828.75988661656,105.559762736621,-25.7062927900664,1808.32621051075,255.51610324919,157.218596090321,1568.84362789183,-158.967893616655,180.430298270119,1582.86507227003,0,0,0,0,0,0
17681.7577481,760.2,-0.0121390856802464,0.0516496174037457,0,-27.2215290189204,-31.0789970907144,1828.70707582425,105.464923168981,-26.0113602284115,1808.39707880119,255.71956014673,156.908627643825,1568.89621234232,-158.818803381079,180.482511397449,1582.89808264159,0,0,0,0,0,0
17681.7813496,757.2,-0.0116205168887973,0.0523576200008392,0,-27.2583391292749,-31.0967916275491,1828.69066254554,105.461186412385,-26.0781530424501,1808.40518287346,255.737589044871,156.856361914181,1568.89188851445,-158.780011254205,180.492993570567,1582.89304866364,0,0,0,-14.1199998855591,184.630004882812,434.040008544922
17681.7921781,754.2,-0.0120357815176249,0.0522575922310352,0,-27.4606638310993,-31.1233160093705,1828.60516226837,105.393904051284,-26.4610472510744,1808.45037376959,255.923545600204,156.397037726617,1568.8301343459,-158.585808636883,180.701601010026,1582.92559172252,0,0,0,0,0,0
17681.8034725,751.2,-0.0118335913866758,0.0529153853654862,0,-27.5931978818406,-31.0904850686704,1828.34360293424,105.302397494939,-26.7767776714642,1808.33255576918,256.100749591921,155.982275294913,1568.6781318181,-158.313099435104,181.133919391146,1582.86843211134,0,0,0,0,0,0
17681.8201966,748.2,-0.0114787649363279,0.0521931223571301,0,-27.628302406649,-31.0677585907325,1828.32468572871,105.158005886299,-26.6553093904806,1808.21268245102,256.102117399159,155.915641150836,1568.63783380814,-158.278720444941,181.166247692752,1582.85518288546,-0.156200006604195,0.501800000667572,0.850799977779388,-45.2200012207031,194.779998779297,422.399993896484
17681.8307409,745.2,-0.0117239030078053,0.0531135559082031,0,-27.7200762610021,-31.0048952223507,1828.26060296511,105.09237033577,-26.7534240070734,1808.18284331308,256.145677106059,155.819332598261,1568.57097334854,-158.215899525412,181.311646869389,1582.86823347965,0,0,0,0,0,0
17681.8563055,742.2,-0.0120892971754074,0.0523469246923924,0,-27.7668768111837,-30.9709600184885,1828.22901759584,105.055048043634,-26.7751556366672,1808.14123160869,256.18547775792,155.779638699522,1568.54661197784,-158.162104790537,181.389364015176,1582.83628155142,0,0,0,-36.75,180.600006103516,430.5
17681.866912,739.2,-0.0113402027636766,0.0524977467954159,0,-27.8818327925073,-30.8599118928215,1828.11680338442,104.901235505207,-26.8933906952534,1807.92740971165,256.323810118116,155.600426740507,1568.37247878557,-157.967325303044,181.787744347003,1582.7822190355,0,0,0,0,0,0
17681.8775529,736.2,-0.0115304803475738,0.0532744996249676,0,-27.9034237612605,-30.7690330145528,1828.02341660176,104.774377158484,-26.934946684585,1807.77868318409,256.383544291957,155.461139112022,1568.27056981381,-157.811551250703,182.025842878122,1582.78905410493,0,0,0,0,0,0
17681.8881226,733.2,-0.0120153138414025,0.0524931684136391,0,-28.0278978121801,-30.4143112701901,1827.85499441773,104.662897980108,-27.0590421474513,1807.56578662289,256.666442155754,155.127804532134,1568.06647207013,-157.434061400052,182.914160538083,1582.81999621318,0,0,0,0,0,0
17681.9036042,730.2,-0.0107374722138047,0.0534029960632324,0,-28.0830872835059,-30.3673356116889,1827.83905761004,104.634292373622,-27.0536445825263,1807.54113894636,256.697494997363,155.082369640403,1568.0452889741,-157.37922183404,183.017494754229,1582.83231419614,0,0,0,0,0,0
17681.9141619,727.2,-0.0108819007873535,0.0534791111946106,0,-28.1045063649261,-30.2361335621388,1827.80996995356,104.60200778131,-27.0148256373295,1807.47878074182,256.775252926011,155.038087086251,1568.01757702901,-157.306803776146,183.183706569947,1582.85966433362,0,0,0,0,0,0
17681.9247138,724.2,-0.0116536933928728,0.0523593410849571,0,-28.1281612173799,-30.0891325314268,1827.77111911692,104.607479153977,-27.0182633728678,1807.44184565753,256.89310407324,154.925694914402,1567.97548278434,-157.164655509662,183.492433344985,1582.897420511,0,0,0,0,0,0
17681.9353293,721.2,-0.0115103451535106,0.0522480741143227,0,-28.1341449673318,-29.8820498790345,1827.75274278208,104.67771952739,-27.0746485630171,1807.47147503013,256.992070282489,154.858721994339,1567.92997375437,-157.03193568707,183.761664872653,1582.96419435279,0,0,0,0,0,0
17681.9458938,718.2,-0.0110106728971004,0.0507677033543587,0,-28.196653967055,-29.3521732583185,1827.79081651671,104.621185064603,-26.8445668791533,1807.36914372802,257.33204954395,154.683833514019,1567.79146885737,-156.711225033071,184.596453785641,1583.12273542859,0,0,0,0,0,0
17681.9565535,715.2,-0.0117261642590165,0.0517560638487339,0,-28.1417378017714,-29.2142533468872,1827.78247405259,104.644350572792,-26.8087494395372,1807.38257056203,257.42745970317,154.678041472755,1567.77645720313,-156.607996753726,184.76674499447,1583.12999690975,0,0,0,0,0,0
17681.9670679,712.2,-0.0117510445415974,0.0508549571037293,0,-28.0142275672394,-28.9666100682242,1827.7686634154,104.599235262131,-26.6332803037213,1807.27407424307,257.573246221009,154.664577947896,1567.71848286417,-156.435659152584,185.186018315834,1583.1860933576,0,0,0,0,0,0
17681.9879873,709.2,-0.0107289124280214,0.0530255906283855,0,-27.9891320926509,-28.9011996833196,1827.76041692123,104.622397297838,-26.5823461049128,1807.30820921063,257.616958646847,154.669248568735,1567.70960934813,-156.397638200341,185.267569256112,1583.18611617407,0,0,0,-22.9099998474121,198.699996948242,424.760009765625
17681.9985962,706.2,-0.0113378781825304,0.0510729536414146,0,-27.9131763197015,-28.5355612700466,1827.77458156554,104.637253818695,-26.2353963368134,1807.22676667439,257.77748217194,154.706120390469,1567.62270709704,-156.146222231185,185.716988385852,1583.19953009395,0,0,0,0,0,0
17682.0092526,703.2,-0.0120368376374245,0.0503242485225201,0,-27.8964544825633,-28.0751811551741,1827.84724827583,104.779604510418,-25.8975201467883,1807.1667504891,258.031166200553,154.807315619064,1567.48685452161,-155.862145228009,186.20415421358,1583.1621167667,0,0,0,0,0,0
17682.0211493,700.2,-0.0121100833639503,0.050513880699873,0,-27.8441203617177,-28.0061600217303,1827.82892330055,104.825873438311,-25.8937163213763,1807.16630332284,258.079438331893,154.833813283733,1567.47554539525,-155.769827868163,186.312558505061,1583.11446228783,0,0,0,-26.4099998474121,193,427.170013427734
17682.0317537,697.2,-0.0120585300028324,0.0501130655407906,0,-27.69530761367,-27.5324846552879,1827.80701397718,105.020380789324,-25.6086936569829,1807.26982201308,258.294557635066,154.967232614757,1567.34483350997,-155.497373438743,186.783265254124,1583.08245227335,0,0,0,0,0,0
17682.0626076,694.2,-0.012244033627212,0.0496633112430573,0,-27.7074900318169,-27.4462106728888,1827.85610833746,105.046535176791,-25.5093698538289,1807.28533099154,258.336289746841,155.009059889309,1567.32247241118,-155.449916922138,186.867992685187,1583.07954361106,0,0,0,-38.4099998474121,186.139999389648,428.730010986328
17682.0734439,691.2,-0.0128166908398271,0.049575137346983,0,-27.5271692791291,-27.0598731944619,1827.81252586529,105.118449158303,-25.2965943564568,1807.25212578268,258.551872935605,155.196954176944,1567.2030894532,-155.236974671281,187.281814105826,1582.97744855057,0,0,0,0,0,0
17682.0840299,688.2,-0.0117846503853798,0.0490286968648434,0,-27.3404610858757,-26.587532126109,1827.71129317453,105.308781820666,-24.9214244196503,1807.26310395786,258.77629367469,155.445590492995,1567.05988522688,-154.911442865973,187.74682745225,1582.84452293227,0,0,0,0,0,0
17682.1081446,685.2,-0.0119101610034704,0.0493583701550961,0,-27.269697447196,-26.5287607176601,1827.6968012202,105.34688270975,-24.8180117311487,1807.23753412332,258.803559952299,155.493413046305,1567.02864580877,-154.853821129736,187.865657520841,1582.81107114222,0,0,0,-30.8500003814697,185.059997558594,430.170013427734
17682.1188007,682.2,-0.0130990017205477,0.0482044279575348,0,-27.0153422865301,-25.5806121774111,1827.62816195851,105.776893850859,-23.9247743322264,1807.11864346354,259.406619562375,156.095708902542,1566.83374719363,-154.236292357792,188.82022349142,1582.71195961986,0,0,0,0,0,0
17682.1294449,679.2,-0.012956359423697,0.0474591463804245,0,-26.8315127813112,-25.0756216539199,1827.59901090591,106.117048345439,-23.7236164384359,1807.25995742185,259.709804392417,156.401118120708,1566.79337444598,-153.892581878453,189.39758644929,1582.69928770581,0,0,0,0,0,0
17682.140069,676.2,-0.0129846874624491,0.0477310553193092,0,-26.4948511910655,-24.4954560832093,1827.51283690998,106.328045876903,-23.2705617740276,1807.29140600941,260.037544887694,156.724667163017,1566.76482078904,-153.553344329047,190.028043693835,1582.7198370026,0,0,0,0,0,0
17682.1558345,673.2,-0.01335702650249,0.0479440934956074,0,-26.4723008338056,-24.3835799084843,1827.53704969554,106.345260362958,-23.1705970018723,1807.2971653172,260.108192495107,156.793121281546,1566.76078978062,-153.521565340508,190.121697256079,1582.71677283305,0,0,0,-33.9000015258789,183.929992675781,430.170013427734
17682.166435,670.2,-0.0127271730452776,0.0477583728730679,0,-26.2551826552639,-23.9033392706315,1827.5760618407,106.496337679057,-22.6419449407908,1807.24066161238,260.379289988935,157.069069154956,1566.71396579666,-153.254895677554,190.598909543826,1582.73686394415,0,0,0,0,0,0
17682.1770817,667.2,-0.014202100224793,0.0451926872134209,0,-26.1445837836759,-23.3057009951204,1827.73972094719,106.658497994275,-22.0979090852891,1807.17119891004,260.742068018321,157.489352403091,1566.65110747979,-152.846604086223,191.19292879235,1582.83102725149,0,0,0,0,0,0
17682.1889271,664.2,-0.0132405078038573,0.0469780586659908,0,-26.0773834498332,-23.2126928732372,1827.72154847685,106.700590985986,-22.0245049297444,1807.18012732575,260.798901211622,157.554273073861,1566.64931392094,-152.785665378326,191.297471608284,1582.83803762052,0,0,0,-8.53999996185303,176.940002441406,436.329986572266
17682.2001267,661.2,-0.0136011447757483,0.0457703195512295,0,-25.9171842144794,-22.682700655808,1827.82171833114,106.991191510284,-21.8301839043357,1807.25683363136,261.063162641555,157.908526573745,1566.59344488763,-152.541015717494,191.786001063784,1582.89985919875,0,0,0,0,0,0
17682.2380298,658.2,-0.0129378410056233,0.04663280621171,0,-25.8370158889465,-22.58478584463,1827.81920056759,107.014691797548,-21.7722540657368,1807.24295227324,261.126932929301,157.97339248101,1566.58589387295,-152.474921849237,191.884986147983,1582.92391129149,0,0,0,-8.53999996185303,175.850006103516,436.829986572266
17682.2486607,655.2,-0.0137925669550896,0.0453085102140904,0,-25.5073240211145,-22.1364577882857,1827.85854688002,107.319217776968,-21.3268644566036,1807.34934858355,261.393123429369,158.220268567957,1566.54042862065,-152.232958560445,192.346126327561,1583.11459344949,0,0,0,0,0,0
17682.2592988,652.2,-0.014206619001925,0.0446775726974011,0,-25.1501986806508,-21.5593878790711,1827.95740276114,107.722292675687,-20.848899855509,1807.40614906049,261.693794301668,158.549076611863,1566.44487140206,-151.938575426761,192.899918690195,1583.1757174168,0,0,0,0,0,0
17682.2698419,649.2,-0.0147453127428889,0.0445925168693066,0,-24.9599992430406,-21.2419158644899,1827.96256787596,107.853880879388,-20.4663870449062,1807.38712457876,261.878751931613,158.780375868502,1566.37853462738,-151.722926481355,193.145631609484,1583.11329693261,0,0,0,0,0,0
17682.2804092,646.2,-0.0126155093312263,0.0438035264611244,0,-24.1820019106169,-20.3293448374879,1828.0094475305,108.448478225818,-19.6370988343415,1807.33110234523,262.417675826717,159.461862398433,1566.24187192129,-151.126057186626,194.076252751572,1583.11195479135,0,0,0,0,0,0
17682.2909815,643.2,-0.0145535580813885,0.0433794841170311,0,-23.9505486116428,-19.8746665610426,1828.00723121684,108.847955894122,-19.2070783150398,1807.30019885679,262.657266780578,159.807621652174,1566.14444452842,-150.873179351166,194.581895856937,1583.07179150489,0,0,0,0,0,0
17682.3014953,640.2,-0.0140864010900259,0.0438309147953987,0,-23.8767729872641,-19.7927322539196,1828.00946034734,108.909939874343,-19.1078327392896,1807.27022608718,262.727539301632,159.889819437665,1566.13837005762,-150.796139013545,194.674842865903,1583.05677842754,0,0,0,0,0,0
17682.3219176,637.2,-0.0137487649917603,0.0439292699098587,0,-23.7660420765685,-19.7111637886845,1827.96273578638,109.021798981777,-19.0441370347967,1807.28160925003,262.77777186152,159.963015727531,1566.12146608094,-150.724092823241,194.776714123731,1583.05323815447,0,0,0,-63.6399993896484,186.190002441406,424.239990234375
17682.3326302,634.2,-0.0145468870177865,0.0425062984228134,0,-23.4650771269079,-19.2562868611921,1827.91691361388,109.344869427744,-18.5115387385358,1807.14015564274,263.103964314209,160.427939614725,1566.04975492468,-150.418185384625,195.2564139076,1583.07747332343,0,0,0,0,0,0
17682.3432521,631.2,-0.0146867875009775,0.0424531422555447,0,-23.1649044195433,-18.6802968583499,1827.81993299961,109.665187386171,-17.9993946745103,1807.02606211176,263.507443052902,161.073135711283,1565.94893427588,-149.975644444861,195.89444188463,1583.06222100626,0,0,0,0,0,0
17682.3688899,628.2,-0.0149463266134262,0.0418237097561359,0,-23.0445200137066,-18.5682762779723,1827.76652427252,109.708941037142,-17.9032901828295,1807.0072210648,263.551086202141,161.170052131236,1565.93475044444,-149.906732941768,195.984402557575,1583.05016433419,0,0,0,-67.8899993896484,177.699996948242,427.140014648438
17682.3795393,625.2,-0.015018654987216,0.0421616867184639,0,-22.61551652855,-18.1479958407142,1827.66489040419,110.200001680066,-17.5325467271509,1806.9654350483,263.851520986964,161.609159482074,1565.86371400708,-149.535112185712,196.52782955179,1583.08519328753,0,0,0,0,0,0
17682.3901926,622.2,-0.0152388075366616,0.0425145015120506,0,-22.3595290728912,-17.5601348277698,1827.68493262839,110.626057323726,-17.0766675228827,1806.89239579544,264.294661798281,162.225018962523,1565.79634721164,-149.14835801718,197.106356207184,1583.11994199204,0,0,0,0,0,0
17682.4008038,619.2,-0.0155529519543052,0.0401712119579315,0,-21.8428677089243,-16.9113955923873,1827.63216248189,110.828934900349,-16.3357064374112,1806.82702886169,264.678662711941,162.787725080196,1565.7354537392,-148.864265468238,197.61461149832,1583.16406314717,0,0,0,0,0,0
17682.420762,616.2,-0.0150165818631649,0.0405630491673946,0,-21.8340822825032,-16.7828423742587,1827.630239926,110.873923091525,-16.2374959712133,1806.82348810453,264.751786500694,162.881145895948,1565.73569910048,-148.800021692868,197.693235115335,1583.16800980361,0,0,0,-51.2099990844727,163.240005493164,436.459991455078
17682.4314762,613.2,-0.0156732741743326,0.040030924975872,0,-21.6048306584553,-16.2864185176253,1827.71058873963,111.249265019136,-15.6795872954768,1806.8640633102,265.068041927581,163.442160465989,1565.64909098941,-148.451150539605,198.095513792659,1583.22453313394,0,0,0,0,0,0
17682.4432278,610.2,-0.0154939983040094,0.0394321776926518,0,-21.4978872976867,-16.0539259482927,1827.7674553873,111.356748070971,-15.4254815849196,1806.8854216663,265.222321017993,163.695679082248,1565.61735877728,-148.321906171536,198.305065128964,1583.25861576781,0,0,0,0,0,0
17682.4537462,607.2,-0.0156919397413731,0.0395723305642605,0,-21.4018511126655,-15.9483999678771,1827.79550373428,111.420090531871,-15.3133225548198,1806.90652220921,265.301563968298,163.810697880991,1565.61157076064,-148.251575862548,198.389909742492,1583.281280572,0,0,0,0,0,0
17682.4644493,604.2,-0.0150799872353673,0.037755610793829,0,-20.7337257921893,-15.0359425054298,1827.88015944914,112.25461196523,-14.5189574217084,1807.10016979281,265.807343647929,164.751594684819,1565.54444111269,-147.750162157677,199.082923373757,1583.36552540448,0,0,0,0,0,0
17682.4750923,601.2,-0.0159604866057634,0.0369635507464409,0,-20.1047766306212,-14.4352110126217,1827.88466676137,112.736160826731,-13.7943770953575,1807.04207917823,266.164174471194,165.393438279255,1565.46662828148,-147.353761819059,199.576903613634,1583.44326850808,0,0,0,0,0,0
17682.5014382,598.2,-0.0143279358744621,0.0398417882621288,0,-20.0744088645485,-14.3308894435736,1827.91662643101,112.832894850341,-13.6638043907815,1807.01113894963,266.225283139641,165.535544236467,1565.45923664552,-147.307994130061,199.676354861766,1583.45408286931,0,0,0,-64.1100006103516,186.380004882812,424.070007324219
17682.5120807,595.2,-0.0150515642017126,0.0373664110898972,0,-19.6410141317585,-13.8759700323277,1827.88169378611,113.290744799794,-13.1640175262911,1806.95562016312,266.493918568946,166.120997954485,1565.35567261417,-147.012007027313,200.062945061602,1583.45616993206,0,0,0,0,0,0
17682.5230927,592.2,-0.0145781300961971,0.0367087483406067,0,-18.9706335794402,-13.3294620959417,1827.80523772591,113.904102830191,-12.5950310473497,1806.90580095876,266.836740572343,166.810888938122,1565.21659234553,-146.592712297752,200.553699274909,1583.36402126568,0,0,0,0,0,0
17682.5389502,589.2,-0.0155488103628159,0.0354832619428635,0,-18.864214399917,-13.2479037062419,1827.81413216739,113.992874702165,-12.4116292899679,1806.87268566491,266.910104082875,166.938594217119,1565.20179481686,-146.544413533071,200.619546526245,1583.38693944867,0,0,0,-83.25,173.259994506836,425.540008544922
17682.5495975,586.2,-0.0158714801073074,0.034858612716198,0,-18.3481773504297,-12.7870712968109,1827.84135587023,114.434517554081,-11.7727417516956,1806.77857511912,267.273298309311,167.541424577538,1565.13905914305,-146.255258824493,200.978305720955,1583.32595175142,0,0,0,0,0,0
17682.5610793,583.2,-0.016045942902565,0.0336220547556877,0,-17.7309176713526,-12.1605547982617,1827.90241634329,115.044013331925,-11.0637992423516,1806.82368042178,267.570142374364,168.249800015493,1565.01093357791,-145.907505878417,201.39262558865,1583.25053481804,0,0,0,0,0,0
17682.5716803,580.2,-0.0150344036519527,0.0320968165993691,0,-17.587653120855,-12.0693710762333,1827.87833888331,115.117603287792,-10.9245374735267,1806.82289496727,267.649028269487,168.405239736451,1564.99376766879,-145.922005067081,201.445099340585,1583.29673383407,0,0,0,-88.0500030517578,173.5,424.059997558594
17682.5823505,577.2,-0.0155212860554457,0.0317349120974541,0,-17.0448285649638,-11.6494893539664,1827.82533569323,115.633808744063,-10.2229298974195,1806.81156111392,267.989460431455,169.139403408698,1564.83819254199,-145.645877218252,201.705832688136,1583.18609131056,0,0,0,0,0,0
17682.5929797,574.2,-0.0150710418820381,0.033195173740387,0,-16.6013175859781,-11.2473405168838,1827.83317395334,116.190959168528,-9.79241838319119,1806.88593919678,268.309316553418,169.697968451147,1564.78124332747,-145.37641446081,201.971304318462,1583.08372840643,0,0,0,0,0,0
17682.6034838,571.2,-0.0173855405300856,0.0299425110220909,0,-16.5368786854453,-11.1628666857852,1827.82533201155,116.219622552783,-9.62390452409601,1806.82612137498,268.370777427687,169.78933177558,1564.77258936363,-145.26323534398,201.997555381641,1583.06264182038,0,0,0,0,0,0
17682.6347406,568.2,-0.0166323129087687,0.0321273863315582,0,-16.4711063062227,-11.0885886611349,1827.81445343263,116.30824107576,-9.48427481434595,1806.85384206752,268.428182031207,169.889726044674,1564.75464009581,-145.188381743514,202.049971309283,1583.04734432699,0,0,0,-73.620002746582,182.919998168945,423.589996337891
17682.6452779,565.2,-0.0171584170311689,0.0310369491577148,0,-15.8960175447677,-10.6680586270917,1827.81117002561,116.830865156413,-8.88399245173744,1806.7968769809,268.814134133863,170.477427529876,1564.68335904328,-144.837422002112,202.250017023776,1582.96066015414,0,0,0,0,0,0
17682.6573843,562.2,-0.0158126689493656,0.0321626797318459,0,-15.5707227174014,-10.389048529281,1827.82235795637,117.097796370365,-8.53836408958873,1806.77804069574,269.029410653291,170.867383414767,1564.64484062683,-144.683366993546,202.347424900191,1582.89195373864,0,0,0,0,0,0
17682.6680264,559.2,-0.0174480136483908,0.0312563538551331,0,-15.093029403236,-9.97937593765646,1827.82243141617,117.611453101777,-8.09561678331153,1806.76958782941,269.424607954948,171.55629331935,1564.62135841168,-144.268410455397,202.540390715804,1582.89447128465,0,0,0,0,0,0
17682.6786379,556.8,-0.0173277650028467,0.0295619651675224,0,-14.6165135617946,-9.57533485999872,1827.96688410609,118.264499080789,-7.56846419865015,1806.96989303764,269.897395772523,172.275072854715,1564.74072766954,-143.887174556314,202.645559796928,1582.96755530143,0,0,0,0,0,0
17682.6891829,559.8,-0.0175323989242315,0.029442971944809,0,-14.2257236598393,-9.39361965306763,1828.00795667936,118.615114163585,-7.32132381329104,1807.0990106636,270.141117563779,172.588918996698,1564.81720797721,-143.668764865723,202.671672386328,1583.02681094457,0,0,0,0,0,0
17682.6997217,562.8,-0.0179013591259718,0.0294847398996353,0,-14.0233226904189,-9.28247220743693,1828.07974574412,118.927159135657,-6.98135218038584,1807.18976981727,270.30396831932,172.823364030692,1564.90997843831,-143.458917227331,202.716505963753,1583.12370245851,0,0,0,0,0,0
17682.720583,565.8,-0.0180581603199244,0.0275546595454216,0,-13.9382627771609,-9.24934712678049,1828.111407392,119.056983960939,-6.94218490407305,1807.24375672946,270.365898754954,172.907607347364,1564.94992547606,-143.418078879863,202.693833319306,1583.19469497329,0,0,0,-85.4300003051758,190.009994506836,417.309997558594
17682.731201,568.8,-0.0193622726947069,0.0265336841344833,0,-13.4996413841353,-8.94968948928783,1828.21929363552,119.494455023344,-6.6160391114764,1807.42043275287,270.713869385902,173.358327695954,1565.1297455534,-143.179222793953,202.685300982292,1583.32776417736,0,0,0,0,0,0
17682.7418494,571.8,-0.0186550971120596,0.0268963113427162,0,-13.1814432398825,-8.83607884359372,1828.23372461839,119.696348197499,-6.34769650525621,1807.43036965276,270.936186701352,173.590577953281,1565.19836595789,-142.964658726216,202.703606708405,1583.37510708418,0,0,0,0,0,0
17682.7524627,574.8,-0.0185099914669991,0.0263906329870224,0,-12.8876980543929,-8.71256173561285,1828.29386948438,120.040463656778,-6.21696639187438,1807.49309595013,271.13003707877,173.829845778277,1565.25807579851,-142.764583612896,202.681666294097,1583.44187621209,0,0,0,0,0,0
17682.7687513,577.8,-0.0182370655238628,0.0267550110816956,0,-12.8133423473205,-8.67734767154194,1828.33251301334,120.118451315807,-6.11188727087628,1807.47452878457,271.198171375465,173.91043408847,1565.27369465698,-142.694467089385,202.661648969269,1583.46297151851,0,0,0,-84.5699996948242,171.600006103516,425.920013427734
17682.7793511,580.8,-0.0183684173971415,0.0258990809321404,0,-12.3698732160499,-8.49495637544706,1828.47759401799,120.627304565653,-5.83391646260036,1807.50805808973,271.550200299037,174.33720566573,1565.31095435121,-142.358812202847,202.608683933424,1583.52248645347,0,0,0,0,0,0
17682.7899477,583.8,-0.0179777909070253,0.0245785400271416,0,-11.6529972523306,-8.30075934421289,1828.63419282431,121.186688080918,-5.45326958057262,1807.53788636654,271.844668158279,174.735099487147,1565.26129941898,-142.042312353726,202.477738210287,1583.63400894577,0,0,0,0,0,0
17682.8004485,586.8,-0.0184524897485971,0.0235358834266663,0,-10.9982658077629,-8.12864881095066,1828.76762090378,121.916698385654,-5.24917931021989,1807.64920406389,272.173941506403,175.167310587308,1565.12004172143,-141.747188876533,202.2993425002,1583.74374977404,0,0,0,0,0,0
17682.8206382,589.8,-0.0187827739864588,0.0239464849233627,0,-10.8602809885778,-8.12862809345475,1828.78699927949,121.983780093647,-5.17853492287397,1807.63678116154,272.235686915714,175.237372256824,1565.1056594613,-141.711590740284,202.267017927026,1583.74560988538,0,0,0,-87.9499969482422,170.419998168945,425.559997558594
17682.8312399,592.8,-0.0196115486323833,0.0240014553070068,0,-10.220215790219,-8.1278177784475,1828.73177020066,122.554935715607,-5.08208654504072,1807.60238412669,272.452624624132,175.578650734666,1564.97095699406,-141.504302174857,202.118275129269,1583.7914875005,0,0,0,0,0,0
17682.8430974,595.8,-0.0179415661841631,0.0254149794578552,0,-9.82423224751227,-8.16083410509988,1828.70604897127,123.054346569785,-4.95538598437869,1807.59343136379,272.571563256869,175.81262700054,1564.85499347549,-141.385701184059,201.979203535384,1583.81824296511,0,0,0,-91.620002746582,178.75,421.079986572266
17682.8536576,598.8,-0.0180420726537704,0.0257409647107124,0,-9.55973071209308,-8.21361735963682,1828.66842241123,123.317888939607,-4.93739564468778,1807.57294296039,272.646236241257,175.937008946838,1564.83686210374,-141.305620601001,201.920150297539,1583.86347596072,0,0,0,0,0,0
17682.8683146,601.8,-0.0183556843549013,0.0256698787212372,0,-8.93340485983958,-8.32608960285426,1828.61411809328,123.908482614212,-4.73310199470632,1807.37869669585,272.924737734352,176.36330915599,1564.78976533903,-141.144476883218,201.78966185019,1583.97582427149,0,0,0,0,0,0
17682.8802929,604.8,-0.0181910842657089,0.025222709774971,0,-8.20551034217908,-8.49776048892292,1828.46563705845,124.572372937851,-4.77315644063197,1807.0686075864,273.131569015721,176.796530724163,1564.80691199969,-140.911500654763,201.683079078498,1584.10680637159,0,0,0,0,0,0
17682.9022151,607.8,-0.0183914285153151,0.0252863898873329,0,-8.12560076481301,-8.50392372129549,1828.43843010427,124.659649688566,-4.769085154578,1807.03793650231,273.173739094035,176.870797579554,1564.81970527039,-140.890915223668,201.677120380284,1584.13724513258,0,0,0,0,0,0
17682.9127763,610.8,-0.0179076790809631,0.0241385757923126,0,-7.76499283487149,-8.71145551929912,1828.29322237481,125.232353084242,-4.79736805787399,1806.80758108867,273.417317398872,177.302976977457,1564.8974203116,-140.615832639679,201.624834627627,1584.18847453259,0,0,0,0,0,0
17682.9239069,613.8,-0.0187261775135994,0.026311269402504,0,-7.45293370923239,-8.8645478807998,1828.18561174661,125.443730949202,-4.70161299094447,1806.62919136525,273.524375180651,177.528672326097,1564.96456626701,-140.604424598549,201.583113173947,1584.32001465512,0,0,0,0,0,0
17682.9344253,616.8,-0.0189474001526833,0.0262423887848854,0,-7.17991224344284,-8.96685224325238,1828.05368975448,125.6600187612,-4.71626154762639,1806.50356537106,273.691850240884,177.76582521261,1565.04277511159,-140.449178316634,201.584948671393,1584.36276586068,0,0,0,0,0,0
17682.9449673,619.8,-0.0186740811914206,0.0258406162261963,0,-6.67877621709813,-9.13389394508909,1827.83109608077,126.072686557279,-4.72406524032529,1806.39141239999,274.013496819019,178.133714457515,1565.18684145522,-140.23923881418,201.57866583772,1584.4751817097,0,0,0,0,0,0
17682.9554823,622.8,-0.0183426458388567,0.0259534403681755,0,-6.43346290966421,-9.16488009693924,1827.72646275168,126.236640744618,-4.70782456807821,1806.32655500196,274.184628493532,178.287932692646,1565.24311699131,-140.104001561049,201.56667192453,1584.55548775219,0,0,0,0,0,0
17682.9660031,625.8,-0.0187247917056084,0.0258702024817467,0,-6.29221099585303,-9.18074703408884,1827.65741732516,126.35684105625,-4.66678953072912,1806.2835040891,274.329808805507,178.438177377783,1565.2937956495,-139.955661789064,201.566671140973,1584.60683795176,0,0,0,0,0,0
17682.9767397,628.8,-0.0190334618091583,0.0253024086356163,0,-6.14601556967654,-9.18513302372374,1827.61975381937,126.501430761733,-4.63459410730406,1806.26587207108,274.455240478725,178.534219914924,1565.33387209367,-139.852457231238,201.571909610707,1584.67211536618,0,0,0,0,0,0
17682.9873624,631.8,-0.0190480202436447,0.025613172352314,0,-6.02081894241304,-9.18952921120719,1827.59598903357,126.655819145252,-4.62644069896011,1806.27479662038,274.614308233574,178.642610770323,1565.35230292692,-139.718077922355,201.580224415017,1584.6773807459,0,0,0,0,0,0
17682.999254,634.8,-0.019065123051405,0.025362192094326,0,-5.79384016739491,-9.09167963977261,1827.59874628375,126.966073434226,-4.52654590571347,1806.31214504146,274.885102484779,178.768426581836,1565.35695510075,-139.476696567697,201.533413873648,1584.74973200816,0,0,0,0,0,0
17683.0343118,637.8,-0.0190676283091307,0.0259533137083054,0,-5.73523134446398,-9.07300876078403,1827.58864560763,126.927420505939,-4.43270217029594,1806.26040898553,274.878594269576,178.787029385185,1565.32749570729,-139.421835633835,201.534029562743,1584.7585980733,0,0,0,-156.429992675781,176.25,399.760009765625
17683.0448999,640.8,-0.0188841037452221,0.0265365973114967,0,-5.42611505137823,-8.86002386242702,1827.70961292652,127.240476992501,-4.30808428634647,1806.34582893244,275.174864945877,178.799582447718,1565.24275698401,-139.091020432734,201.432806705929,1584.73261780488,0,0,0,0,0,0
17683.0554839,643.8,-0.0179368034005165,0.0285488724708557,0,-5.34285911445415,-8.74300637388801,1827.73965999263,127.358707224814,-4.2400273575371,1806.38311271049,275.302025760359,178.766092128412,1565.19375364097,-138.982353364104,201.410035723442,1584.70960381719,0,0,0,0,0,0
17683.0660694,646.8,-0.019112404435873,0.0272878021001816,0,-5.19080302424661,-8.66440375903592,1827.79476356186,127.452291214993,-4.11960116168932,1806.44303432909,275.384946925206,178.68562579306,1565.14536897021,-138.840978194367,201.422136889148,1584.66999862342,0,0,0,0,0,0
17683.076796,649.8,-0.0202163495123386,0.0265211448073387,0,-5.00406576853563,-8.46907899041332,1827.94117611242,127.635796339925,-4.00903825511231,1806.51981950974,275.656676416585,178.511764166446,1565.03548014109,-138.584775606312,201.379401698554,1584.60833264384,0,0,0,0,0,0
17683.087422,652.8,-0.0197859965264797,0.027794486284256,0,-4.93691973071557,-8.42323653781025,1828.00311953665,127.750594910495,-3.98924477303454,1806.56710441528,275.749812669329,178.434842351917,1564.9660360332,-138.486949239098,201.376777419753,1584.60118376334,0,0,0,0,0,0
17683.0981031,655.8,-0.019601060077548,0.0288758635520935,0,-4.74617722720855,-8.30814276519925,1828.10993706913,127.983226448506,-4.01335059409844,1806.62288821582,275.895744189135,178.302992142565,1564.8621656749,-138.290774976479,201.329201481534,1584.61470216769,0,0,0,0,0,0
17683.1198533,658.8,-0.0190976057201624,0.0281322285532951,0,-4.71204764127529,-8.32357562988323,1828.1195601458,128.01873990632,-4.00131605870433,1806.64070264304,275.904255337218,178.288525457442,1564.84748937092,-138.239523768521,201.315666606821,1584.60917243385,0,0,0,0,0,0
17683.1304844,661.8,-0.0201053936034441,0.0306333065032959,0,-4.54046204055712,-8.29461022462805,1828.21153198487,128.218108126391,-3.98368252361711,1806.67152722994,276.000498350433,178.171427987928,1564.82457121842,-138.073491405578,201.290725365419,1584.65708204247,0,0,0,0,0,0
17683.1410561,664.8,-0.0198292136192322,0.0289713725447655,0,-4.45265593231981,-8.312681351728,1828.25131775246,128.325080129446,-3.95292119089136,1806.71142599215,276.059771374141,178.11559604534,1564.83233544721,-137.998687207147,201.259072161107,1584.67788858297,0,0,0,0,0,0
17683.1515905,667.8,-0.0192692503333092,0.0280237779021263,0,-4.36625924252391,-8.33536872698868,1828.33747214431,128.391534901419,-3.9183218264736,1806.73849515381,276.12119181258,178.061735450326,1564.85837095111,-137.958852213304,201.212613821517,1584.72914381257,0,0,0,0,0,0
17683.1672802,670.8,-0.0192524679005146,0.0290746003389359,0,-4.35986414181153,-8.31510117674297,1828.36104073058,128.42412072344,-3.84538179538847,1806.77632304317,276.133702160753,178.031365942296,1564.86022883155,-137.930379183564,201.21434082683,1584.74604543882,0,0,0,-132.110000610352,190.210006713867,402.660003662109
17683.1791199,673.8,-0.0193734560161829,0.0285206496715546,0,-4.18085977155292,-8.36999925042671,1828.45332595292,128.570106379908,-3.95598629948941,1806.80253729742,276.217317161222,177.904697180045,1564.93184532373,-137.868000176101,201.123391349831,1584.78504305388,0,0,0,0,0,0
17683.1897404,676.8,-0.0192451309412718,0.0288446083664894,0,-3.99226202814374,-8.46055822283792,1828.5763180747,128.688194061839,-3.95835458360109,1806.89106167019,276.30267291371,177.704066313794,1565.03956279877,-137.782176845783,201.010462389137,1584.87872307816,0,0,0,0,0,0
17683.200464,679.8,-0.0197292156517506,0.0286222979426384,0,-3.81470720402887,-8.62579022877009,1828.672144155,128.844009774366,-4.08229987050139,1807.02495761439,276.383275483859,177.481971447777,1565.14468979628,-137.708643777808,200.837838022892,1584.91557242619,0,0,0,0,0,0
17683.2217319,682.8,-0.0199645645916462,0.0284808188676834,0,-3.80818787593111,-8.66057198289747,1828.68842192615,128.925724523274,-4.16947814828141,1807.10119759689,276.418334981099,177.439330306389,1565.1656731287,-137.680763525028,200.796336558891,1584.92712539941,-0.636399984359741,0.353799998760223,0.685500025749207,0,0,0
17683.2324078,685.8,-0.0200623404234648,0.0296215027570725,0,-3.75685041576332,-8.77181276261235,1828.7791802827,128.941752550824,-4.2193782794472,1807.14484801946,276.472737839281,177.283063409469,1565.23754554895,-137.595388315049,200.611324136304,1584.93841721291,0,0,0,0,0,0
17683.2429902,688.8,-0.0203019082546234,0.0281119182705879,0,-3.75910938665842,-9.07452820272539,1828.84601999132,129.014602260884,-4.46761717991669,1807.34021502919,276.682548300606,176.877974779495,1565.38046016949,-137.439603772949,200.168946945981,1584.88961890013,0,0,0,0,0,0
17683.2557731,691.8,-0.0197490658611059,0.0304666519165039,0,-3.75492323466771,-9.10670235066391,1828.84965893129,129.019785550124,-4.49660650198726,1807.35225718794,276.665934295461,176.820747901131,1565.38459685608,-137.413831874743,200.147210102757,1584.88435647691,0,0,0,-109.25,188.770004272461,411.070007324219
17683.2663604,694.8,-0.0206580813974142,0.0274202212691307,0,-3.82625458100799,-9.30179545576282,1828.84666865723,128.998127647706,-4.70385680099176,1807.41778034885,276.744104979572,176.545747766575,1565.43999155,-137.364751820993,199.893981672925,1584.82545563914,0,0,0,0,0,0
17683.2797182,697.8,-0.0205399356782436,0.0297392442822456,0,-3.90784673952197,-9.53150415410027,1828.84178254894,128.988637005509,-5.05473163375,1807.45192302463,276.828605497491,176.227860268165,1565.49298838774,-137.312148793891,199.579692513306,1584.76595508706,0,0,0,0,0,0
17683.3030473,700.8,-0.0197703018784523,0.0302875325083733,0,-3.92956408190476,-9.52634324385609,1828.84527432011,128.971002307382,-5.11202530841119,1807.43448607421,276.840418579115,176.156780275645,1565.49823438001,-137.279175334709,199.542668962573,1584.75273262638,0,0,0,-93.7200012207031,183.490005493164,418.220001220703
17683.3136434,703.8,-0.0202218201011419,0.0304370656609535,0,-3.96434252290718,-9.74819446244826,1828.78483363362,128.839957566639,-5.25235407971664,1807.43017938432,276.895600081858,175.852793934103,1565.53694651894,-137.298513991098,199.30381255066,1584.73095310636,0,0,0,0,0,0
17683.3324988,706.8,-0.0202058907598257,0.0300654903054237,0,-3.9925085486491,-9.81281624788865,1828.77929089419,128.858567138214,-5.34004278222957,1807.46692881553,276.889781191997,175.803596592977,1565.55232070304,-137.29431008434,199.284317234385,1584.73291875855,0,0,0,-86.9499969482422,187.880004882812,417.959991455078
17683.3431864,709.8,-0.0202354695647955,0.0313532039523125,0,-4.19259757731462,-10.2948984491342,1828.72798048886,128.522681144282,-5.74422865096649,1807.42869520122,276.840358925656,175.123099120758,1565.59112763747,-137.256857183758,198.783414979678,1584.59858152502,0,0,0,0,0,0
17683.3554676,712.8,-0.0207097344100475,0.0316162243485451,0,-4.18289408958742,-10.3563134081711,1828.72193124683,128.463007499565,-5.81066996410946,1807.39368043553,276.827144082401,175.062854527042,1565.59289096436,-137.270291282238,198.743148543093,1584.58636773401,0,0,0,-74.129997253418,186.929992675781,421.649993896484
17683.3660347,715.8,-0.0204189661890268,0.0329106137156487,0,-4.23326693054267,-10.5941015320763,1828.70898399349,128.367470957916,-6.11529063990302,1807.41057847306,276.744385050911,174.739435302062,1565.61251578363,-137.29047877382,198.534897106259,1584.57969236371,0,0,0,0,0,0
17683.3766673,718.8,-0.0201276484876871,0.0325832650065422,0,-4.33304274987371,-10.9220461530972,1828.77167179974,128.380673786905,-6.56919685691186,1807.52647170597,276.686820415861,174.332853208658,1565.64431565904,-137.317346022185,198.230333893459,1584.57632919968,0,0,0,0,0,0
17683.3881823,721.8,-0.0210986230522394,0.0317218065261841,0,-4.33606441342858,-11.0020952562088,1828.80326969596,128.386627557533,-6.61526666513256,1807.5661635411,276.668757466535,174.247584969877,1565.6514318122,-137.285444012171,198.195004011768,1584.57621386445,0,0,0,-57.8199996948242,167.820007324219,433.089996337891
17683.3990412,724.8,-0.0199278444051743,0.0329138845205307,0,-4.32966186215927,-11.2856432734806,1828.84272536073,128.361521738097,-6.9182982612303,1807.61567418824,276.567487885114,173.800496070629,1565.74802055532,-137.400683960876,197.938840323862,1584.64508533676,0,0,0,0,0,0
17683.4347711,727.8,-0.0201868880540133,0.0324183091521263,0,-4.36310708003303,-11.3195266315944,1828.86372814937,128.359115399807,-6.98466502238236,1807.62195104602,276.551857763564,173.696154559907,1565.78017535143,-137.415177196545,197.871984802944,1584.65313009528,0,0,0,-70.4700012207031,172.300003051758,428.670013427734
17683.4454575,730.8,-0.0198933202773333,0.0334032461047173,0,-4.64548510117591,-11.9934293585492,1829.09848138408,128.167523700718,-7.54110153328948,1807.73049940548,276.345697274855,172.809252069364,1566.07535048905,-137.659144421291,197.16818808072,1584.6881170452,0,0,0,0,0,0
17683.4560833,733.8,-0.0199628416448832,0.0338834583759308,0,-4.68685187735128,-12.0654252745449,1829.14474251363,128.122805887624,-7.57692636851199,1807.75075447799,276.332716319548,172.721783732707,1566.10963917418,-137.707618006959,197.108687276272,1584.69864415967,0,0,0,0,0,0
17683.4667452,736.8,-0.0196638889610767,0.033857336640358,0,-4.84396313717769,-12.4964141477882,1829.18647591812,127.852444843179,-8.01537196624321,1807.77331668163,276.210887118335,172.171747757896,1566.27837929853,-137.850263326073,196.699171911452,1584.68768504636,0,0,0,0,0,0
17683.4773395,739.8,-0.0191919598728418,0.0331969097256661,0,-5.05561817056181,-13.0008050426737,1829.19370954195,127.631039545126,-8.30542901833729,1807.80350237264,276.071256862949,171.629188457672,1566.47062294241,-138.092710906948,196.222860414697,1584.7127868332,0,0,0,0,0,0
17683.4889185,742.8,-0.0204878114163876,0.0361943155527115,0,-5.08151553319017,-13.0920107177266,1829.16257987437,127.644372421779,-8.42827820583513,1807.8407228124,276.051350377639,171.539943285989,1566.51145529347,-138.129607141551,196.136737599094,1584.72023670691,0,0,0,-64.6500015258789,191.720001220703,421.320007324219
17683.4995439,745.8,-0.0194216184318066,0.0341741502285004,0,-5.23609640991256,-13.4792430927187,1829.19839367914,127.573567421318,-8.83983185944341,1807.90912183471,275.914268118225,171.174777559649,1566.67825663016,-138.222297887385,195.719509331759,1584.6524253759,0,0,0,0,0,0
17683.522916,748.8,-0.0196200776845217,0.0355827644467354,0,-5.25939196729117,-13.5503991824785,1829.2075278621,127.537503777391,-8.91800607569663,1807.90212073034,275.876606085968,171.103459531026,1566.69996364817,-138.222236783997,195.636795602713,1584.63950178953,0,0,0,-47.1699981689453,186.880004882812,426.869995117188
17683.5335874,751.8,-0.0179683268070221,0.0368123859167099,0,-5.36253994788543,-13.9587820206772,1829.05489345117,127.376433980142,-9.38259421488657,1807.93787825299,275.70649753384,170.823476796905,1566.80006030516,-138.350187584175,195.24514324859,1584.56787776111,0,0,0,0,0,0
17683.5867678,754.8,-0.0195590984076262,0.0335900619626045,0,-5.3885611606343,-14.0375059966432,1829.01730323249,127.284558747086,-9.54959791212544,1807.85989838942,275.70263312463,170.768394817876,1566.82656517594,-138.390532040208,195.142592800719,1584.55187161778,0,0,0,-29.2600002288818,179.449996948242,432.850006103516
17683.5974057,757.8,-0.0202354919165373,0.0351168423891068,0,-6.16338105663454,-15.066574439426,1828.79651260549,126.731356559203,-10.509814200442,1807.74344821098,275.328275410658,170.182267788095,1567.03351660238,-138.77476256072,194.299613597269,1584.31951787215,0,0,0,0,0,0
17683.60807,760.8,-0.0196827538311481,0.0372689202427864,0,-6.37802486784943,-15.5967086480274,1828.48554601659,126.381509399361,-10.7770813167789,1807.70439670033,275.201716443612,169.891824569673,1567.17837993286,-138.886260483127,193.806593043583,1584.16993581548,0,0,0,0,0,0
17683.6187518,763.8,-0.0195017158985138,0.0374740868806839,0,-6.76396132766758,-16.0274913686481,1828.44280053365,126.211650978313,-11.345307272531,1807.68682912958,275.066954800832,169.655202547395,1567.30343916851,-139.046224614987,193.366831786696,1584.10201471789,0,0,0,0,0,0
17683.6292809,766.8,-0.0198012478649616,0.0371554777026177,0,-6.86437092207693,-16.1507269673142,1828.43485202675,126.129366033379,-11.3735608670249,1807.66988635456,275.025959130453,169.594386707574,1567.32356573041,-139.093221201293,193.243629973483,1584.06988486702,0,0,0,0,0,0
17683.6398567,769.8,-0.0199066083878279,0.0368855804204941,0,-7.06915070151949,-16.746424041235,1828.21279619938,125.766036733794,-11.7936845420697,1807.53956831349,274.893661226032,169.294714861891,1567.46385609912,-139.311048949266,192.764730809115,1583.95419357965,0,0,0,0,0,0
17683.6504253,772.8,-0.0194522030651569,0.0379900768399239,0,-7.33312338606895,-17.2673583479396,1828.08169647114,125.466077338847,-12.1726822197473,1807.51565064437,274.662652780053,168.98175397675,1567.59829869802,-139.506720265446,192.275457055101,1583.88885722486,0,0,0,0,0,0
17683.6610997,775.8,-0.0186743903905153,0.040759189426899,0,-7.65171720201814,-17.7220430948905,1828.08016341449,125.14686130685,-12.5302518110181,1807.44513960417,274.460606829171,168.630218058134,1567.76225626285,-139.764840019911,191.733920877111,1583.73356933885,0,0,0,0,0,0
17683.6717233,778.8,-0.0198001228272915,0.0394959099590778,0,-7.73699163735477,-17.9656815502215,1828.06064269308,124.966305570183,-12.7509727838279,1807.39765484191,274.387215683261,168.48365651468,1567.83632590878,-139.910159557859,191.450658201487,1583.69458555529,0,0,0,0,0,0
17683.6823124,781.8,-0.0198448617011309,0.0393667653203011,0,-7.88029628186764,-18.2419719176818,1828.06222008463,124.849303845246,-12.9876799424261,1807.46748015304,274.280914203267,168.306701387362,1567.91045752569,-140.038957605663,191.139380828469,1583.66553686226,0,0,0,0,0,0
17683.6961507,784.8,-0.0196306109428406,0.0395824521780014,0,-7.92280011435752,-18.3316121315928,1828.07154786252,124.912155601185,-13.1514354014558,1807.5791069385,274.24535736592,168.24228938057,1567.9377038811,-140.08666933456,191.062506390565,1583.64063045813,-0.369199991226196,0.277500003576279,0.887000024318695,-7.82000017166138,194.059997558594,428.190002441406
17683.7066646,787.8,-0.0201282352209091,0.0391357228159905,0,-8.0225791739475,-18.5032311675492,1828.08511783111,124.893203451262,-13.4061307181738,1807.70380082513,274.231854341162,168.164027782424,1567.99879502845,-140.20042728122,190.869120493784,1583.63226991359,0,0,0,0,0,0
17683.719046,790.8,-0.0208642780780792,0.0383392818272114,0,-8.26171323430264,-18.7276656132782,1828.12508994569,124.718010925962,-13.5386291343367,1807.79992692053,274.119100021197,168.010445259343,1568.07047664933,-140.333375102957,190.537583556483,1583.57264600065,0,0,0,0,0,0
17683.7296237,793.8,-0.0201841462403536,0.0399435333907604,0,-8.39799917826008,-19.2492181525407,1828.09583252757,124.502317167704,-13.8702814177563,1807.87199692706,274.00196912604,167.663973337295,1568.24811046074,-140.521210322501,189.982826294599,1583.42265904895,0,0,0,0,0,0
17683.7402392,796.8,-0.0199847780168056,0.0403464980423451,0,-8.5782663064197,-19.8103107056944,1828.1610968073,124.3417911126,-14.2250121612201,1808.01488147309,273.725801182795,167.278459861953,1568.37680708478,-140.678275853505,189.4013711447,1583.24917757671,0,0,0,0,0,0
17683.7556239,799.8,-0.0204244554042816,0.0407769329845905,0,-8.64746883127882,-19.9002659883387,1828.14132254344,124.345875601296,-14.3279947826199,1808.06250596453,273.655690319791,167.200746376766,1568.39083752721,-140.713527344308,189.27425795073,1583.21937490435,0,0,0,0.699999988079071,186.649993896484,432.359985351562
17683.7663571,802.8,-0.0197610426694155,0.0409528002142906,0,-8.78774116279333,-20.3623131370187,1828.16943463012,124.051353025749,-14.6416193570639,1808.03397639252,273.389124113317,166.812734745335,1568.50326365897,-140.945462824979,188.691520883975,1583.09180048624,0,0,0,0,0,0
17683.7768714,805.8,-0.0205331519246101,0.041589780151844,0,-9.09870173983519,-21.0054402602506,1828.17929919617,123.952771622715,-15.3231715620892,1808.24429588835,273.142154910912,166.482757471833,1568.58931683295,-141.258185049653,188.034765943166,1582.99971947764,0,0,0,0,0,0
17683.7894122,808.8,-0.0197974424809217,0.0406884461641312,0,-9.07938480058806,-21.1299046579296,1828.12649566203,123.869634441954,-15.3540958429427,1808.22742016583,273.101215686897,166.431399859669,1568.5903530102,-141.299952257939,187.912096271554,1582.93987945989,0,0,0,-29.2399997711182,192.490005493164,421.119995117188
17683.8000045,811.8,-0.0208683889359236,0.0397801235318184,0,-9.19090748156564,-21.6179038289678,1828.15890255546,123.668143212846,-15.6940855682259,1808.1519952992,272.918815099128,166.200979212688,1568.64185207435,-141.525277040884,187.325079898558,1582.88307745109,0,0,0,0,0,0
17683.8437817,814.8,-0.0207957215607166,0.0426603056490421,0,-9.24379090091481,-21.7173571267016,1828.14648702373,123.615264535558,-15.7465639081586,1808.1237940537,272.90062347207,166.17096060484,1568.65883673557,-141.569470375228,187.213424215483,1582.88720098279,0,0,0,0,0,0
17683.8544922,817.8,-0.0200607031583786,0.0420988224446774,0,-9.22247658175088,-22.3754529574299,1828.02169571848,123.595602273197,-16.3463380199781,1808.15292277994,272.630309587639,165.92877349951,1568.67604174276,-141.778842799662,186.575491749478,1582.80461813307,0,0,0,0,0,0
17683.8651278,820.8,-0.0199340917170048,0.0427699483931065,0,-9.31615488498085,-22.7538613576084,1828.00009630006,123.284475437847,-16.4672751141058,1807.87744843437,272.499698164389,165.804094124583,1568.69369937831,-141.951396837001,186.215548176491,1582.77918247416,0,0,0,0,0,0
17683.8757425,823.8,-0.0206035580486059,0.0427685625851154,0,-9.5659338968424,-23.913084420477,1827.82995237449,123.110433955188,-17.411942794789,1807.79998888144,272.042345226313,165.440719217998,1568.75926147708,-142.464975453769,185.076065916664,1582.75709743255,0,0,0,0,0,0
17683.8863922,826.8,-0.0204617530107498,0.0428455829620361,0,-9.70905235062744,-24.7494934025244,1827.64332308112,123.128190005377,-17.9707620742439,1807.82893154322,271.783840575557,165.244328841415,1568.80278446737,-142.824171291158,184.280637117472,1582.68904036784,0,0,0,0,0,0
17683.8970395,829.8,-0.0204978883266449,0.0427978955209255,0,-9.86724703091856,-25.5691077853883,1827.48495520175,122.891212468147,-18.654804025985,1807.50599889781,271.462092464781,164.99454801298,1568.82299318691,-143.069372491715,183.532023226902,1582.47503275814,0,0,0,0,0,0
17683.9076677,832.8,-0.0198407936841249,0.0426470771431923,0,-9.79298741803738,-25.9467203660841,1827.40445678499,122.946566689064,-18.681186665233,1807.69827332801,271.327123687532,164.876849341839,1568.8483303593,-143.296655731383,183.129536418067,1582.40050986298,0,0,0,0,0,0
17683.9206983,835.8,-0.0205922778695822,0.0434117935597897,0,-9.80872974715704,-26.0824628911848,1827.38776760136,122.929036178141,-18.8067774336696,1807.68876406585,271.270211538522,164.828091142131,1568.84606289233,-143.326165507263,183.06061185496,1582.3775614874,-0.251500010490417,0.444900006055832,0.859499990940094,-88.6100006103516,195.820007324219,409.510009765625
17683.9313861,838.8,-0.0197670161724091,0.0439428336918354,0,-9.8432341061522,-26.3631606356725,1827.31695892613,122.907404822863,-19.0524561439607,1807.65615789154,271.190044916885,164.768714848548,1568.85308055666,-143.4607059429,182.803329609135,1582.37474512211,0,0,0,0,0,0
17683.9560373,841.8,-0.0209028739482164,0.0421587064862251,0,-9.89228317815473,-26.5259418074013,1827.29396913554,122.867149729975,-19.1101449343931,1807.63021772154,271.127526571377,164.719090084104,1568.85868089027,-143.483232866296,182.669929850885,1582.34490846358,-0.251300007104874,0.466800004243851,0.847899973392487,0,0,0
17683.9666427,844.8,-0.0196452140808105,0.0437784925103188,0,-10.0231791656162,-27.1798084131905,1827.26110587683,122.723515451663,-19.4922864641394,1807.58481212785,270.868520577346,164.497985942088,1568.87893259446,-143.735266078123,181.98581706554,1582.26261143386,0,0,0,0,0,0
17683.9798024,847.8,-0.019349193200469,0.0444218091666699,0,-10.1301456958162,-27.94777895661,1827.11069366076,122.558776361663,-20.0639031541455,1807.52180790088,270.561127078865,164.155470105081,1568.88604074159,-144.11728191328,181.194789181694,1582.17003611054,0,0,0,0,0,0
17683.9915205,850.8,-0.0204893574118614,0.0426563009619713,0,-10.1828766796783,-28.0668783269183,1827.11187945232,122.539506946474,-20.1734121926773,1807.49773638733,270.508874298997,164.087494873669,1568.88485055948,-144.119499482507,181.06075118757,1582.14085444349,0,0,0,-5.94999980926514,173.720001220703,429.720001220703
17684.0021418,853.8,-0.0191741865128279,0.0439000524580479,0,-10.401773420891,-29.1516765252448,1826.99720094479,122.358144427354,-21.0176946645887,1807.32461354584,270.137567606238,163.525731185942,1568.9420628336,-144.614562387305,179.973325681213,1582.05605415304,0,0,0,0,0,0
17684.0128059,856.8,-0.0187390316277742,0.0439260140061379,0,-10.4054948666875,-29.5702073366919,1826.96198500607,122.312131392175,-21.3454827071037,1807.24619563699,270.012333866611,163.315689538659,1568.97656262986,-144.809314685514,179.559614065818,1582.06349559768,0,0,0,0,0,0
17684.0234441,859.8,-0.0195171870291233,0.0456022791564465,0,-10.5567244626446,-30.2606123373703,1826.90869522987,122.211322667083,-21.9064981331549,1807.22715410889,269.641381537996,162.848700966795,1569.00459143749,-145.122964208057,178.84813077629,1581.99920988753,0,0,0,0,0,0
17684.0381909,862.8,-0.0186375100165606,0.043455383181572,0,-10.555337475441,-30.4181672361257,1826.92908319642,122.198825491671,-21.9988175037339,1807.23251754673,269.581108959344,162.772875873913,1569.00676676768,-145.204118926903,178.707885962496,1581.97576350085,-0.235599994659424,0.434799998998642,0.869099974632263,0,0,0
17684.0486861,865.8,-0.0187355987727642,0.0453044831752777,0,-10.653442250917,-31.1171703151516,1826.75024506158,122.117442840732,-22.6579694896545,1807.31327964389,269.275817325443,162.413617920488,1568.98406290065,-145.398593248445,178.035701443349,1581.93856342691,0,0,0,0,0,0
17684.0592434,868.8,-0.0191876403987408,0.0461827985942364,0,-10.8110907673448,-31.8188421634787,1826.74099549323,121.897285755,-23.2635112165104,1807.23343747454,268.97326381875,162.070317796693,1568.96105535097,-145.772834899006,177.238713486143,1582.00073178709,0,0,0,0,0,0
17684.087119,871.8,-0.018655089661479,0.0447124786674976,0,-10.8547489903823,-31.9291332554104,1826.72899043878,121.872585165184,-23.3698869008838,1807.21769307713,268.939191980018,162.017617571251,1568.96349473596,-145.815254891145,177.111671422206,1582.00085456884,-0.247500002384186,0.423400014638901,0.871500015258789,0,0,0
17684.0977357,874.8,-0.0186602491885424,0.045453803986311,0,-10.9671878155144,-32.5599667385536,1826.69924531945,121.724100409022,-23.9381519554115,1807.13299892263,268.653534022794,161.743219232031,1568.94073046129,-146.03348653101,176.480500606148,1582.01747251634,0,0,0,0,0,0
17684.1085487,877.8,-0.0181298591196537,0.0457909353077412,0,-11.3173701456154,-33.713012640707,1826.58168767695,121.438399870322,-24.8835397456169,1807.05225251725,268.092196410217,161.180872722364,1568.89516472417,-146.675267619899,175.349923491353,1582.14662837379,0,0,0,0,0,0
17684.1197378,880.8,-0.0188569240272045,0.0464271925389767,0,-11.3777603166026,-33.822348914021,1826.58995848146,121.390535467333,-24.9616684442392,1807.04156953569,268.017246920719,161.094983610629,1568.9031426668,-146.760096198377,175.225129101566,1582.15352713498,-0.0901999995112419,0.400099992752075,0.912000000476837,-4.90000009536743,166.570007324219,429.790008544922
17684.1303252,883.8,-0.0181416664272547,0.0461808539927006,0,-11.4141800377153,-34.470297942519,1826.49014078601,121.240251511142,-25.3555553089789,1806.92350280193,267.652582687787,160.759688846068,1568.85137729508,-147.170846522374,174.58169777511,1582.21488143252,0,0,0,0,0,0
17684.1408875,886.8,-0.0186142418533564,0.0472176395356655,0,-11.4722331383024,-34.8911456207353,1826.44630002338,121.141493117324,-25.7259056261587,1806.82868286613,267.478797823004,160.599182417072,1568.8240074224,-147.309002434758,174.247799317092,1582.18457818257,0,0,0,0,0,0
17684.1514279,889.8,-0.0185654480010271,0.0477290809154511,0,-11.5111036064379,-35.2582745395861,1826.3781198211,121.106705233938,-26.0565600759222,1806.74460704192,267.328896052904,160.433415174099,1568.8126041649,-147.526155949422,173.880385594949,1582.27058695609,0,0,0,0,0,0
17684.1620514,892.8,-0.0191288851201534,0.0480007141828537,0,-11.5447860875485,-35.8261055735061,1826.41183668869,121.091570273639,-26.5611958697525,1806.66372998432,267.052384332311,160.203666714592,1568.80454884603,-147.856803363383,173.204209312198,1582.29719250385,0,0,0,0,0,0
17684.1727914,895.8,-0.0184015780687332,0.04760911911726,0,-11.6583275952307,-36.1952975398441,1826.43284664677,121.108940269625,-26.873847547511,1806.63489591078,266.807777793308,160.017149021787,1568.77543354671,-148.127818501928,172.826529062262,1582.36199103655,0,0,0,0,0,0
17684.1833879,898.8,-0.0181686971336603,0.0493413046002388,0,-11.6288805185641,-36.7709835051225,1826.37110287745,121.043632203286,-27.1838731968746,1806.60057837695,266.522499675571,159.824989217401,1568.75060062436,-148.417705821501,172.362452989893,1582.39048937719,0,0,0,0,0,0
17684.1939524,901.8,-0.0184958875179291,0.0492271915078163,0,-11.6588063071745,-37.1456699348903,1826.34166177316,121.005406668287,-27.4192490944416,1806.6146272978,266.287323517257,159.671062778902,1568.72857961143,-148.604981060135,171.968264594347,1582.40849732564,0,0,0,0,0,0
17684.2046017,904.8,-0.0178798120468855,0.0497335068881512,0,-11.7098284690769,-37.5126984217728,1826.3776838099,120.979525869535,-27.6688211960272,1806.63457234595,266.04221923397,159.530812382458,1568.72365553752,-148.790589520276,171.616067941547,1582.42032266792,0,0,0,0,0,0
17684.2279261,907.8,-0.01820283010602,0.0497090317308903,0,-11.697994003036,-37.6065861267833,1826.34767725768,120.956078406365,-27.7175628453783,1806.6228446373,265.986658408433,159.488990399533,1568.73376039993,-148.8424400803,171.518747653393,1582.39661216982,-0.109200000762939,0.462900012731552,0.879599988460541,-20.0799999237061,174.360000610352,423.649993896484
17684.2385198,910.8,-0.0182556975632906,0.0497691281139851,0,-11.7355381542425,-38.1861155909663,1826.39038141448,120.903809561056,-28.1897966697153,1806.63014210681,265.665655477219,159.283592420233,1568.73169232176,-149.045345038141,170.96600142841,1582.39539096314,0,0,0,0,0,0
17684.2574754,913.8,-0.018005296587944,0.050241681188345,0,-11.7376728610726,-38.3371541521949,1826.36543762826,120.864277263653,-28.284755892021,1806.61184344665,265.627568103208,159.263463329769,1568.74844798745,-149.124264245107,170.831250578083,1582.40928041418,-0.266699999570847,0.502099990844727,0.822700023651123,0,0,0
17684.2680884,916.8,-0.0174278672784567,0.0512591660022736,0,-11.8076841322059,-39.2823909368463,1826.34659344335,120.833661848556,-28.9591528151724,1806.58035764856,265.099803316739,158.924632469201,1568.79365176138,-149.782337245526,169.850359174583,1582.44545790414,0,0,0,0,0,0
17684.2787006,919.8,-0.0174931157380342,0.0527502804994583,0,-11.9074373917734,-39.8996964415611,1826.37425418073,120.839208310194,-29.3521689413521,1806.59081149583,264.651740435755,158.661035846585,1568.84336522771,-150.216569265014,169.115266750365,1582.60715702145,0,0,0,0,0,0
17684.2893367,922.8,-0.0170580856502056,0.0514323994517326,0,-11.9947055842974,-40.2196930680761,1826.4623951163,120.750708816711,-29.5586390536523,1806.55485325276,264.400675412984,158.51285550197,1568.86514703634,-150.358126362006,168.773196609862,1582.62699370485,0,0,0,0,0,0
17684.2998537,925.8,-0.0168897658586502,0.0518727101385593,0,-12.098864243648,-40.7468543586979,1826.44659495665,120.619994972748,-29.9153402401016,1806.55450116053,264.055323457268,158.284796962928,1568.87866280546,-150.78574971707,168.157868346067,1582.7157205644,0,0,0,0,0,0
17684.3104022,928.8,-0.0164576694369316,0.0526560790836811,0,-12.0779322826509,-40.8590675896093,1826.45977958587,120.589716302577,-30.0205148471453,1806.57273498415,263.998305976405,158.256636374874,1568.88298743729,-150.873766318145,168.04964017663,1582.76226213296,0,0,0,0,0,0
17684.3209826,931.8,-0.0153514062985778,0.0529039859771729,0,-12.1460863713782,-41.1942286237951,1826.49960408814,120.512115151514,-30.2528838055044,1806.5791748172,263.801069783264,158.146681260979,1568.89573283133,-151.086490052913,167.676944632799,1582.84494576519,0,0,0,0,0,0
17684.3315248,934.8,-0.0166730675846338,0.0537333138287067,0,-12.1381004238932,-41.5149457164543,1826.50855390121,120.449426433446,-30.4295331397375,1806.58916422731,263.574922099989,158.039725426392,1568.92058445432,-151.32677127574,167.319172926318,1582.90832486628,0,0,0,0,0,0
17684.3517679,937.8,-0.0162667743861675,0.053749094158411,0,-12.1604523506835,-41.6027572342555,1826.50502468363,120.431847049336,-30.4692887198972,1806.5830568839,263.505520291917,158.017746147173,1568.91655602531,-151.458468336167,167.210532828105,1582.92813133591,-0.0230999998748302,0.331699997186661,0.943099975585938,11.2700004577637,158.110000610352,427.739990234375
17684.362284,940.8,-0.0163684915751219,0.0542406760156155,0,-12.2533620775693,-42.1002040242812,1826.55092686914,120.325446485625,-30.7985492415895,1806.54340526816,263.126201646143,157.871759057773,1568.96325669848,-151.732756439986,166.70505309433,1582.87577852979,0,0,0,0,0,0
17684.3729158,943.8,-0.017356064170599,0.0540056549012661,0,-12.3204436701431,-42.4164308561059,1826.50432381512,120.261388095954,-30.9800575607766,1806.48186887092,262.905737390958,157.773375815874,1568.99086346123,-151.985665850698,166.425742054924,1582.93817546067,0,0,0,0,0,0
17684.3834539,946.8,-0.0162370875477791,0.0552480764687061,0,-12.3911541385281,-42.6637265646873,1826.48202664904,120.228287320462,-31.0837185731765,1806.44844780885,262.758170613699,157.705710942877,1568.99708132429,-152.175359650215,166.204461038053,1582.99699275671,0,0,0,0,0,0
17684.3940607,949.8,-0.0167982447892427,0.0548031687736511,0,-12.4466031564763,-43.0282999515388,1826.47318848471,120.122225977528,-31.3016395624219,1806.34439578564,262.485159584275,157.62385133864,1569.04793600833,-152.636827123754,165.82955802583,1583.07340085745,0,0,0,0,0,0
17684.4047053,952.8,-0.0166888721287251,0.055905381590128,0,-12.6080418612079,-43.5676518683719,1826.52076819876,119.937319791062,-31.6715421586169,1806.26598763254,261.84535468417,157.395335247123,1569.14033732345,-153.199481922927,165.315810899944,1583.16773684001,0,0,0,0,0,0
17684.4152754,955.8,-0.0167228057980537,0.0562941640615463,0,-12.906398033967,-44.1180822394448,1826.56871645726,119.706032134081,-32.0587131933024,1806.19805726519,261.339036862237,157.160025362916,1569.28911158255,-153.679921253366,164.882889459832,1583.24964934297,0,0,0,0,0,0
17684.4259864,958.8,-0.0170080047100782,0.0579235352575779,0,-12.9418408495726,-44.3674499701823,1826.5709028235,119.618759186615,-32.2633188371172,1806.22446534388,261.049338728854,157.069880439389,1569.34479374976,-153.936522835968,164.694652263745,1583.30052598282,0,0,0,0,0,0
17684.4366559,961.8,-0.0157727636396885,0.0551791325211525,0,-12.9480848989221,-44.4665056417635,1826.58842038425,119.579747085842,-32.322282684475,1806.22822146487,260.924019878634,157.047784886385,1569.35007854661,-154.010606954708,164.625983955597,1583.32327544145,-0.0720999985933304,0.492599993944168,0.867299973964691,93.8899993896484,165.509994506836,422.269989013672
17684.4472772,964.8,-0.0165862776339054,0.0570007734000683,0,-13.1211458631787,-44.8782691776481,1826.62136588969,119.401646279875,-32.5525501779917,1806.23279952055,260.405860176084,156.905789866203,1569.41840364671,-154.440843262039,164.286402868995,1583.35965186013,0,0,0,0,0,0
17684.4578545,967.8,-0.0159898791462183,0.056845223903656,0,-13.3102696471784,-45.1064715900114,1826.69021510099,119.239832654561,-32.6588664675282,1806.22195203196,260.121209495403,156.829240397273,1569.47236515187,-154.694119906529,164.110348567178,1583.37039864872,0,0,0,0,0,0
17684.4684868,970.8,-0.0164093747735023,0.0559746906161308,0,-13.493148561831,-45.3249644556639,1826.72732204576,119.056914483467,-32.7727274589357,1806.21029846993,259.873675563254,156.763061134973,1569.51371861795,-154.950801908979,163.936143570064,1583.37623062879,0,0,0,0,0,0
17684.4842626,973.8,-0.0165932904928923,0.0585214778780937,0,-13.5432389965732,-45.3823133763236,1826.72769539459,118.982905067422,-32.780904777915,1806.2010479597,259.772337046244,156.725268232532,1569.53851246089,-155.091742012505,163.853409639233,1583.39221156482,0.0220999997109175,0.431499987840652,0.901799976825714,43.8800010681152,151.830001831055,427.200012207031
17684.4948825,976.8,-0.0155228301882744,0.0586438573896885,0,-13.801964151412,-45.6985244069243,1826.70805972092,118.650766723374,-32.9178653259711,1806.16540745653,259.231147916311,156.640568265279,1569.6452189001,-155.69939470065,163.56630241366,1583.48256000677,0,0,0,0,0,0
17684.505452,979.8,-0.0153352115303278,0.0585741236805916,0,-14.1843135611233,-46.0708100992269,1826.72198555976,118.311148471462,-33.0142486851576,1806.13755311837,258.538318203272,156.639618789019,1569.78127254045,-156.371407312933,163.312341890353,1583.45187948003,0,0,0,0,0,0
17684.5160207,982.8,-0.01578713580966,0.0584154598414898,0,-14.3548604193388,-46.2377413298654,1826.72591636102,118.150246699184,-33.0565985750944,1806.11120683023,258.137255728143,156.617440430436,1569.87912528799,-156.748854497283,163.210307346034,1583.47627911197,0,0,0,0,0,0
17684.5383849,985.8,-0.0157472919672728,0.0585742652416229,0,-14.4309844607201,-46.2889569916946,1826.72686371342,118.093686398895,-33.0633554376973,1806.09584751549,257.999595814249,156.612597801583,1569.90124035923,-156.832949689067,163.166410582993,1583.46249029723,0,0,0,65.0299987792969,148.160003662109,426.299987792969
17684.5492281,988.8,-0.0150347501039505,0.0585159942507744,0,-14.9239432118925,-46.7390344392866,1826.60613536438,117.536624375017,-33.1684722967806,1806.01900686579,257.050412443901,156.63564826269,1570.10596701506,-157.795249499462,162.79185684805,1583.37607281484,0,0,0,0,0,0
17684.559879,991.8,-0.0153455901890993,0.0585099034011364,0,-15.120401988829,-46.8718046987334,1826.56073182301,117.338322252262,-33.1885782287096,1805.99494874222,256.737595968759,156.721565280282,1570.20402698683,-158.15553889581,162.71781324086,1583.35835480962,0,0,0,0,0,0
17684.5704996,994.8,-0.0154254222288728,0.0589367434382439,0,-15.2919948208274,-46.9808571579928,1826.52475927374,117.175857281149,-33.1900767315076,1805.96438288076,256.412198792256,156.811488778182,1570.33367256225,-158.491090940914,162.656640378463,1583.3006185643,0,0,0,0,0,0
17684.581205,997.8,-0.0150234345346689,0.0584890753030777,0,-15.7359626459704,-47.1685710656118,1826.46615659727,116.802462706267,-33.0891318657921,1805.91375869541,255.895325917456,157.027935438286,1570.58338709612,-159.024957635547,162.576975190782,1583.16687241214,0,0,0,0,0,0
17684.5917104,1000.8,-0.0147569254040718,0.0590108953416348,0,-15.9746580742249,-47.2802578640509,1826.41686019449,116.550452968168,-32.993184802951,1805.88272159216,255.51306595934,157.206715410485,1570.67414902531,-159.395533697201,162.532440389993,1583.0848068651,0,0,0,0,0,0
17684.6022947,1003.8,-0.0147962151095271,0.0591855853796005,0,-16.2170617544707,-47.3292635693881,1826.36985099907,116.257164989463,-32.8785376847938,1805.82345678993,255.097751173107,157.401683540317,1570.72764623795,-159.749665589487,162.520876647917,1582.99587748947,0,0,0,0,0,0
17684.6141739,1006.8,-0.0147745404392481,0.0578640162944794,0,-16.30602383143,-47.3632539917747,1826.3667784589,116.166204000706,-32.8369612100512,1805.79665219947,255.000806298981,157.450192604384,1570.76461332774,-159.976584321557,162.506439447053,1583.07050203764,0,0,0,0,0,0
17684.6248455,1009.8,-0.0147315347567201,0.059526602178812,0,-16.5846501474703,-47.396731181652,1826.24171554461,115.849116037687,-32.7320345854132,1805.75739349001,254.618928303029,157.595510733792,1570.80574815511,-160.314125822195,162.49596455756,1583.01840066543,0,0,0,0,0,0
17684.6373892,1012.8,-0.0137728555127978,0.0575616084039211,0,-16.687522717747,-47.405227585536,1826.21109180428,115.754607202652,-32.6920321634015,1805.73060135109,254.496748286618,157.643531623456,1570.80853549685,-160.42550232225,162.493514027365,1582.97935560267,-0.022299999371171,0.488099992275238,0.872500002384186,0,0,0
17684.6479864,1015.8,-0.0145236076787114,0.0579037614166737,0,-17.0821354270963,-47.4704233945387,1825.98766090197,115.253803285894,-32.5114708697606,1805.67789367536,253.89166748322,157.963988402154,1570.89733141159,-161.062893760717,162.488043027348,1582.89489750047,0,0,0,0,0,0
17684.6586563,1018.8,-0.014625046402216,0.0568499252200127,0,-17.6081582933867,-47.5065067722274,1825.73523659971,114.806853738862,-32.2447734253834,1805.67745412606,253.176443162853,158.423979601523,1571.05916680417,-161.751016580623,162.536754758289,1582.78390523618,0,0,0,0,0,0
17684.671069,1021.8,-0.0143823772668839,0.0568962082266808,0,-17.7111000971329,-47.5074104612278,1825.7072785002,114.696960197069,-32.1575421357744,1805.6659161699,253.058045810717,158.502847045005,1571.07037634634,-161.893219721739,162.554660865058,1582.7508702332,-0.0303000006824732,0.50900000333786,0.860199987888336,0,0,0
17684.6816233,1024.8,-0.013646331615746,0.05662497356534,0,-18.1219387857024,-47.4448168991578,1825.55924233661,114.309008491283,-31.8710913340364,1805.63840581149,252.305908681537,158.931666509619,1571.08513499737,-162.647245281265,162.67410949423,1582.61848343897,0,0,0,0,0,0
17684.6922353,1027.8,-0.0133651597425342,0.0561014734208584,0,-18.4494826161155,-47.3302355032276,1825.40220975153,113.822511827927,-31.5594154530881,1805.5387456822,251.706628933898,159.293347966663,1571.08863941076,-163.269532224612,162.728858047279,1582.385667519,0,0,0,0,0,0
17684.7037002,1030.8,-0.0133553445339203,0.0560019113123417,0,-18.5277405504739,-47.3143060538988,1825.36015775342,113.741174691582,-31.5175911162424,1805.52174051514,251.598936813887,159.370002099275,1571.08409293711,-163.387691113491,162.754858335713,1582.36299301794,0,0,0,0,0,0
17684.7143314,1033.8,-0.0133898044005036,0.0555005244910717,0,-19.0299841406919,-47.0687547441328,1825.24627447496,113.242582466412,-31.0928803244065,1805.35251972667,250.890538422476,159.967259043986,1571.0565216087,-164.081643458627,162.932669762604,1582.1230151017,0,0,0,0,0,0
17684.7511613,1036.8,-0.0129797551780939,0.0551909156143665,0,-19.1165471782316,-47.0523227142619,1825.21511425061,113.12942842875,-30.9745976754038,1805.28527636963,250.804199767693,160.056439524706,1571.05389925371,-164.20524917981,162.95515371923,1582.06574347455,-0.0500999987125397,0.529500007629395,0.846800029277802,0,0,0
17684.7618464,1039.8,-0.012525912374258,0.0549342580139637,0,-19.5499380980478,-46.7958219670325,1825.12153512886,112.76267819664,-30.5454057858176,1805.1315140012,250.036245870563,160.544382585175,1571.02240777247,-164.879234157068,163.12539136992,1581.9283533904,0,0,0,0,0,0
17684.7724129,1042.8,-0.0124511877074838,0.0540212191641331,0,-19.803727553141,-46.6728453000007,1825.0818566727,112.531806581679,-30.2298938133043,1805.02413133997,249.6582559659,160.869308228966,1571.01258885502,-165.300997717527,163.209099965419,1581.81131266068,0,0,0,0,0,0
17684.7829535,1045.8,-0.0118592828512192,0.0529015831649303,0,-20.253447884164,-46.388552751456,1824.92435367211,112.075562731119,-29.684731024897,1804.9641393139,248.892631556021,161.566835403004,1570.87616756466,-166.191782359369,163.435952572298,1581.49580543035,0,0,0,0,0,0
17684.7935064,1048.8,-0.0127840247005224,0.0531359858810902,0,-20.4707868418363,-46.1949953232241,1824.9092098814,111.79422906469,-29.3549216734471,1804.92472180551,248.514716812899,161.866217595606,1570.84089406923,-166.534336514879,163.519428040827,1581.36853036744,0,0,0,0,0,0
17684.8042736,1051.8,-0.0120457867160439,0.0520825929939747,0,-20.7702436713009,-46.0097043474342,1824.81822939697,111.584769374941,-29.0560888849036,1804.92308108861,248.116430475135,162.123543608298,1570.7416662996,-166.843212075398,163.653849979319,1581.13686761503,0,0,0,0,0,0
17684.8150325,1054.8,-0.0102728083729744,0.0532690197229385,0,-21.3446940712369,-45.4235713126807,1824.66049530937,110.878631542324,-28.0241511652847,1804.81565466187,246.87016659459,163.252106996115,1570.59634949039,-168.044990140371,164.130744554565,1580.80451280791,0,0,0,0,0,0
17684.8271031,1057.8,-0.00958368927240372,0.0534289389848709,0,-21.5843016014721,-45.2182337997403,1824.66009813872,110.738601675042,-27.6786818293189,1804.78497916024,246.5330856791,163.516620708343,1570.60401497107,-168.564139760776,164.276542137588,1580.73726637734,0,0,0,0,0,0
17684.8491401,1060.8,-0.0105453142896295,0.0521768689155579,0,-21.6181316576309,-45.1443959585016,1824.65549047538,110.692539370354,-27.573938244937,1804.76890392292,246.391492745309,163.649397324994,1570.6052461292,-168.695259090824,164.330620600809,1580.70004705291,-0.0687000006437302,0.556599974632263,0.827899992465973,0,0,0
17684.859837,1063.8,-0.00956805516034365,0.0524192735552788,0,-21.9195599447622,-44.8328441915848,1824.59410999019,110.257930232184,-26.9564650266302,1804.69078414816,245.774040206955,164.256785484993,1570.6125400574,-169.378151005145,164.528509761099,1580.53181895465,0,0,0,0,0,0
17684.8704146,1066.8,-0.00924268271774054,0.0522695578634739,0,-22.2965563566328,-44.4715226752866,1824.58092503583,109.880998608634,-26.2747513778088,1804.72517119687,244.898728084901,165.075609231776,1570.66780346875,-170.063302471388,164.80733935941,1580.34022143433,0,0,0,0,0,0
17684.8857739,1069.8,-0.00881004706025124,0.0516884796321392,0,-22.3536377353812,-44.4128424314117,1824.57607849609,109.804333407953,-26.1338023771472,1804.73065721872,244.815208040058,165.209507383736,1570.69022526827,-170.275776986124,164.856957057657,1580.39475285879,-0.116800002753735,0.606199979782104,0.786700010299683,149.270004272461,189.179992675781,394.619995117188
17684.8963332,1072.8,-0.00859280023723841,0.0516843073070049,0,-22.4343080052591,-44.272506738306,1824.62858475563,109.67571510237,-25.822756194132,1804.69975735029,244.598892764074,165.377061707013,1570.77619561422,-170.526551677301,164.910647594565,1580.372318746,0,0,0,0,0,0
17684.9069773,1075.8,-0.00840874947607517,0.0510860927402973,0,-22.6485882100201,-43.9784281283114,1824.75196838558,109.450627090686,-25.2006792251029,1804.74615207404,243.835439735104,166.028260888278,1570.92124965693,-170.951596064568,165.093512260868,1580.24674319507,0,0,0,0,0,0
17684.9175992,1078.8,-0.00824320968240499,0.051507493853569,0,-22.9781099930418,-43.5385822125476,1824.87824178523,109.104766758,-24.5062314086313,1804.96058138135,242.984946350721,166.839985312738,1571.07126307211,-170.729786395561,165.459127722694,1579.89405631721,0,0,0,0,0,0
17684.9281285,1081.8,-0.0083100339397788,0.0500688761472702,0,-23.1320615055828,-43.2625005279872,1824.98420506652,108.920964153584,-24.0572887476644,1805.07319684308,242.550725785968,167.384222145711,1571.24995427323,-172.474615090328,165.313974912552,1580.48802479958,0,0,0,0,0,0
17684.9387262,1084.8,-0.00794334337115288,0.0505181275308132,0,-23.2858018736127,-43.1386128072209,1825.05786804163,108.793337924667,-23.6485420526808,1805.09485424835,242.17019973051,167.825107807151,1571.32911907296,-172.863137393054,165.394986896353,1580.45050612021,0,0,0,0,0,0
17684.9554843,1087.8,-0.00735613331198692,0.0507861472666264,0,-23.3267540307793,-43.0743495505128,1825.10411781129,108.756346465462,-23.5055373884562,1805.07081380487,242.040719945105,168.010197162706,1571.34740921884,-173.013732257637,165.397179495217,1580.43533054067,-0.0688999965786934,0.537199974060059,0.840699970722198,0,0,0
17684.9661747,1090.8,-0.00735953636467457,0.0498599655926228,0,-23.5391139214084,-42.5182155397636,1825.1899301051,108.299262832596,-22.3096502785286,1805.14667617003,241.144040988794,169.130536460814,1571.64641165051,-173.856548773582,165.664996648883,1580.24564913371,0,0,0,0,0,0
17684.9791623,1093.8,-0.00780727574601769,0.0493592604994774,0,-23.5885188836914,-42.2355025410167,1825.23430264186,108.18195710216,-21.8438130090569,1805.29519355191,240.642895066056,169.731853585353,1571.79367621014,-174.283745307762,165.830784503085,1580.22078478081,0.111900001764297,0.407999992370605,0.9060999751091,91.5999984741211,180.720001220703,405.769989013672
17684.9897155,1096.8,-0.00726274866610765,0.0494371563196182,0,-23.6590282320642,-42.0758618754009,1825.19683478877,108.157273846134,-21.5510852952136,1805.37133463499,240.28770956689,170.156923159295,1571.86050937691,-174.635087409222,165.976243983131,1580.17277917879,0.0997999981045723,0.309500008821487,0.945599973201752,66.0899963378906,163.839996337891,416.160003662109
17685.0002279,1099.8,-0.00649750372394919,0.0493000842630863,0,-23.807044662279,-41.845631593156,1825.17722693071,108.048984232563,-20.9765200302585,1805.2922815619,239.925188202823,170.683815119649,1571.9070503965,-175.096430253564,166.171870755438,1580.11844358549,0,0,0,0,0,0
17685.0107554,1102.8,-0.00680448627099395,0.049778039008379,0,-23.8585588651574,-41.7844007195829,1825.14901377654,107.958042362262,-20.8026688939205,1805.24982567811,239.846113278306,170.858999075692,1571.90875917932,-175.266121797154,166.230677217689,1580.12236668821,0,0,0,0,0,0
17685.0302478,1105.8,-0.00724552199244499,0.0486715272068977,0,-23.9045158039263,-41.6968265764519,1825.13074849879,107.932953301816,-20.6708712715264,1805.22584745053,239.769174859925,171.056128943582,1571.90772693968,-175.37767320617,166.284345885011,1580.1217811431,0.0979999974370003,0.317299991846085,0.943300008773804,70.5400009155273,165.979995727539,412.720001220703
17685.0408717,1108.8,-0.0068395514972508,0.0478769712150097,0,-23.997411496584,-41.390837311782,1824.99737206619,107.475751655192,-19.7934905438381,1805.06211110353,239.269469156315,171.930498925762,1571.90902924594,-175.837250233539,166.567684486263,1579.96752753924,0,0,0,0,0,0
17685.0574126,1111.8,-0.00716867111623287,0.048221892118454,0,-23.9803926287574,-41.3358379941114,1824.97642674747,107.798581635514,-19.890322545918,1805.18008302371,239.178343353455,172.084767676684,1571.90507837836,-175.899319644367,166.648943184206,1579.94109671423,0.0973000004887581,0.321799993515015,0.941799998283386,73.2699966430664,163.259994506836,411.730010986328
17685.068082,1114.8,-0.00701792631298304,0.0474878273904324,0,-24.0403144493495,-41.2378317586502,1824.89053484321,107.738383804311,-19.6421292836252,1805.17479934678,238.987847283939,172.353665522603,1571.95011544541,-176.066405027684,166.76054451264,1579.83665576289,0,0,0,0,0,0
17685.0786105,1117.8,-0.00686065526679158,0.047003647685051,0,-24.126842808365,-41.0300348119729,1824.7936828353,107.635018101304,-19.1573347079179,1805.08606207551,238.655405993795,172.76583783962,1571.96538805715,-176.300794287517,166.936727688768,1579.67349733889,0,0,0,0,0,0
17685.089282,1120.8,-0.00685577467083931,0.0457408115267754,0,-24.0441783973478,-40.553266658705,1824.53812933775,107.618066265131,-18.3402400605897,1804.93819478836,238.106147300366,173.701149000651,1571.85909416926,-175.041481148534,167.460701168572,1578.75722577851,0,0,0,0,0,0
17685.0998184,1123.8,-0.00704766344279051,0.0445614255964756,0,-23.8769752916664,-40.0460942583784,1824.35379646686,107.148376341293,-17.2691622213714,1804.59661089188,237.576325145986,174.532518757865,1571.77633715764,-175.314271433263,167.899935761074,1578.38087552094,0,0,0,0,0,0
17685.110415,1126.8,-0.00659260060638189,0.044490484893322,0,-23.8357861529278,-39.8127328554266,1824.25993788136,107.074588379318,-16.8030111465211,1804.44692470226,237.338067697667,174.898028893099,1571.75299096166,-175.186223968774,168.18366287616,1578.06341883428,0,0,0,0,0,0
17685.1209708,1129.8,-0.00673399399966002,0.0427894167602062,0,-23.9558197062468,-39.3767867813216,1824.08767013352,106.879451228227,-15.8136143140572,1804.14405506102,236.798957213296,175.812674456873,1571.64834740697,-175.618467488126,168.535478924015,1577.80832820807,0,0,0,0,0,0
17685.1315388,1132.8,-0.00600250577554107,0.0412568956613541,0,-23.9640406256432,-39.1515199724885,1824.04629638767,106.791352330632,-15.3513070865644,1804.09458785702,236.576646733914,176.214992837998,1571.59820777353,-175.908138492928,168.780809772967,1577.67626374161,0,0,0,0,0,0
17685.1514777,1135.8,-0.00834379624575377,0.0410906285047531,0,-23.9407699796532,-39.090901701076,1824.00114264822,106.763571879089,-15.1825201961875,1804.07620907762,236.486660426263,176.354648571093,1571.58025737908,-175.995460383638,168.847471725143,1577.62709740344,0.0961999967694283,0.454499989748001,0.885599970817566,73.2200012207031,179.029998779297,401.239990234375
17685.1620488,1138.8,-0.00646626390516758,0.0410400949418545,0,-23.9332218869569,-38.915282237219,1823.95033586005,106.83329837037,-14.7777034797683,1804.04081453888,236.321316857221,176.848440975063,1571.53274934727,-176.144009648725,169.076217653563,1577.45752501689,0.0627000033855438,0.47639998793602,0.876999974250793,0,0,0
17685.1726565,1141.8,-0.0065812268294394,0.0387540258467197,0,-23.5802558186361,-38.3366150701664,1823.78595088855,106.940966365608,-13.6364511322973,1803.64739371469,235.727685864292,177.86965584287,1571.30260628589,-176.668251753158,169.533182610513,1577.14149460896,0,0,0,0,0,0
17685.1835286,1144.8,-0.00714565347880125,0.0362866431474686,0,-23.3015840646151,-37.8959551690883,1823.67242893167,107.244457583325,-13.0063879557898,1803.78699486312,235.231742880185,178.783158490794,1571.15952703301,-177.066867247375,169.790581137368,1576.93810297798,0,0,0,0,0,0
17685.1940874,1147.8,-0.00703587429597974,0.0357776269316673,0,-23.1941929583352,-37.7230531633441,1823.60251009032,107.277406605915,-12.4678229643902,1803.6611279217,235.032189205696,179.240134274353,1571.11934242723,-177.275793740099,169.841901170901,1576.85708201665,0,0,0,0,0,0
17685.2046424,1150.8,-0.0072435149922967,0.0354548826813698,0,-23.0030984210429,-37.5751172645041,1823.55476536793,107.358719040797,-12.0810830927541,1803.56627671632,234.853211172948,179.621865902852,1571.09264936999,-177.51337276335,169.886779607367,1576.81823162641,0,0,0,0,0,0
17685.2153244,1153.8,-0.00667583709582686,0.0352590963244438,0,-22.889567480398,-37.4441473086257,1823.52455075494,107.199529595168,-11.6894730043313,1803.20922887049,234.680868012309,179.95152339282,1571.0694030152,-177.634856933263,169.984505999386,1576.72416244857,0,0,0,0,0,0
17685.2258629,1156.8,-0.00663968594744802,0.0347337111830711,0,-22.7096909691376,-37.3333959219924,1823.48037584174,107.241573835439,-11.3896444478806,1803.10498012721,234.459077382889,180.298785938631,1571.00613954528,-177.83788077274,170.043051071263,1576.68404489468,0,0,0,0,0,0
17685.2373694,1159.8,-0.00724980141967535,0.0360553547739983,0,-22.6781064902376,-37.3149623565165,1823.48740264743,107.274179289181,-11.2720891226829,1803.06316109474,234.385221317151,180.430535939155,1570.99634697138,-177.933443533778,170.04606790318,1576.68500740155,0.173500001430511,0.396100014448166,0.901700019836426,108.01000213623,174.029998779297,397.429992675781
17685.2479645,1162.8,-0.00706574041396379,0.0354879260063171,0,-22.5826304256618,-37.2700668323169,1823.48041694083,107.403849949432,-11.0983103853267,1803.00092741381,234.187970133994,180.758744274207,1570.93092772881,-178.026938430723,170.097111470544,1576.65255372761,0,0,0,0,0,0
17685.2585717,1165.8,-0.00684570241719484,0.0350645318627358,0,-22.1176175299281,-37.1452308067629,1823.46846133403,107.840672272048,-10.3265128550903,1802.9882123173,233.699277463589,181.592017097346,1570.8826958118,-178.420195702599,170.199617360316,1576.63688416667,0,0,0,0,0,0
17685.2691435,1168.8,-0.00719001656398177,0.0362084046006203,0,-21.8622843060363,-37.1261093512373,1823.47042949483,108.051846596171,-9.84227688687569,1803.01551477258,233.604207493858,181.964065326383,1570.94548164646,-178.63044986707,170.221600212299,1576.66093029797,0,0,0,0,0,0
17685.2847617,1171.8,-0.00654187798500061,0.0356703385710716,0,-21.7656182655747,-37.1122383529196,1823.43775960403,108.157991866635,-9.78478940428881,1803.05507692044,233.560885549906,182.088143059673,1570.97742355187,-178.711998869763,170.212155324145,1576.68072421555,0.0854000002145767,0.435999989509583,0.895900011062622,79.7699966430664,188.889999389648,393.540008544922
17685.2955564,1174.8,-0.0072162770666182,0.0348245412111282,0,-21.2942019455897,-37.0813865366269,1823.42907880785,108.421591778574,-9.2533769311625,1802.94390520566,233.199371061006,182.721825081184,1571.12567024805,-179.020536568126,170.252727071265,1576.80387913772,0,0,0,0,0,0
17685.3061951,1177.8,-0.00741237308830023,0.0343068450689316,0,-21.1025465927163,-36.9006245699873,1823.63458240417,108.883299451234,-8.65842792875314,1802.80636996777,232.774400039146,183.468201474496,1571.33553311306,-179.465010419492,170.227948118531,1577.02704504866,0,0,0,0,0,0
17685.316786,1180.8,-0.0077011282555759,0.0326663985848427,0,-20.7577570887352,-36.9098486866401,1823.60857027463,109.284834646002,-8.3233828946175,1802.77013469177,232.431944121278,183.892121006398,1571.45943395731,-179.737958977645,170.202771581387,1577.1690203447,-0.0207000002264977,0.518800020217896,0.854600012302399,100.75,172.479995727539,393.570007324219
17685.3273344,1183.8,-0.00786751694977283,0.0319154918193817,0,-20.5435072458217,-36.923802136761,1823.59111035559,109.470932139526,-8.15016427698577,1802.78739016928,232.290569132684,184.096654625712,1571.47841852704,-179.860809007321,170.175745912033,1577.22469058641,0,0,0,0,0,0
17685.3379216,1186.8,-0.00810612365603447,0.0316994845867157,0,-20.2850355407173,-36.9447289730339,1823.57718718249,109.742583505407,-7.89451583165301,1802.78330145896,232.13814149608,184.454371528763,1571.4893662291,-180.056674752149,170.164243243202,1577.26597483861,0,0,0,0,0,0
17685.3484978,1189.8,-0.00882354751229286,0.0305536523461342,0,-20.0003853812473,-36.9767634360216,1823.58485292389,110.016528450128,-7.46403364762841,1802.69721591217,231.984137017234,184.795827168522,1571.53676026853,-180.225971433535,170.120149478119,1577.26925402617,0,0,0,0,0,0
17685.3709583,1192.8,-0.00735992332920432,0.0318141341209412,0,-19.8868208196237,-36.9797824626803,1823.5961138716,110.129808502645,-7.38226737545271,1802.67986020034,231.920315682812,184.879642810215,1571.54147938345,-180.29284922824,170.110227605139,1577.2742735235,0.17739999294281,0.46110001206398,0.869400024414062,0,0,0
17685.3815286,1195.8,-0.00784832518547773,0.0311579912900925,0,-18.5660029099155,-37.1396778383072,1823.17020170052,110.540818219874,-6.9570938017442,1802.53759942123,231.67370288396,185.300451184309,1571.57432326881,-180.649199693662,169.908591879562,1577.27102600545,0,0,0,0,0,0
17685.3925412,1198.8,-0.00798730179667473,0.0306579828262329,0,-18.0799996075209,-37.1303105901538,1823.18583691695,110.847773905219,-6.73236186994293,1802.60523378538,231.52148209351,185.497106728839,1571.5683066971,-180.812197070107,169.804660695248,1577.24097058438,0,0,0,0,0,0
17685.4032167,1201.8,-0.00811217166483402,0.0312259405851364,0,-17.7858709106908,-37.1478193702316,1823.24375469146,111.160038805539,-6.3816224998023,1802.70827920951,231.322047271797,185.715334749392,1571.52507613996,-181.031985378706,169.645340224088,1577.206067029,0,0,0,0,0,0
17685.4181177,1204.8,-0.00748492917045951,0.0308953136205673,0,-17.6733642734265,-37.1777450966077,1823.27230811664,111.259518627843,-6.29973865426467,1802.70389576171,231.249895119319,185.797807027222,1571.50146501081,-181.050712523523,169.618092484343,1577.15035766533,0.205200001597404,0.469700008630753,0.858699977397919,0,0,0
17685.4288151,1207.8,-0.0070769414305687,0.0328789860010147,0,-17.6557419871705,-37.1806912490488,1823.86726726752,112.116982181438,-5.64719763764008,1802.72327834061,230.594488386494,186.29855331626,1571.33948993667,-181.560808725049,169.109524887644,1577.02071672138,0,0,0,0,0,0
17685.4423251,1210.8,-0.00803400576114655,0.0327689930796623,0,-16.7289181817452,-37.2924984540017,1823.48337235114,112.249355532266,-5.66056087862524,1802.78207166054,230.514345073783,186.343575459587,1571.33314748704,-181.619754425338,169.080716238539,1576.99136446367,0.140599995851517,0.472600013017654,0.870000004768372,0,0,0
17685.4529492,1213.8,-0.00776000134646893,0.0327604398131371,0,-16.248039533257,-37.3498514948736,1823.57248731169,112.419230097689,-5.32073315247289,1802.7173668435,230.301291229241,186.472035289681,1571.289898258,-181.743427042026,168.931386369753,1576.9322394961,0.151099994778633,0.459100008010864,0.875400006771088,0,0,0
17685.4636024,1216.8,-0.00810270290821791,0.0332927539944649,0,-16.4811548051632,-37.4748572497805,1824.11938953785,112.759305085706,-4.97120139490532,1802.67103175532,230.007006554428,186.625075746259,1571.25906388368,-182.057645861454,168.603958735368,1576.88987455927,0,0,0,0,0,0
17685.4741921,1219.8,-0.00735995499417186,0.0333254545927048,0,-15.186354322557,-37.6611997387526,1823.74652133406,113.044046049711,-4.74165384529962,1802.64853670739,229.852354565814,186.694230517544,1571.28604948073,-182.257793237466,168.392761502353,1576.89490067875,0,0,0,0,0,0
17685.4847418,1222.8,-0.00631588138639927,0.0337142109870911,0,-15.2051583667892,-38.0943860992677,1824.09865899446,113.866928901109,-4.31261374372304,1802.41807024281,229.175275483152,186.967239672201,1571.47011877644,-182.839009053841,167.816133992416,1576.98447779696,0,0,0,0,0,0
17685.4953235,1225.8,-0.00645041558891535,0.0333433508872986,0,-14.9154990408769,-38.3223771629942,1824.11812122242,114.071878741421,-4.22290043522668,1802.31296719876,228.926711663539,187.105927405157,1571.53959157029,-183.069041752015,167.578678038199,1577.04755638762,0,0,0,0,0,0
17685.5058738,1228.8,-0.00584358908236027,0.0342444911599159,0,-13.5627021724079,-38.5466578322325,1823.67243002867,114.324722795535,-4.14196486818485,1802.22928980247,228.699839676953,187.251628141889,1571.59533866553,-183.381722987966,167.27647034031,1577.17304446054,0,0,0,0,0,0
17685.5184778,1231.8,-0.00484803318977356,0.0354175552725792,0,-13.278348882455,-38.842518918251,1823.65405546197,114.553464943074,-4.07802643779553,1802.18786832745,228.347129861761,187.465949104973,1571.64849211,-183.451774167588,167.077464572265,1577.12508462728,0.254900008440018,0.313400000333786,0.914799988269806,119.669998168945,172.179992675781,387.019989013672
17685.5291656,1234.8,-0.00584592157974839,0.0334691464900971,0,-13.0402640428894,-38.9792545742867,1823.64880419441,114.692498355613,-4.03542059128019,1802.18329459737,228.18470562695,187.562098696901,1571.69940126785,-183.575914478133,166.896189091018,1577.16922549801,0,0,0,0,0,0
17685.552353,1237.8,-0.00559548335149884,0.0337082356214523,0,0,0,0,0,0,0,NaN,NaN,NaN,NaN,NaN,NaN,0.212300002574921,0.337099999189377,0.917200028896332,113.669998168945,164.009994506836,390.839996337891
17685.5628718,1240.8,-0.00516097992658615,0.0337139576673508,0,0,0,0,0,0,0,NaN,NaN,NaN,NaN,NaN,NaN,0,0,0,0,0,0
17685.5741374,1243.8,-0.00527815567329526,0.0341899901628494,0,0,0,0,0,0,0,NaN,NaN,NaN,NaN,NaN,NaN,0,0,0,0,0,0
17685.5847687,1246.8,-0.00542504386976361,0.0349688962101936,0,0,0,0,0,0,0,NaN,NaN,NaN,NaN,NaN,NaN,0,0,0,0,0,0
17685.5953481,1249.8,-0.00644847610965371,0.0366772919893265,0,0,0,0,0,0,0,NaN,NaN,NaN,NaN,NaN,NaN,0,0,0,0,0,0
17685.6058224,1252.8,-0.00481304805725813,0.0340576305985451,0,0,0,0,0,0,0,NaN,NaN,NaN,NaN,NaN,NaN,0,0,0,0,0,0
17685.6162619,1255.8,-0.00538761122152209,0.0348759353160858,0,0,0,0,0,0,0,NaN,NaN,NaN,NaN,NaN,NaN,0,0,0,0,0,0
17685.6425035,1258.8,-0.00464850338175893,0.035784675180912,0,0,0,0,0,0,0,NaN,NaN,NaN,NaN,NaN,NaN,0.111000001430511,0.499199986457825,0.859399974346161,0,0,0
17685.6531134,1261.8,-0.00503535661846399,0.0340073019266129,0,0,0,0,0,0,0,NaN,NaN,NaN,NaN,NaN,NaN,0,0,0,0,0,0
17685.6636393,1264.8,-0.00424567749723792,0.0324924647808075,0,0,0,0,0,0,0,NaN,NaN,NaN,NaN,NaN,NaN,0,0,0,0,0,0
17685.6851187,1267.8,-0.00552333099767566,0.0348689690232277,0,0,0,0,0,0,0,NaN,NaN,NaN,NaN,NaN,NaN,0.0644000023603439,0.464100003242493,0.883400022983551,0,0,0
17685.6956792,1270.8,-0.00512934057042003,0.034947095811367,0,0,0,0,0,0,0,NaN,NaN,NaN,NaN,NaN,NaN,0,0,0,0,0,0
17685.7062281,1273.8,-0.00500149372965097,0.0355593845248222,0,0,0,0,0,0,0,NaN,NaN,NaN,NaN,NaN,NaN,0,0,0,0,0,0
17685.7167234,1276.8,-0.00468129152432084,0.0360539168119431,0,0,0,0,0,0,0,NaN,NaN,NaN,NaN,NaN,NaN,0.112300001084805,0.445499986410141,0.888199985027313,92.6500015258789,170.919998168945,392.730010986328
17685.7271636,1279.8,-0.00440505752339959,0.0363828450441361,0,0,0,0,0,0,0,NaN,NaN,NaN,NaN,NaN,NaN,0,0,0,0,0,0
17685.7377232,1282.8,-0.00451825745403767,0.0365222826600075,0,0,0,0,0,0,0,NaN,NaN,NaN,NaN,NaN,NaN,0,0,0,0,0,0
17685.754012,1285.8,-0.00493318028748035,0.037215656042099,0,0,0,0,0,0,0,NaN,NaN,NaN,NaN,NaN,NaN,0.0824000015854836,0.421200007200241,0.903199970722198,0,0,0
17685.7645588,1288.8,-0.00398083589971066,0.0375813975930214,0,0,0,0,0,0,0,NaN,NaN,NaN,NaN,NaN,NaN,0,0,0,0,0,0
17685.7750007,1291.8,-0.00358005240559578,0.0372799694538117,0,0,0,0,0,0,0,NaN,NaN,NaN,NaN,NaN,NaN,0,0,0,0,0,0
17685.7981332,1294.8,-0.0055316649377346,0.039420111477375,0,0,0,0,0,0,0,NaN,NaN,NaN,NaN,NaN,NaN,0.120300002396107,0.48429998755455,0.866599977016449,0,0,0
17685.8086332,1297.8,-0.00346045009791851,0.0377724714577198,0,0,0,0,0,0,0,NaN,NaN,NaN,NaN,NaN,NaN,0,0,0,0,0,0
17685.8193727,1300.8,-0.00378748681396246,0.036797745525837,0,0,0,0,0,0,0,NaN,NaN,NaN,NaN,NaN,NaN,0.137199997901917,0.44990000128746,0.882499992847443,0,0,0
17685.8298063,1303.8,-0.00515992008149624,0.0404521733522415,0,-6.37810663323123,-47.2519328053778,1821.59616226807,118.421865762788,-6.29060826795156,1800.99473212799,NaN,NaN,NaN,NaN,NaN,NaN,0,0,0,0,0,0
17685.8402719,1306.8,-0.00560286501422524,0.0401037395000458,0,-6.30775491889465,-47.4445539666373,1821.60991722405,118.533832975727,-6.42433818077151,1801.043569306,NaN,NaN,NaN,NaN,NaN,NaN,0,0,0,0,0,0
17685.8506627,1309.8,-0.00453396607190371,0.0408724792301655,0,-6.24506815477018,-47.6310897547532,1821.63280409708,118.62584241888,-6.62208050255169,1801.10585542698,NaN,NaN,NaN,NaN,NaN,NaN,0,0,0,0,0,0
17685.8613723,1312.8,-0.00501899467781186,0.0405887089669704,0,-6.20679294257216,-47.7025377522324,1821.64720279657,118.612360447034,-6.65250113452591,1801.09525211469,NaN,NaN,NaN,NaN,NaN,NaN,0.10639999806881,0.390599995851517,0.914399981498718,0,0,0
17685.8718536,1315.8,-0.00492001278325915,0.0416213221848011,0,-6.12099258722671,-47.9209648680905,1821.70147075469,118.694889763825,-6.94234882797631,1801.1659400423,NaN,NaN,NaN,NaN,NaN,NaN,0,0,0,0,0,0
17685.882282,1318.8,-0.00603510020300746,0.0408297725021839,0,-6.04140006183933,-48.0999886625755,1821.76285769657,118.719402720102,-7.16656245236279,1801.18140841644,NaN,NaN,NaN,NaN,NaN,NaN,0,0,0,0,0,0
17685.8927344,1321.8,-0.00561055960133672,0.0414829201996327,0,-5.98973670844354,-48.2155051136755,1821.79781589297,118.810664540002,-7.29242080567914,1801.25237533547,NaN,NaN,NaN,NaN,NaN,NaN,0,0,0,0,0,0
17685.9031849,1324.8,-0.00579222291707993,0.042160826176405,0,-5.97235984642313,-48.3391223806155,1821.83557848176,118.874993409907,-7.414479456073,1801.30022555641,NaN,NaN,NaN,NaN,NaN,NaN,0,0,0,0,0,0
17685.9137594,1327.8,-0.00543995946645737,0.0424026943743229,0,-5.91613539068572,-48.4504420691836,1821.85442316886,118.922219793937,-7.48596752631378,1801.30632306998,NaN,NaN,NaN,NaN,NaN,NaN,0,0,0,0,0,0
17685.9242001,1330.8,-0.00558303343132138,0.0424116127192974,0,-5.87214926201165,-48.538601888079,1821.86825615603,118.926873381987,-7.54241437588792,1801.28971519596,NaN,NaN,NaN,NaN,NaN,NaN,0,0,0,0,0,0
17685.9517654,1333.8,-0.00602599419653416,0.0432208463549614,0,-5.80663419405938,-48.5632487886695,1821.85900111286,118.947111538592,-7.54738585413872,1801.31177357713,NaN,NaN,NaN,NaN,NaN,NaN,0.155499994754791,0.423700004816055,0.892400026321411,92.2099990844727,186.160003662109,381.670013427734
17685.9623157,1336.8,-0.00581992138177156,0.043219255656004,0,-5.81016559160347,-48.6321547063314,1821.86120512941,119.004039650624,-7.60833307997263,1801.34247695124,NaN,NaN,NaN,NaN,NaN,NaN,0,0,0,0,0,0
17686.0127028,1339.8,-0.00624521961435676,0.0441029243171215,0,-5.79135873554985,-48.6649754422036,1821.8650332815,119.038166594352,-7.63998681754485,1801.35581455578,NaN,NaN,NaN,NaN,NaN,NaN,0.14300000667572,0.446399986743927,0.883300006389618,0,0,0
17686.0233805,1342.8,-0.00594812352210283,0.0444462545216084,0,-5.74508856040594,-48.7987899467064,1821.79886820809,119.067610900854,-7.79952994365125,1801.31543276313,NaN,NaN,NaN,NaN,NaN,NaN,0,0,0,0,0,0
17686.0342323,1345.8,-0.00529975863173604,0.0442394860088825,0,-5.72062904452787,-48.9457959508724,1821.69064951414,119.110378120115,-8.00256344421518,1801.2651530521,NaN,NaN,NaN,NaN,NaN,NaN,0,0,0,0,0,0
17686.044931,1348.8,-0.00524376332759857,0.0460033178329468,0,-5.76225874858502,-49.1706302186367,1821.37082379623,119.171730030491,-8.34978985979344,1801.10903343673,NaN,NaN,NaN,NaN,NaN,NaN,0,0,0,0,0,0
17686.0592116,1351.8,-0.00514653138816357,0.0453227482736111,0,-5.76468393913197,-49.2243876017245,1821.36883418182,119.215751334295,-8.376516624872,1801.08556430867,NaN,NaN,NaN,NaN,NaN,NaN,0.256999999284744,0.430099993944168,0.865400016307831,0,0,0
17686.0697788,1354.8,-0.00545035256072879,0.0471922256052494,0,-5.78537408489868,-49.257523114635,1821.31098184554,119.236129520261,-8.47117092746931,1801.03681201048,NaN,NaN,NaN,NaN,NaN,NaN,0,0,0,0,0,0
17686.0831697,1357.8,-0.00412452686578035,0.0467882513999939,0,-5.74710629131754,-49.2770349038654,1821.26656117101,119.247128191746,-8.53909438655833,1801.00906689963,NaN,NaN,NaN,NaN,NaN,NaN,0.102600000798702,0.469199985265732,0.877099990844727,0,0,0
17686.0936133,1360.8,-0.0052898358553648,0.0455448500812054,0,-5.60559142022629,-49.3290856248609,1821.06645736245,119.448793054264,-8.94239976817044,1800.7472568469,NaN,NaN,NaN,NaN,NaN,NaN,0,0,0,0,0,0
17686.1042635,1363.2,-0.00591108622029424,0.0456390030682087,0,-5.46950970424355,-49.2725017021879,1821.08010366259,119.592720980671,-8.94911080907372,1800.7064839918,NaN,NaN,NaN,NaN,NaN,NaN,0,0,0,0,0,0
17686.1156108,1360.2,-0.00544704962521791,0.0454572126269341,0,-5.45783440554338,-49.2443897659173,1821.08782411334,119.652029769951,-8.9803304681022,1800.71938360166,NaN,NaN,NaN,NaN,NaN,NaN,0.204999998211861,0.400000005960464,0.893299996852875,0,0,0
17686.1261305,1357.2,-0.00554256979376078,0.0456659443676472,0,-5.26278844970559,-49.1625715227829,1821.14278616235,119.877607923499,-9.00634917218346,1800.76987752409,NaN,NaN,NaN,NaN,NaN,NaN,0,0,0,0,0,0
17686.1376913,1354.2,-0.00575342308729887,0.0454793594777584,0,-5.22316845908297,-49.1454406402473,1821.15597571376,119.881056982642,-9.02131105880732,1800.73272733266,NaN,NaN,NaN,NaN,NaN,NaN,0.233199998736382,0.400499999523163,0.886099994182587,0,0,0
17686.1483942,1351.2,-0.00673644058406353,0.0466066397726536,0,-4.77214209191564,-48.9625335421738,1821.28590603006,120.354846133458,-8.87683572159349,1800.80290854315,NaN,NaN,NaN,NaN,NaN,NaN,0,0,0,0,0,0
17686.1614374,1348.2,-0.00632481928914785,0.0460427574813366,0,-4.72542429801525,-48.9544304075191,1821.29595500811,120.401603270185,-8.86496036314529,1800.8053753459,NaN,NaN,NaN,NaN,NaN,NaN,0.287499994039536,0.421499997377396,0.860000014305115,106.040000915527,174.350006103516,386.959991455078
17686.1719433,1345.2,-0.00770689360797405,0.0480356834828854,0,-4.53509243113646,-48.8748170906925,1821.30909441756,120.606866205074,-8.78101425525013,1800.80518810092,NaN,NaN,NaN,NaN,NaN,NaN,0,0,0,0,0,0
17686.1823388,1342.2,-0.00695791793987155,0.0464002028107643,0,-4.36114194096731,-48.8324614613613,1821.34065043925,120.749921252156,-8.71181362766778,1800.78560308605,NaN,NaN,NaN,NaN,NaN,NaN,0,0,0,0,0,0
17686.1927644,1339.2,-0.00610926654189825,0.0462604559957981,0,-4.27680410611238,-48.7903227333681,1821.33466579013,120.813559845519,-8.69054635268408,1800.77135378621,NaN,NaN,NaN,NaN,NaN,NaN,0,0,0,0,0,0
17686.2031592,1336.2,-0.0064964797347784,0.0461648687720299,0,-4.27339318741589,-48.7292442809801,1821.26782419203,120.839264642009,-8.64268031027556,1800.72231195041,NaN,NaN,NaN,NaN,NaN,NaN,0,0,0,0,0,0
17686.219755,1333.2,-0.00676599005237222,0.0470486119389534,0,-4.27072357955962,-48.7131936243766,1821.26194088128,120.890197446631,-8.70944185871338,1800.73549616627,NaN,NaN,NaN,NaN,NaN,NaN,0.310400009155273,0.350600004196167,0.883599996566772,150.490005493164,148.699996948242,382.350006103516
17686.230304,1330.2,-0.00536223594099283,0.0463647231459618,0,-4.27985170402195,-48.6211940389069,1821.1875912851,120.917730394104,-8.67679487543851,1800.68824458528,NaN,NaN,NaN,NaN,NaN,NaN,0,0,0,0,0,0
17686.2409075,1327.2,-0.00696566561236978,0.0475484676659107,0,-4.30408813300898,-48.5392284001013,1821.17149176946,120.920365624384,-8.71153729890375,1800.68332906186,NaN,NaN,NaN,NaN,NaN,NaN,0,0,0,0,0,0
17686.2546402,1324.2,-0.00701163429766893,0.0470763728022575,0,-4.3018912993657,-48.5251946911838,1821.17003227087,120.950862488818,-8.7535658400633,1800.7006412496,NaN,NaN,NaN,NaN,NaN,NaN,0.309300005435944,0.424299985170364,0.851100027561188,0,0,0
17686.2652797,1321.2,-0.00765968626365066,0.0470307677984238,0,-4.51086686495563,-48.3300224423647,1821.11418544131,120.849918484311,-8.84076544918067,1800.70693576774,NaN,NaN,NaN,NaN,NaN,NaN,0,0,0,0,0,0
17686.2757414,1318.2,-0.0084147909656167,0.0455538243055344,0,-4.64787436018904,-48.2185577998651,1821.09367396005,120.759868556635,-8.85573505314803,1800.70188832848,NaN,NaN,NaN,NaN,NaN,NaN,0,0,0,0,0,0
17686.2862983,1315.2,-0.00764847081154585,0.046914941072464,0,-4.82374264840613,-48.1422322785352,1821.07050058912,120.665915885007,-8.90410956380156,1800.71973899057,NaN,NaN,NaN,NaN,NaN,NaN,0,0,0,0,0,0
17686.2986191,1312.2,-0.00769305136054754,0.0461011104285717,0,-5.00687202716995,-47.974476400388,1820.99171092194,120.499844003507,-8.9143463866901,1800.75757232525,NaN,NaN,NaN,NaN,NaN,NaN,0.375099986791611,0.294299989938736,0.879000008106232,361.760009765625,350.109985351562,883.460021972656
17686.3091255,1309.2,-0.00778802530840039,0.0460107572376728,0,-5.19904795464572,-47.9023211879236,1821.00002152251,120.328591768872,-8.94760597473558,1800.77639071075,NaN,NaN,NaN,NaN,NaN,NaN,0.36719998717308,0.36939999461174,0.853600025177002,247.410003662109,240.75,618
17686.3197287,1306.2,-0.00810887292027473,0.0461610615253449,0,-5.40914420587419,-47.7793512698751,1820.97253887169,120.168438503849,-8.96135576686831,1800.81390557546,NaN,NaN,NaN,NaN,NaN,NaN,0.313699990510941,0.371300011873245,0.87389999628067,244.509994506836,298.570007324219,653.299987792969
17686.3302443,1303.2,-0.00853582378476858,0.0461153447628021,0,-5.55411892896105,-47.6638787005068,1820.95804921964,120.08976278949,-8.97850611434396,1800.83167526374,NaN,NaN,NaN,NaN,NaN,NaN,0,0,0,0,0,0
17686.3515758,1300.2,-0.00855823140591383,0.0464425779879093,0,-5.63876045632977,-47.5964659254346,1820.93366055098,120.055775141217,-9.01844639564554,1800.86039702342,NaN,NaN,NaN,NaN,NaN,NaN,0.340700000524521,0.394199997186661,0.853500008583069,342.429992675781,404.709991455078,911.450012207031
17686.3620912,1297.2,-0.00821472331881523,0.04548574462533,0,-6.00842817919187,-47.3153989340939,1820.91134907983,119.83324323585,-9.16180234991564,1800.92693839216,NaN,NaN,NaN,NaN,NaN,NaN,0,0,0,0,0,0
17686.3726114,1294.2,-0.00836945418268442,0.0445052370429039,0,-6.43329773684584,-46.9348486690635,1820.84104008196,119.490308588447,-9.18687047912944,1800.99179037592,NaN,NaN,NaN,NaN,NaN,NaN,0,0,0,0,0,0
17686.3831313,1291.2,-0.0091029042378068,0.0461736977100372,0,0,0,0,0,0,0,NaN,NaN,NaN,NaN,NaN,NaN,0,0,0,0,0,0
17686.3936458,1288.2,-0.00857098400592804,0.0455106593668461,0,0,0,0,0,0,0,NaN,NaN,NaN,NaN,NaN,NaN,0,0,0,0,0,0
17686.4041135,1285.2,-0.00889240298420191,0.0458432123064995,0,0,0,0,0,0,0,NaN,NaN,NaN,NaN,NaN,NaN,0,0,0,0,0,0
17686.4146269,1282.2,-0.00921846553683281,0.0442366063594818,0,0,0,0,0,0,0,NaN,NaN,NaN,NaN,NaN,NaN,0,0,0,0,0,0
17686.4251205,1279.2,-0.0081634409725666,0.044054126739502,0,0,0,0,0,0,0,NaN,NaN,NaN,NaN,NaN,NaN,0,0,0,0,0,0
17686.4381724,1276.2,-0.00925023388117552,0.0449164606630802,0,0,0,0,0,0,0,NaN,NaN,NaN,NaN,NaN,NaN,0,0,0,0,0,0
17686.4487792,1273.2,-0.00974500831216574,0.0438754245638847,0,0,0,0,0,0,0,NaN,NaN,NaN,NaN,NaN,NaN,0,0,0,0,0,0
17686.4593392,1270.2,-0.00956753175705671,0.0439398087561131,0,-11.2378808975222,-44.806319296475,1820.82605646981,116.781896285011,-10.3247141954697,1801.01947508451,NaN,NaN,NaN,NaN,NaN,NaN,0,0,0,0,0,0
17686.4699592,1267.2,-0.00896511506289244,0.0445624239742756,0,-11.6365154682766,-44.4934977519983,1820.78492701132,116.469619968501,-10.5824655211174,1801.14623305943,NaN,NaN,NaN,NaN,NaN,NaN,0,0,0,0,0,0
17686.4842668,1264.2,-0.00876527559012175,0.0448472633957863,0,-11.8722435049288,-44.3913217873369,1820.75754293883,116.34750965116,-10.6666886658933,1801.15563065985,NaN,NaN,NaN,NaN,NaN,NaN,0.328599989414215,0.372599989175797,0.867799997329712,88.5299987792969,90.7900009155273,217.720001220703
17686.4947404,1261.2,-0.00993254967033863,0.0425687380135059,0,-12.1993398345948,-44.1888371032422,1820.73378836001,116.021219962612,-10.7631624548517,1801.10315428214,NaN,NaN,NaN,NaN,NaN,NaN,0,0,0,0,0,0
17686.5052762,1258.2,-0.00912543386220932,0.0420493952929974,0,-14.1207380174589,-43.1377372272616,1820.6849643404,114.604315356232,-11.4179328600345,1801.02662969415,NaN,NaN,NaN,NaN,NaN,NaN,0,0,0,0,0,0
17686.5160258,1255.2,-0.00936485826969147,0.0418055526912212,0,-14.9200916466816,-42.777180503177,1820.73808809702,114.059244582573,-11.6638826729245,1801.01985495692,NaN,NaN,NaN,NaN,NaN,NaN,0,0,0,0,0,0
17686.5264925,1252.2,-0.00990707986056805,0.0420769512653351,0,-15.5992431165288,-42.421334023526,1820.76250485511,113.604315757041,-11.8178335899817,1801.06186029745,NaN,NaN,NaN,NaN,NaN,NaN,0,0,0,0,0,0
17686.5564015,1249.2,-0.00961037538945675,0.0419427253305912,0,-15.8293440734999,-42.2936148927729,1820.73111984355,113.44738780368,-11.9222241214323,1801.0633239536,NaN,NaN,NaN,NaN,NaN,NaN,0.400099992752075,0.341800004243851,0.850300014019012,87.0199966430664,73.0899963378906,227.380004882812
17686.5668615,1246.2,-0.00977482087910175,0.0420628286898136,0,-16.2444386882659,-42.0779049205726,1820.74668421412,113.183136003695,-11.9765312816978,1801.07812487325,NaN,NaN,NaN,NaN,NaN,NaN,0,0,0,0,0,0
17686.5822134,1243.2,-0.00970433373004198,0.0411790557205677,0,-16.4666016354383,-41.9552286776561,1820.74234391756,113.043757050278,-12.0551920477486,1801.10186280989,NaN,NaN,NaN,NaN,NaN,NaN,0,0,0,95.0100021362305,71.8199996948242,225.070007324219
17686.592738,1240.2,-0.00971984211355448,0.0417787380516529,0,-18.3791921978986,-40.8228565909698,1820.83847295266,111.380386910446,-12.5566378657053,1801.23937768446,NaN,NaN,NaN,NaN,NaN,NaN,0.347400009632111,0.367300003767014,0.862800002098083,95.3600006103516,99.3199996948242,213.009994506836
17686.6031863,1237.2,-0.00897119287401438,0.0418793842196465,0,-18.7639496243187,-40.5817443038612,1820.83226784895,110.987546657015,-12.6902389614744,1801.17190908941,NaN,NaN,NaN,NaN,NaN,NaN,0,0,0,0,0,0
17686.6210708,1234.2,-0.00998146645724773,0.0410485289990902,0,-18.9515641110008,-40.4836611056252,1820.84907125652,110.897868275162,-12.7422045420051,1801.21520915633,236.69814094909,180.419047514543,1573.5430821699,-175.658320549063,169.760281220863,1578.76633066106,0.318300008773804,0.276300013065338,0.906799972057343,0,0,0
17686.6317149,1231.2,-0.00893171969801188,0.0396595917642117,0,-20.3090034299808,-39.6097557881693,1820.84739092313,109.538156443283,-13.3203478631414,1800.85481394927,237.315979565657,179.993076433654,1573.54755335112,-175.037950896352,170.790533564281,1578.7749196982,0,0,0,0,0,0
17686.6424916,1228.2,-0.00999608542770147,0.0411332234740257,0,-20.7965977747281,-39.2954002036592,1820.8384008553,109.212224124063,-13.5786033276799,1800.86237502282,237.519632851177,179.843324753898,1573.57635080253,-174.776651436558,171.268814343754,1578.77450074292,0,0,0,0,0,0
17686.6531689,1225.2,-0.00987033266574144,0.0399063549935818,0,-22.379844322566,-38.6123641865818,1820.72038286044,108.456695288455,-14.1819722094296,1801.34032755419,238.063593287651,179.53667922916,1573.65837475989,-174.231124832747,172.373686102081,1578.92946389572,0,0,0,0,0,0
17686.6637704,1222.2,-0.00986228790134192,0.040391693264246,0,-23.2741119864852,-37.9902208033101,1820.73113140474,107.747004613257,-14.3672434553726,1801.31688283836,238.385234127392,179.326878469205,1573.674018248,-174.023525447501,172.97703437481,1579.13002656712,0,0,0,0,0,0
17686.6743627,1219.2,-0.0101626748219132,0.0393340423703194,0,-23.6393002714644,-37.7162027940968,1820.7042639688,107.406269833461,-14.4396354621042,1801.32769936423,238.561543915571,179.210809812018,1573.66831629211,-173.832302706031,173.389168672336,1579.17492234115,0,0,0,0,0,0
17686.6850071,1216.2,-0.0103063695132732,0.0393603950738907,0,-24.0257711153889,-37.5084506003019,1820.70908329921,107.842717461499,-14.95269844307,1801.57991656099,238.74703588429,179.092814581093,1573.67919614506,-173.558123620709,173.832208323429,1579.13671488735,0,0,0,0,0,0
17686.6956353,1213.2,-0.0105094397440553,0.0393302537500858,0,-24.3946651490654,-37.2569055422997,1820.69944971594,107.488772595581,-14.985568192588,1801.58667500752,238.934127843607,178.954688772569,1573.67472761122,-173.326538300476,174.178420876699,1579.11060840522,0,0,0,0,0,0
17686.7062464,1210.2,-0.0104017863050103,0.0387429878115654,0,-24.7289468828247,-37.0190664064612,1820.65018921092,107.164736713478,-15.043043144348,1801.61177567243,239.146390214799,178.808120737245,1573.67988967338,-173.247950431199,174.451071653082,1579.17868876119,0,0,0,0,0,0
17686.7168274,1207.2,-0.0105484500527382,0.0379199631512165,0,-25.1902235196178,-36.748979538957,1820.5809011002,106.733195681219,-15.1589698405329,1801.7035508784,239.407315025648,178.626469401223,1573.6772907356,-173.003556988796,174.851764938573,1579.17576903843,0.340900003910065,0.402099996805191,0.849799990653992,184.25,206.100006103516,439.029998779297
17686.727384,1204.2,-0.0105705643072724,0.0381866604089737,0,-25.4234665434857,-36.5528940176636,1820.54995183413,106.538365100277,-15.1868920008671,1801.72774535061,239.555868483287,178.505380356735,1573.68581427314,-172.955271291432,175.035913845955,1579.21784743621,0,0,0,0,0,0
17686.7506815,1201.2,-0.0107675148174167,0.0382245801389217,0,-25.4831261621628,-36.4906967065047,1820.53550310716,106.479329136974,-15.2178817748797,1801.76052138909,239.609228270022,178.453645114029,1573.67813037117,-172.927998900438,175.138151504382,1579.2354829199,0.343100011348724,0.39520001411438,0.852100014686584,174.779998779297,196.029998779297,422.600006103516
17686.7612415,1198.2,-0.0102654509246349,0.0375988580286503,0,-25.7248580081926,-36.3729759646538,1820.51323544566,106.303625593446,-15.2365366005488,1801.76222785826,239.721242902875,178.348110205641,1573.6603270541,-172.929633605798,175.327602554829,1579.29241549129,0,0,0,0,0,0
17686.7719092,1195.2,-0.0110580427572131,0.0374687746167183,0,-26.2438773869552,-36.0358176753866,1820.42594818596,105.923739524981,-15.3190819788762,1801.794077265,239.993614377064,178.10236609317,1573.61409098403,-172.553306504326,175.918388928462,1579.19757810584,0,0,0,0,0,0
17686.7825706,1192.2,-0.0110022332519293,0.037767393887043,0,-27.0036755335117,-35.5130713820489,1820.22859499343,105.198689350455,-15.4302678992527,1801.72739488994,240.28803566719,177.750103081621,1573.45307355854,-172.121734815872,176.820094876069,1579.17356292535,0,0,0,0,0,0
17686.7931907,1189.2,-0.00989380478858948,0.0377938248217106,0,-27.1865206958961,-35.3190718067138,1820.2086452155,105.046519241295,-15.5006810078994,1801.73507870962,240.383764135643,177.63473870024,1573.39152477972,-171.985626760748,177.149924102126,1579.14964495975,0,0,0,0,0,0
17686.8037618,1186.2,-0.011110033839941,0.0374050572514534,0,-27.4957378404499,-35.0718334962554,1820.10975659283,104.770438039406,-15.4901318187071,1801.70809177762,240.518773711084,177.419167672478,1573.34382768475,-171.81585909596,177.545593264259,1579.16142511873,0,0,0,0,0,0
17686.8142293,1183.2,-0.0110037410631776,0.0379317127168179,0,-27.7090048288209,-34.9256134150512,1820.09499179385,104.606539445449,-15.5384384579422,1801.70358362535,240.617838108967,177.206348491682,1573.31416837449,-171.689008903425,177.814224188814,1579.15417120739,0,0,0,0,0,0
17686.8247121,1180.2,-0.0112277353182435,0.0372803792357445,0,-27.9208596670754,-34.8099052508393,1820.03643230278,104.42834915533,-15.554153344746,1801.69598092993,240.741622573606,177.017223932341,1573.3134046619,-171.569871709817,178.146798116768,1579.14944446179,0,0,0,0,0,0
17686.8470489,1177.2,-0.0116763114929199,0.0368571266531944,0,-27.9926980296792,-34.7333870416914,1820.02633084068,104.34508126665,-15.5615526661862,1801.6694040434,240.777177694428,176.943004169027,1573.31321745296,-171.626580268074,178.183013432947,1579.20708799486,0.328099995851517,0.38170000910759,0.864099979400635,99.6399993896484,90.7200012207031,220.539993286133
17686.8592049,1174.2,-0.0111937997862697,0.0364591985940933,0,-28.5548261209449,-34.4409148827293,1819.90699411883,103.751565693079,-15.6758628580069,1801.59921684682,241.085878434782,176.351562465045,1573.40101370291,-171.294442935073,178.928637870881,1579.20519813692,0,0,0,0,0,0
17686.8842547,1171.2,-0.0114443581551313,0.0362024664878845,0,-28.6252459685087,-34.408299219879,1819.89879840008,103.70875081922,-15.6997769038839,1801.61418001159,241.122705043273,176.2876168037,1573.40702380363,-171.286231907581,178.989889265095,1579.21714574743,0.188400000333786,0.462900012731552,0.866100013256073,0,0,0
17686.8949037,1168.2,-0.0111375767737627,0.0361310973763466,0,-28.7646853123962,-34.3449447822571,1819.89798163715,103.582936260821,-15.7372889308539,1801.6141794689,241.202672191515,176.155400882277,1573.43472010093,-171.236177270827,179.112234499887,1579.25565491636,0,0,0,0,0,0
17686.9055309,1165.2,-0.0114510096609592,0.0358644559979439,0,-29.4727005830728,-33.9717319885819,1819.90141937374,102.964335652301,-16.0207850017616,1801.72374318415,241.560287557066,175.542339904727,1573.45686711443,-170.926687369439,179.862500603941,1579.45116805294,0,0,0,0,0,0
17686.9161805,1162.2,-0.011714156717062,0.0372348487377167,0,-29.9906744772571,-33.7312427188046,1819.92905864325,102.50107558826,-16.3905961092657,1801.82314543236,241.666682529458,175.110228493305,1573.4383558958,-170.774416542354,180.21004458914,1579.6114357406,0,0,0,0,0,0
17686.9267645,1159.2,-0.0113517232239246,0.0364285320043564,0,-30.2966226190885,-33.6241604510454,1819.92009082393,102.234771042147,-16.5445509686488,1801.89316322854,241.736163891723,174.896714552946,1573.44844576756,-170.691482742036,180.35819840531,1579.69769567368,0,0,0,0,0,0
17686.9436019,1156.2,-0.0113093629479408,0.0354524537920952,0,-30.4188762139225,-33.584195717787,1819.93155750154,102.161282505215,-16.6114594411274,1801.92297804193,241.74428779103,174.806576520531,1573.44166770878,-170.648906428771,180.42791589784,1579.73893767432,0.306400001049042,0.248099997639656,0.919000029563904,0,0,0
17686.9541538,1153.2,-0.0105492817237973,0.0358125925064087,0,-31.0761390193422,-33.3845405749019,1819.98267946218,101.480899768151,-16.9044323176654,1801.96694960598,241.902154427751,174.29495790975,1573.45455181917,-170.372813393988,180.903783719498,1579.88942110432,0,0,0,0,0,0
17686.9647146,1150.2,-0.0109805464744568,0.0348282366991043,0,-31.3942406494893,-33.3001745634427,1820.02938075332,101.093089626723,-17.1044363027716,1801.98683186075,241.973146543554,174.003414758808,1573.47764385278,-171.035025644265,181.164942947919,1580.38057707362,0,0,0,0,0,0
17686.9754308,1147.2,-0.00997706409543753,0.0366517961025238,0,-31.664810340993,-33.2106835977103,1820.0604475567,100.818246534427,-17.2306018636336,1802.03936212513,242.038368199922,173.813133217544,1573.48716232933,-170.990441073994,181.288007945054,1580.43881559713,0,0,0,0,0,0
17686.9860313,1144.2,-0.00961501151323318,0.0373984783887863,0,-31.9783863926085,-33.1250121360242,1820.07873653279,100.548587156807,-17.392909233332,1802.06636158786,242.11936488907,173.619756488056,1573.51030910227,-170.792950829155,181.433786407425,1580.42600795183,0,0,0,0,0,0
17686.9966227,1141.2,-0.00979465059936047,0.0369760975241661,0,-32.2545572065108,-33.0751563502766,1820.09439813485,100.273298686669,-17.6427988406677,1802.0802973624,242.184004663915,173.442005110683,1573.52829262951,-170.950019420615,181.501463428113,1580.57716062216,0,0,0,0,0,0
17687.0071332,1138.2,-0.0105330366641283,0.0357769042253494,0,-32.6075424857835,-33.0255049286815,1820.08376546641,99.9728284368873,-17.9124302725464,1802.10477523552,242.248541053771,173.274462760348,1573.54719353799,-170.664298551429,181.673832222458,1580.5279269628,0,0,0,0,0,0
17687.0185822,1135.2,-0.00969094876199961,0.0366189613938332,0,-32.7365291980124,-32.9978180364008,1820.0991705347,99.8851547045897,-18.0009565414625,1802.11096137959,242.27903904129,173.213522181334,1573.55446225323,-170.617015691336,181.723224555781,1580.5317350751,0.337500005960464,0.340000003576279,0.877799987792969,72.9400024414062,77.2200012207031,247.039993286133
17687.0290676,1132.2,-0.00916778296232224,0.0366109445691109,0,-33.256103229847,-32.8909919560347,1820.08944512851,99.4406952428113,-18.3110997996121,1802.1133968371,242.356915870298,172.904609612206,1573.58816972158,-170.631882420093,181.909375573233,1580.66732647024,0,0,0,0,0,0
17687.0435627,1129.2,-0.00961442291736603,0.0373029470443726,0,-33.360974630381,-32.8679307875829,1820.06454469317,99.2894837206193,-18.346011928859,1802.07876702471,242.375872735184,172.84521195986,1573.59518767576,-170.565831596096,181.9816453676,1580.65232079247,0.282200008630753,0.365299999713898,0.887099981307983,0,0,0
17687.0541404,1126.2,-0.00941894575953484,0.0374538213014603,0,-33.7979878849186,-32.7785178451497,1820.03358134257,98.8317381483098,-18.6729352308737,1802.02537720456,242.462617880503,172.541775457612,1573.56676155664,-170.425717682231,182.21350231343,1580.66345623636,0,0,0,0,0,0
17687.0647711,1123.2,-0.00920077413320541,0.0385082460939884,0,-34.3814561609912,-32.6849548840049,1819.91735889371,98.2799847272795,-19.0710003654745,1801.9801023545,242.556365178176,172.204018651116,1573.50220041835,-170.436534085849,182.463409744501,1580.71397594648,0,0,0,0,0,0
17687.0752984,1120.2,-0.00822745729237795,0.0372657984495163,0,-34.6342883355411,-32.6059507099281,1819.88618303164,97.9455682016767,-19.3204246425204,1801.96620511538,242.610212531617,172.075663188311,1573.46501370285,-170.364254731673,182.593646786542,1580.70425826118,0,0,0,0,0,0
17687.0937335,1117.2,-0.0100428899750113,0.0401692152023315,0,-34.7066996594814,-32.5838796307294,1819.9007902887,97.8366378950254,-19.3857957543202,1801.95717814413,242.621523645793,172.024829044371,1573.45278995898,-170.371387279128,182.62210495374,1580.73309031564,0.229699999094009,0.409000009298325,0.883099973201752,0,0,0
17687.1042842,1114.2,-0.00823761522769928,0.0381575547158718,0,-35.4684659830318,-32.453614947021,1819.78576539267,97.2069260457823,-19.9203772754654,1801.92814155627,242.778415259546,171.642039900687,1573.35772225921,-171.942853914932,182.660475131427,1581.49241459255,0,0,0,0,0,0
17687.1186378,1111.2,-0.00804981682449579,0.0402315840125084,0,-35.8524404668252,-32.3956782531592,1819.73105534393,96.7538155445173,-20.0898923217964,1801.90642540633,242.91596779107,171.464543394352,1573.31065613479,-171.76344426116,182.898963741017,1581.45052649396,0.301800012588501,0.409999996423721,0.860700011253357,99.3399963378906,101.019996643066,235.380004882812
17687.1292369,1108.2,-0.00965036824345589,0.0371645525097847,0,-36.06975797565,-32.366795961149,1819.65326882791,96.5678532430743,-20.1958590447208,1801.89522864569,242.973996218362,171.354652173437,1573.29753818631,-171.730302044259,183.037390412781,1581.43638954835,0,0,0,0,0,0
17687.1512047,1105.2,-0.00871950667351484,0.0394669197499752,0,-36.1354089619832,-32.3731556134836,1819.67144941317,96.4794070300228,-20.2663437601226,1801.88921081221,243.010690909162,171.30387723008,1573.28300730622,-171.715312827099,183.092922461928,1581.44713309343,0.372000008821487,0.406300008296967,0.83459997177124,86.9199981689453,101.709999084473,240.710006713867
17687.1617698,1102.2,-0.008679224178195,0.037645934522152,0,-36.5212416604237,-32.2735034772526,1819.59598541096,96.087558265118,-20.5865260273025,1801.86097932575,243.20916889537,171.044084293916,1573.23497622528,-171.470259799363,183.441833383297,1581.3685829186,0,0,0,0,0,0
17687.1724202,1099.2,-0.00794949382543564,0.038518863171339,0,-37.01027619985,-32.1621198731118,1819.54600118237,95.5219743590973,-20.9573791081267,1801.87113888575,243.442676907479,170.696597031838,1573.19926920077,-171.365218103575,183.784479231769,1581.40481310945,0,0,0,0,0,0
17687.1830361,1096.2,-0.00837588496506214,0.0377961754798889,0,-37.3886420851024,-32.053972686262,1819.46434417734,95.1598245973651,-21.2160092452423,1801.84239869683,243.608491826909,170.460609715027,1573.13263048266,-171.216687350297,184.039541632896,1581.36261699222,0.414799988269806,0.279000014066696,0.866100013256073,124.040000915527,92.3300018310547,247.740005493164
17687.193668,1093.2,-0.00917360000312328,0.0377351887524128,0,-37.8277372797411,-31.9153632311805,1819.38830211779,94.7927832093317,-21.3794759864812,1801.77770189419,243.825322646564,170.172118162337,1573.02101444334,-170.959027808656,184.323524839671,1581.30042882425,0,0,0,0,0,0
17687.2042471,1090.2,-0.00889540370553732,0.0373399838805199,0,-38.0420885040204,-31.8504589965054,1819.31019934033,94.585564963656,-21.5143727604758,1801.77842542464,243.932302187417,170.001133036048,1572.92875942144,-170.851301313675,184.480534073898,1581.27778715521,0,0,0,0,0,0
17687.2179031,1087.2,-0.00901993550360203,0.0366560354828835,0,-38.2761548969816,-31.7095555763221,1819.19309663203,94.2212217384044,-21.7558448636153,1801.76070161306,244.090343095678,169.79740993215,1572.8068045428,-170.671883049868,184.722309833271,1581.22614899969,0.374000012874603,0.330199986696243,0.866699993610382,313.220001220703,330.070007324219,744.880004882812
17687.228439,1084.2,-0.00900228507816792,0.0362733215093613,0,-38.4271392146016,-31.6380921101575,1819.13625931363,94.0209392074086,-21.8310323816806,1801.72870243165,244.165662839559,169.716525743874,1572.74641763916,-170.609655468104,184.831277033854,1581.23066430951,0,0,0,0,0,0
17687.239062,1081.2,-0.0105995610356331,0.0376385621726513,0,-38.6443169868423,-31.5460982628033,1819.09456032,93.8395192176723,-21.9306605796315,1801.72016947479,244.287894431268,169.600921700339,1572.66862890365,-170.456312355683,184.971603198448,1581.18423671393,0,0,0,0,0,0
17687.2496688,1078.2,-0.0093004135414958,0.0360122680664063,0,-38.8713980213101,-31.3981327885053,1819.0641626804,93.639788687927,-22.1000012986627,1801.72328084259,244.397474946905,169.489560282192,1572.59658413425,-170.358434631821,185.116104306283,1581.15127849519,0,0,0,0,0,0
17687.2603034,1075.2,-0.0100516155362129,0.0361024647951126,0,-39.1945499551543,-31.2099401718521,1818.977991383,93.2334966080741,-22.3569376238431,1801.68603755522,244.586840464781,169.262784641863,1572.48075860798,-170.097119726858,185.29599890388,1581.02510330887,0,0,0,0,0,0
17687.2716024,1072.2,-0.00957231968641281,0.0358986094594002,0,-39.2840758915272,-31.1807843479775,1818.94877229155,93.2006567663675,-22.4717419156367,1801.71905556297,244.624909180162,169.232406698245,1572.46391422985,-170.033627747385,185.349391256206,1581.0034690405,0,0,0,0,0,0
17687.2849546,1069.2,-0.0101525690406561,0.0354362934827805,0,-39.3763854119027,-31.1483770523408,1818.93137196598,93.1161525350053,-22.508104906901,1801.70439538951,244.660262006104,169.176367585268,1572.44219800532,-169.977370306483,185.388855122306,1580.9895219897,0.332199990749359,0.344900012016296,0.877900004386902,155.229995727539,149.529998779297,382
17687.2954401,1066.2,-0.0099630756303668,0.03460913002491,0,-39.7897796826671,-31.0193315440404,1818.8859790978,92.7525016103025,-22.7391305488117,1801.69303434133,244.872863437123,168.968343515445,1572.36333229777,-169.737181861871,185.568613675385,1580.87772220974,0,0,0,0,0,0
17687.30809,1063.2,-0.0119701307266951,0.0369315654039383,0,-39.8442166213385,-31.0014579850433,1818.87296094001,92.6978826162391,-22.764174762173,1801.69230700416,244.908270798281,168.921087901474,1572.34890065859,-169.691052324275,185.63751069859,1580.85275454168,0.309399992227554,0.420199990272522,0.853100001811981,0,0,0
17687.3185925,1060.2,-0.0111765200272202,0.0366708621382713,0,-40.4790634127893,-30.6773579310106,1818.85430857558,92.0801752026729,-23.0848109984216,1801.74748925897,245.337467856607,168.57040812519,1572.16725949173,-169.14318782835,185.960908985988,1580.61237398435,0.394800007343292,0.342200011014938,0.85259997844696,89.6900024414062,77.75,195.460006713867
17687.329089,1057.2,-0.0104704862460494,0.0376219511032105,0,-40.6079906463586,-30.5952342559946,1818.84540340942,91.9435713654767,-23.1683226549011,1801.75956512105,245.445197195708,168.499840143017,1572.13435584156,-169.024621752469,186.032682159381,1580.60406844888,0,0,0,0,0,0
17687.3396396,1054.2,-0.0108566740527749,0.0377113692462444,0,-40.8380998237971,-30.4961243575608,1818.87184500195,91.7341322277424,-23.2883648016312,1801.81069966265,245.639888980838,168.392014254457,1572.10521774155,-168.888705889586,186.133814319012,1580.58414910384,0,0,0,0,0,0
17687.3501693,1051.2,-0.0119816195219755,0.0367574453353882,0,-41.0483467958666,-30.4116322439146,1818.86683374024,91.5159587957695,-23.4275443415771,1801.86242497436,245.818203442544,168.263724808631,1572.04942140428,-168.745641688926,186.282662529916,1580.59592079425,0,0,0,0,0,0
17687.360796,1048.2,-0.0113592902198434,0.0362537711858749,0,-41.2188464774591,-30.28838924895,1818.87596490494,91.3567893974995,-23.5789497435954,1801.9379880565,245.975315243381,168.130644566741,1572.02638850828,-168.627365921513,186.42755314117,1580.66034369182,0,0,0,0,0,0
17687.371342,1045.2,-0.0115471240133047,0.0362191930413246,0,-41.3834761495082,-30.1741515804268,1818.86146356622,91.2151083025851,-23.6709435963439,1801.99527799138,246.124732066518,167.970057662593,1572.00527617429,-168.481046546439,186.54047991913,1580.69883327725,0,0,0,0,0,0
17687.3819128,1042.2,-0.0118676479905844,0.0355722293257713,0,-41.538563089083,-30.091772510173,1818.8615140991,91.0242721605562,-23.8193515888995,1802.0431776534,246.206651789047,167.819104954116,1571.96891480901,-168.338745136923,186.663697012859,1580.73938108511,0,0,0,0,0,0
17687.3924554,1039.2,-0.0122652668505907,0.0357940554618836,0,-41.7336144273157,-29.9599045741762,1818.86885056295,90.7972009136331,-24.0943434793993,1802.08385893152,246.385765125479,167.537483062373,1571.91020326613,-168.156488443334,186.854756388392,1580.86338799232,0,0,0,0,0,0
17687.4030612,1036.2,-0.0120857460424304,0.0371137171983719,0,-41.9228199709667,-29.9019634800835,1818.90448064874,90.6533673968718,-24.2086710396136,1802.09548839756,246.470800989971,167.353283431963,1571.86513992041,-168.055433086379,186.920851520672,1580.92385509147,0,0,0,0,0,0
17687.4136549,1033.2,-0.0119264842942357,0.0351393207907677,0,-41.9645005139302,-29.8727385508977,1818.92507790431,90.6048513188556,-24.2353354655245,1802.096407038,246.511051302473,167.28678767999,1571.85190815346,-168.021135938035,186.949209068216,1580.95595030561,0,0,0,0,0,0
17687.4242609,1030.2,-0.0117044430226088,0.0357567131519318,0,-42.1889256151286,-29.7461635424178,1819.00357942067,90.3819334400936,-24.4511952652838,1802.15247656568,246.673906836511,166.865855028966,1571.76748584191,-167.835377240695,187.113836549721,1581.05191290699,0,0,0,0,0,0
17687.4381251,1027.2,-0.0116780921816826,0.0370568096637726,0,-42.2395915089159,-29.7001736422446,1819.0264326399,90.3341259381561,-24.4640703794524,1802.15650191005,246.694377200415,166.797936735411,1571.7500501094,-167.791350678565,187.119052456066,1581.04501533077,0.328299999237061,0.293900012969971,0.897700011730194,163.600006103516,185.809997558594,460.049987792969
17687.4489665,1024.2,-0.0128415459766984,0.0378916211426258,0,-42.3779672116846,-29.6413814820363,1819.10166951184,90.1427448979714,-24.6294171520081,1802.19025052009,246.788257448581,166.447646855538,1571.63570261637,-167.657505323223,187.148110747628,1581.08048341094,0,0,0,0,0,0
17687.459661,1021.2,-0.0119292363524437,0.0369133412837982,0,-42.4742071106497,-29.584693109847,1819.16247603864,89.9811077635312,-24.8041711445773,1802.22599234469,246.819544528947,166.250809306863,1571.54438298386,-167.547966111906,187.155164670682,1581.09232514407,0,0,0,0,0,0
17687.4703836,1018.2,-0.0122155519202352,0.0366677477955818,0,-42.6372953096684,-29.519245989488,1819.23024851718,89.8434375292425,-24.9992298061845,1802.24227364729,246.851083783722,166.058234134518,1571.45036611818,-167.495986055337,187.150923667713,1581.09739777908,0,0,0,0,0,0
17687.4810565,1015.2,-0.0122575992718339,0.0368088394403458,0,-42.7515817805514,-29.448692323184,1819.23339231103,89.7109927437005,-25.1765165759704,1802.25630880095,246.913210221521,165.862935741525,1571.34118311578,-167.448753536862,187.138974491707,1581.11731352498,0,0,0,0,0,0
17687.4989358,1012.2,-0.0111769158393145,0.0376499056816101,0,-42.7951808758964,-29.442003360408,1819.23883852528,89.6642500521086,-25.2302680519012,1802.26814470264,246.94144825912,165.796320078873,1571.30243709514,-167.42715533365,187.163343338441,1581.12009305365,0.196700006723404,0.493699997663498,0.847100019454956,0,0,0
17687.5095234,1009.2,-0.011933877132833,0.037249206006527,0,-43.1729688151217,-29.3608667191506,1819.24413303241,89.2635341078939,-25.6970785852843,1802.21471724863,247.11721831743,165.269076460701,1570.96775708187,-167.273087722164,187.104790680936,1581.21522586939,0.275299996137619,0.369300007820129,0.887600004673004,122.480003356934,155.850006103516,362.559997558594
17687.5201954,1006.2,-0.0118946824222803,0.0374592825770378,0,-43.3533458839697,-29.334114302682,1819.18131038621,89.0852103383433,-25.9239000225078,1802.14357450198,247.188585273355,165.116682710103,1570.85576750403,-167.170355786566,187.080660087724,1581.23524707815,0,0,0,0,0,0
17687.530815,1003.2,-0.0121077504009008,0.037691941857338,0,-43.3883106300459,-29.3511814357289,1819.18673517916,89.0333519798356,-25.9751036739539,1802.12500980442,247.192621723327,165.076979429312,1570.82811966775,-167.220106824222,187.081644745724,1581.29635076444,0,0,0,0,0,0
17687.551272,1000.2,-0.0117129012942314,0.0372114390134811,0,-43.417923520403,-29.339924301756,1819.16470336863,88.9673194995659,-26.0051237037464,1802.07118744113,247.20832890518,165.028757606714,1570.80788847425,-167.219394644637,187.077671579173,1581.28693827456,0,0,0,151.440002441406,165.710006713867,350.25
17687.5619459,997.2,-0.0114776026457548,0.0371354430913925,0,-43.8365407533887,-29.3771541643181,1819.02832667775,88.6073685118924,-26.4258683549207,1801.89989467313,247.283181439102,164.757352323222,1570.5978418908,-167.088174065136,187.068615062184,1581.40736164868,0,0,0,0,0,0
17687.5725087,994.2,-0.0110567295923829,0.0359239116311073,0,-44.002042240899,-29.4045666460146,1818.9571632756,88.4626703664664,-26.609170715862,1801.79555047129,247.301004012918,164.674937579423,1570.52359651943,-167.095055146058,187.024835438898,1581.41800824735,0,0,0,0,0,0
17687.5832215,991.2,-0.0121953254565597,0.0368769973516464,0,-44.132623345109,-29.4559487499957,1818.88505414103,88.3343228235227,-26.8107533139655,1801.72288474912,247.325888111395,164.584947079865,1570.45572284591,-167.06717807541,187.034559591546,1581.44387239075,0,0,0,0,0,0
17687.5938453,988.2,-0.0116754109039903,0.0371073618531227,0,-44.3445741847165,-29.5337245366321,1818.80287237416,88.3420429113865,-27.7774350063485,1801.75141946279,247.343565528231,164.403206625949,1570.33052617631,-167.04914652164,186.924436680838,1581.46070305023,0,0,0,0,0,0
17687.6044076,985.2,-0.0115251941606402,0.0358105137944222,0,-44.484676330491,-29.5772924299614,1818.78091997329,87.9734840906936,-27.4517448422389,1801.56408271304,247.396048808214,164.303244798593,1570.27589336397,-167.043518148616,186.865244584842,1581.44754619007,0,0,0,0,0,0
17687.6389895,982.2,-0.0128017077222466,0.03844273686409,0,-44.5002981551223,-29.5920538484297,1818.77448506611,88.0309896512529,-27.7923166420724,1801.59418612685,247.386202998535,164.271674799737,1570.2642783834,-167.057242154083,186.837498015479,1581.46158244701,0.166299998760223,0.504100024700165,0.847500026226044,0,0,0
17687.6497148,979.2,-0.0114082181826234,0.0382360428571701,0,-44.5989679932444,-29.6864289342764,1818.71102318091,87.6889138831344,-27.785720127855,1801.46144234272,247.345684372005,164.125057622941,1570.17375822598,-167.050945086659,186.696138895563,1581.47844127664,0,0,0,0,0,0
17687.660467,976.2,-0.0119109759107232,0.0377533979713917,0,-44.8682683917614,-29.8148796922692,1818.70933008588,87.4272558809443,-27.994455109056,1801.41323937398,247.271604333837,163.96653695608,1570.0644184069,-167.078688075726,186.54340178249,1581.52180090877,0,0,0,0,0,0
17687.6840958,973.2,-0.0123689230531454,0.0374205619096756,0,-44.9428694663329,-29.8220993614338,1818.68997786694,87.3944302395558,-28.0645534472802,1801.4097606797,247.26711316306,163.93737719795,1570.04704261482,-167.094861985727,186.509741686834,1581.53381194933,0.13400000333786,0.5557000041008,0.820500016212463,0,0,0
17687.694712,970.2,-0.0111264837905765,0.0387047998607159,0,-45.1188345694575,-29.9229742821112,1818.68468795024,87.3125316745529,-28.8341179668688,1801.42643798586,247.218680197461,163.777945085164,1569.99108930247,-167.129876807073,186.375485169994,1581.61066419778,0,0,0,0,0,0
17687.7053305,967.2,-0.0111111300066113,0.0395217821002007,0,-45.3068656925869,-30.0102981202735,1818.66303706936,87.0523967579111,-29.3138465188338,1801.39148616642,247.089213354621,163.604508963695,1569.90828750682,-167.223422410161,186.22774546249,1581.66482002074,0,0,0,0,0,0
17687.7159033,964.2,-0.0101985149085522,0.0397387728095055,0,-45.4351011591399,-30.1255275683428,1818.63731334223,86.7952944153551,-29.8499120586365,1801.29944086381,246.947960893612,163.375419570621,1569.82553741995,-167.328408276662,186.102125668939,1581.72954319106,0,0,0,0,0,0
17687.7360162,961.2,-0.0106548378244042,0.0396465420722961,0,-45.4642206586145,-30.1482502772312,1818.62913940944,86.9391137927039,-30.1223738565273,1801.4222853502,246.927644225746,163.34130752431,1569.82488835542,-167.323566627124,186.086256275376,1581.73410526733,0.139300003647804,0.54559999704361,0.826399981975555,0,0,0
17687.7466197,958.2,-0.00954603310674429,0.0385914169251919,0,-45.6771193957328,-30.2036805484558,1818.65332094178,86.5841342163948,-29.8542312850889,1801.34323938123,246.83452648281,163.150849277449,1569.77751540728,-167.404095611369,186.007618676741,1581.77399824,0,0,0,0,0,0
17687.7572741,955.2,-0.0103586819022894,0.0401005506515503,0,-45.789345418197,-30.2360203780432,1818.64332873777,86.4049450904193,-29.7800275241888,1801.27685881476,246.791142103809,163.048816853043,1569.76142106617,-167.489049174968,185.970497510152,1581.81184270066,0,0,0,0,0,0
17687.7679183,952.2,-0.00756851490586996,0.043238127976656,0,-46.2880529012872,-30.388837054402,1818.67629062377,86.0704205886737,-30.3811044025591,1801.26277000565,246.678589220153,162.714693508927,1569.69323315371,-167.588095972464,185.903883232478,1581.86979594698,0,0,0,0,0,0
17687.7790254,949.2,-0.00892606750130653,0.0432598687708378,0,-46.4030881942838,-30.4123944962381,1818.69627984813,85.5693159167396,-29.7856111818106,1801.06874103486,246.665819049345,162.57857520245,1569.68397476131,-167.607806082733,185.902347985418,1581.8880401461,0,0,0,0,0,0
17687.7896222,946.2,-0.00867854617536068,0.042260704934597,0,-46.6239327447596,-30.4160449852323,1818.70450158648,85.393536359949,-29.9031490465115,1801.07295960274,246.609909144884,162.385916659765,1569.67965274289,-167.630836675716,185.898461397965,1581.95029752166,0.209999993443489,0.450599998235703,0.867699980735779,125.860000610352,170.570007324219,358.660003662109
17687.8001613,943.2,-0.00855602603405714,0.0426407180726528,0,-46.6931096633442,-30.4035972765082,1818.71252964484,85.5718488972489,-30.5406555911571,1801.26294556047,246.57827069386,162.267031124977,1569.67989533874,-167.665192302538,185.919913961443,1581.98106374364,0,0,0,0,0,0
17687.8200289,940.2,-0.00831680186092854,0.0430650845170021,0,-46.6936836873611,-30.4080639742007,1818.7019608499,85.5798459328565,-30.7625177989164,1801.29487564203,246.577562130968,162.208700895564,1569.69236479489,-167.658359455191,185.925523350607,1581.99914147456,0.095100000500679,0.474299997091293,0.875199973583221,0,0,0
17687.8305729,937.2,-0.00837610196322203,0.0428792558610439,0,-46.8170698968975,-30.3952350898971,1818.7382035469,85.4283439973553,-30.7154367838096,1801.29999246533,246.583731981799,162.107681354959,1569.71067394137,-167.679615199421,185.941847126579,1582.01610303825,0,0,0,0,0,0
17687.8411704,934.2,-0.00862113386392593,0.0429740905761719,0,-46.9078533293593,-30.3815618844542,1818.74371226282,85.0757099701414,-30.2437639720354,1801.16835184336,246.569834565639,161.98662994867,1569.731732549,-167.669963086799,185.966690040485,1582.05854523374,0,0,0,0,0,0
17687.8517636,931.2,-0.00781891960650682,0.0447951912879944,0,-47.5327010379119,-30.2145396274885,1818.85112610624,84.848877826231,-31.4456312803289,1801.57091217079,246.554357302512,161.371925397873,1569.82053157254,-167.624417168322,186.160780014942,1582.16436860921,0,0,0,0,0,0
17687.8623756,928.2,-0.0075013255700469,0.0442596808075905,0,-47.759051572943,-30.0982227506024,1818.8757681671,84.5165971316378,-31.5454021660526,1801.6765446748,246.558009864245,161.059724940021,1569.86070134457,-167.529544120469,186.308248457338,1582.24925030748,0,0,0,0,0,0
17687.8729455,925.2,-0.00767008261755109,0.0441437944769859,0,-48.1489469402281,-30.0242456219121,1818.98410082119,84.3077318440617,-31.6182542678636,1801.73842491024,246.602706274187,160.865505325287,1569.8748553493,-167.497327235575,186.409957876392,1582.26018183011,0,0,0,0,0,0
17687.8835468,922.2,-0.00877543352544308,0.0460557773709297,0,-48.5145177060134,-29.8873142515237,1819.09272932317,84.1040390923016,-31.7170574592669,1801.83875740219,246.676384657813,160.567574604025,1569.90199647638,-167.391812023118,186.586484462646,1582.29975507234,0,0,0,0,0,0
17687.8941308,919.2,-0.0080750472843647,0.0451815709471703,0,-48.6632326155575,-29.7520788465237,1819.11453527778,83.846261346685,-31.7370425620528,1801.90410526345,246.756216493206,160.332180165344,1569.90963457944,-167.323339804036,186.698445451641,1582.28154028108,0,0,0,0,0,0
17687.9046618,916.2,-0.00756021915003657,0.0436197467148304,0,-48.8453744576985,-29.5975301241256,1819.1363367341,83.7161516235829,-31.8379425868527,1802.00003685583,246.830876118357,160.090091474828,1569.90380868951,-167.227323329589,186.849137149942,1582.27408375918,0,0,0,0,0,0
17687.9176595,913.2,-0.0078461142256856,0.045122342556715,0,-48.9818052688096,-29.4052700282387,1819.17299336187,83.5640203678047,-31.8953475426164,1802.05038707302,246.898004977144,159.834306250799,1569.88296109747,-167.17678730805,186.990145831633,1582.27141541828,0,0,0,0,0,0
17687.9510556,910.2,-0.0077424431219697,0.0442426785826683,0,-49.0316510110459,-29.380908323177,1819.18490299334,83.5487853565106,-31.941773119517,1802.12320435931,246.894532876818,159.745234916992,1569.86312210578,-167.149573476103,187.033372280991,1582.27250418046,0.167500004172325,0.475699990987778,0.863499999046326,0,0,0
17687.9616719,907.2,-0.0067851897329092,0.0466948360204697,0,-49.05116872389,-29.2841586736965,1819.16988158203,83.4223257648207,-31.9591577785209,1802.18377200305,246.92788260311,159.599145645264,1569.83453292408,-167.027150582453,187.142984311484,1582.244108301,0,0,0,0,0,0
17687.972264,904.2,-0.00765042612329125,0.0445489309728146,0,-49.4588246989317,-28.9123010076207,1819.27499750625,83.0002538737477,-31.9754669374938,1802.36272894815,247.008049474202,159.183974894403,1569.66493290649,-166.937879352286,187.378878579022,1582.17201929301,0,0,0,0,0,0
17687.9828853,901.2,-0.00791733432561159,0.0446338452398777,0,-49.7492484406958,-28.6706878261596,1819.32337461317,82.7265156962245,-31.995864126863,1802.50232699898,247.1306748377,158.840223565032,1569.53374668296,-166.790411998807,187.521288760597,1582.12907868276,0.028999999165535,0.546400010585785,0.837000012397766,0,0,0
17687.993486,898.2,-0.00778026320040226,0.044368127733469,0,-50.2927466386357,-28.3527071043702,1819.46548607163,82.3649500614301,-32.0368698658037,1802.59506631686,247.22535901331,158.497987197636,1569.36313614445,-166.673519633721,187.719907791909,1582.06928493445,0,0,0,0,0,0
17688.0041016,895.2,-0.00798375252634287,0.0446841105818749,0,-50.4433482583981,-28.059176497843,1819.44973876587,81.9539664809057,-31.975639169973,1802.6295759821,247.334918651154,158.278379109783,1569.26205967261,-166.578270021542,187.885261626391,1581.96332637032,0.0116999996826053,0.493400007486343,0.869700014591217,0,0,0
17688.0148837,892.2,-0.0075201359577477,0.0442245624959469,0,-50.6211150743765,-27.7071981471834,1819.45188992045,81.6255153371856,-32.048427502889,1802.73682801392,247.467970858379,157.987141998899,1569.14960999648,-166.398529009083,188.060973777376,1581.88798061751,0,0,0,0,0,0
17688.0489852,889.2,-0.00790148414671421,0.0447029754519463,0,-50.7468205099761,-27.6614375993344,1819.48952712573,81.4948167709491,-31.9277072298557,1802.70855600587,247.500862321121,157.939408074506,1569.13390893626,-166.365181211301,188.084110291995,1581.88514816439,0.0280000008642673,0.495400011539459,0.8682000041008,0,0,0
17688.0597591,886.2,-0.00813188962638378,0.0451732374727726,0,-50.952287354317,-27.5438803950718,1819.51734678299,81.4098407208706,-32.0161258353491,1802.7596549133,247.558939522683,157.840865773152,1569.08731547206,-166.339212249115,188.121833572762,1581.86358531375,0,0,0,0,0,0
17688.0702704,883.2,-0.00770165212452412,0.0449477270245552,0,-51.0947913301685,-27.3441111243356,1819.52551837586,81.1625185585253,-32.0103775691932,1802.79254431407,247.648562569242,157.691768224515,1569.03262769635,-166.240541394692,188.24219482116,1581.82687352265,0,0,0,0,0,0
17688.0955548,880.2,-0.00765944924205542,0.0439392723143101,0,-51.1487532689053,-27.3067717878493,1819.54605833646,81.0656203282495,-32.0643721767555,1802.7647142133,247.648768647586,157.640618116826,1569.01213953675,-166.187492144955,188.247669938645,1581.82582704532,0.0274999998509884,0.497099995613098,0.867200016975403,0,0,0
17688.1063635,960,-0.00789792835712433,0.0435046389698982,0,-54.2627936730753,-26.3949920309244,1820.43750434414,80.0592333661155,-32.2614663359431,1803.0544766378,248.011798926454,157.242923693344,1568.83705508288,-165.782384306441,188.426581651435,1581.83454414448,0,0,0,0,0,0
17688.118275,960,-0.00778829213231802,0.0439146555960178,0,-54.6259863431759,-26.0576515378701,1820.53123972281,79.8772235913652,-32.5551650580023,1803.28167806434,248.109919210063,157.195449498438,1568.82710031629,-165.662102281412,188.423907944052,1581.99570080757,0,0,0,0,0,0
17688.1288725,960,-0.00812204368412495,0.0431388936936855,0,-54.8180590107166,-25.9177127369413,1820.58329911112,79.9905032019262,-32.8306369377133,1803.41471425942,248.175693814959,157.190385869375,1568.83443706948,-165.580717563469,188.38152269593,1582.0131168341,0,0,0,0,0,0
17688.139475,960,-0.0082326028496027,0.0435606561601162,0,-55.2205212323826,-25.6096705295177,1820.7023311363,79.5948797742855,-32.8784509627375,1803.44232415518,248.332179049478,157.203331860142,1568.87047607651,-165.408820750424,188.356139219614,1582.10324483848,0,0,0,0,0,0
17688.1502418,960,-0.0085397083312273,0.04371023401618,0,-55.4818113862378,-25.376615373552,1820.80947886519,79.3848844042889,-32.9904510292193,1803.51795959905,248.424057913792,157.221822398973,1568.88949486389,-165.318373504352,188.308831697856,1582.15073501065,0.047800000756979,0.435600012540817,0.898899972438812,130.490005493164,139.029998779297,380.920013427734
17688.1607866,960,-0.00894703809171915,0.0439067281782627,0,-55.7361493458312,-25.0965122269216,1820.89303191022,79.0714839931405,-33.0689053914207,1803.61426654,248.557386968162,157.238830516203,1568.93617070265,-165.186205815771,188.264437946997,1582.19088516486,0,0,0,0,0,0
17688.1713901,960,-0.00894234236329794,0.0438487552106381,0,-55.8984285567139,-24.9177590151845,1820.96545651196,78.8969105150389,-33.1074703988614,1803.67370035998,248.626346073292,157.247900605461,1568.96045798256,-165.063689691446,188.229170298649,1582.17814739178,0,0,0,0,0,0
17688.1875337,960,-0.00890150107443333,0.0436743222177029,0,-55.9489116992904,-24.8984747433899,1820.97650088943,78.8635068557316,-33.1356081282292,1803.71440051106,248.654336835166,157.256393700876,1568.964995049,-165.059866103411,188.20162262611,1582.1878775414,0.067100003361702,0.48989999294281,0.869199991226196,0,0,0
17688.1982154,960,-0.00949226226657629,0.0435807503759861,0,-56.2373616644515,-24.6270830258283,1821.08982892877,78.6148043964543,-33.2202038516433,1803.81512430878,248.745198076748,157.296510396916,1569.01138378431,-164.907785904676,188.150339455457,1582.16049540716,0,0,0,0,0,0
17688.2170333,960,-0.00956451334059238,0.0441141150891781,0,-56.3282275277474,-24.5858962524259,1821.05127039857,78.5372341981436,-33.2234411160227,1803.80633653898,248.774044606249,157.301416585334,1569.02510874204,-164.85280396443,188.129493883721,1582.16160508829,0.0443000011146069,0.494199991226196,0.8682000041008,0,0,0
17688.227692,960,-0.00920673832297325,0.0419709928333759,0,-56.541924133728,-24.370392485999,1821.10566977708,78.2983123220551,-33.2541041999584,1803.94481520086,248.921592758027,157.364237542878,1569.05593224826,-164.727520996518,188.09875343406,1582.13067576736,0,0,0,0,0,0
17688.2383711,960,-0.0102045675739646,0.0439561627805233,0,-56.7324447715058,-24.2292314996046,1821.1731482457,78.1269679499488,-33.2722216141942,1804.01826639869,249.014813894859,157.403954956334,1569.07271240998,-164.661896143764,188.082141496526,1582.10204040793,0,0,0,0,0,0
17688.2488797,960,-0.010503713041544,0.0443463012576103,0,-56.8084401748018,-24.0827092384469,1821.12591816407,77.9463372520098,-33.2281742902549,1804.05771042576,249.108160406216,157.418265729234,1569.09115631024,-164.568444704911,188.10001328873,1582.06462565856,0,0,0,0,0,0
17688.2594937,960,-0.0101472046226263,0.0442143253982067,0,-56.8990008748802,-23.9258588347326,1821.11879908191,77.8111151837988,-33.2672504818905,1804.17684358338,249.222090496918,157.424417374315,1569.10127512291,-164.462865375084,188.101753474759,1582.04790245749,0,0,0,0,0,0
17688.270187,960,-0.00887285172939301,0.0428966045379639,0,-57.0393229552379,-23.7642249603983,1821.15182529741,77.5887421001499,-33.2467604911149,1804.21263556378,249.325680150383,157.433106830882,1569.09336331578,-164.380412671658,188.152405746239,1582.01987203314,0,0,0,0,0,0
17688.28076,960,-0.0103081120178103,0.04363809004426,0,-57.4424286414425,-23.2993545905691,1821.17460616751,77.1903720771527,-33.2553335393654,1804.4027321217,249.583110979003,157.4094218948,1569.0581277938,-164.100518260828,188.317583366976,1581.90107489224,0,0,0,0,0,0
17688.2913314,960,-0.00948388688266277,0.0444955475628376,0,-58.1955407196545,-22.7357066492152,1821.17637867953,76.5869448623195,-33.2236052605531,1804.5870052743,249.849920159614,157.317546925004,1568.94579327954,-163.779510173008,188.53694489691,1581.75666672382,0,0,0,0,0,0
17688.3019491,960,-0.01016881223768,0.0435209482908249,0,-58.416031886368,-22.5529222278493,1821.20377789135,76.3209374536482,-33.2288784293633,1804.62602905263,249.970459523231,157.28063596351,1568.92120733402,-163.643671718236,188.641675441278,1581.71683456651,0,0,0,0,0,0
17688.312516,960,-0.0100943641737103,0.0433902837336063,0,-58.4328647329153,-22.5180763790851,1821.16980298459,76.2453380086866,-33.2557401810246,1804.67074220654,250.01193486659,157.264108065759,1568.90845436236,-163.619353479506,188.651473592336,1581.71171219625,0,0,0,0,0,0
17688.3507833,960,-0.0104878507554531,0.0439442865550518,0,-58.558827475082,-22.4182400298192,1821.22191365641,76.1267718044192,-33.2581504864413,1804.67765938266,250.056862228924,157.255310299452,1568.89470116208,-163.587861570817,188.675730389127,1581.70342561935,0.104599997401237,0.454800009727478,0.884400010108948,0,0,0
17688.3613799,960,-0.010436880402267,0.0440015032887459,0,-59.0804828351759,-21.9250597916204,1821.32507597037,75.6479327758325,-33.2628247309582,1804.81254201299,250.240467069557,157.191947560687,1568.8553799631,-163.351534420671,188.777318610787,1581.67203450816,0,0,0,0,0,0
17688.3719727,960,-0.0100605152547359,0.0434247612953186,0,-59.8509639804879,-21.3024295769935,1821.49581124277,75.0431154300473,-33.3425622826281,1804.96252624319,250.447709262137,157.117071217121,1568.82579469772,-163.196123829256,188.878745787756,1581.70017996717,0,0,0,0,0,0
17688.3825382,960,-0.0100117111578584,0.0439018666744232,0,-60.6610558763956,-20.5091801747516,1821.62733541335,73.9665965424239,-33.4596822781509,1805.30738266111,250.79207708458,157.015269783937,1568.87459509985,-162.881611752459,188.95170265557,1581.69489377595,0,0,0,0,0,0
17688.393151,960,-0.011187769472599,0.0420022442936897,0,-61.3921548553327,-19.8926919973151,1821.78038436083,73.3441140224706,-33.547763963796,1805.54430753059,251.04404884634,156.951411005941,1568.91862115218,-162.526119892493,189.064839821048,1581.67676788929,0,0,0,0,0,0
17688.40372,960,-0.0116382241249084,0.042089568823576,0,-61.7327688934083,-19.6981139035559,1821.82097664942,72.9549318050207,-33.5792970746544,1805.61567105846,251.194631313538,156.922643033893,1568.95126650271,-162.435799273514,189.110576937055,1581.71681935657,0,0,0,0,0,0
17688.4142657,960,-0.01040696259588,0.0436116367578507,0,-62.0296131567103,-19.4670167690359,1821.85689604823,72.604131854809,-33.5933829200505,1805.6952860337,251.340723246008,156.884901932373,1568.98965827105,-162.326738295726,189.136367961988,1581.73685664654,0,0,0,0,0,0
17688.4500365,960,-0.0108269918709993,0.0432368688285351,0,-62.0281352468553,-19.4195076347202,1821.81222523938,72.4974383517067,-33.6255007108817,1805.702804021,251.368586773948,156.881379491046,1568.99468044436,-162.284125900956,189.147098411357,1581.72539613172,0,0,0,73.8899993896484,138.149993896484,392.5
17688.4608277,960,-0.011415128596127,0.0430300407111645,0,-63.2738427685729,-18.2239436054437,1821.99773532594,71.2454776619061,-33.7102929357611,1805.92434465039,251.965124081572,156.714225632557,1569.173692872,-161.73050224229,189.434693110234,1581.82225688247,0,0,0,0,0,0
17688.4714195,960,-0.0109633887186646,0.0424511417746544,0,-63.323766788265,-18.2519886634726,1821.91714804835,71.1444650493697,-33.6941058788891,1805.94145726548,251.9928144987,156.716458673102,1569.17681341329,-161.642253515992,189.474048890855,1581.80310194817,0,0,0,0,0,0
17688.4839213,960,-0.0114324688911438,0.0427195452153683,0,-63.3582301212417,-18.2333430637341,1821.90078415263,71.0632364066488,-33.7222558185083,1805.95809008837,252.034118400418,156.707940729714,1569.19322551568,-161.576171383024,189.498095527899,1581.79755694413,0.0771000012755394,0.457199990749359,0.885999977588654,65.0599975585938,180.869995117188,373.890014648438
17688.4944228,960,-0.0113735739141703,0.04253895804286,0,-63.6635990237667,-17.9618431243178,1822.04934232364,70.8775885552615,-33.7360003409576,1806.00246099424,252.149644912225,156.693523593128,1569.21556059795,-161.471149571199,189.546221756025,1581.80182534029,0,0,0,0,0,0
17688.5059105,960,-0.0114630302414298,0.0428310208022595,0,-63.7196032142747,-17.6106489734622,1822.02289132379,70.5718904055086,-33.7444915326295,1806.0373358926,252.260459768755,156.676381874769,1569.22607782593,-161.325398799204,189.649978184385,1581.77735323694,0,0,0,0,0,0
17688.5164764,960,-0.0123875625431538,0.0440953284502029,0,-64.5743724183179,-16.8648111120897,1822.33670963513,69.9611182815907,-33.7195415689498,1806.11885753891,252.52511503613,156.68735534316,1569.23344484547,-161.089077535186,189.776437423204,1581.74946106213,0,0,0,0,0,0
17688.5362173,960,-0.0108339069411159,0.0429119974374771,0,-64.6371057478698,-16.8228315981057,1822.3542237106,69.9077807493418,-33.7476340070182,1806.16375784205,252.5355177369,156.668353187797,1569.2275218435,-161.021781507885,189.77768611486,1581.74735998109,0.106200002133846,0.538900017738342,0.83569997549057,0,0,0
17688.5471107,960,-0.0115631278604269,0.0426033422350884,0,-65.207761939653,-16.1610868450216,1822.53488954782,69.487026995475,-33.7285756694837,1806.24971818763,252.726029524354,156.667994859519,1569.1853929373,-160.80501317962,189.928337210712,1581.70514215254,0,0,0,0,0,0
17688.5577314,960,-0.0106146167963743,0.0435158707201481,0,-65.2806304675439,-15.9347722294306,1822.49044141855,69.2879429283372,-33.6978271232016,1806.29442630272,252.841185759341,156.667460694152,1569.15967596776,-160.700323265317,190.033739579326,1581.67786098393,0,0,0,0,0,0
17688.5684798,960,-0.00945921894162893,0.0433902725577354,0,-65.4172774101793,-15.7610717940854,1822.52554243866,69.1276418759937,-33.6583523558575,1806.32982842376,252.955209512464,156.676178393756,1569.11588403712,-160.562780297894,190.097144578559,1581.67978500235,0,0,0,0,0,0
17688.5790772,960,-0.0109277069568634,0.0430570565164089,0,-65.4776537892948,-15.6068421273068,1822.53823365511,69.0585439482472,-33.6581645110846,1806.37528205901,253.098215707222,156.691887747305,1569.07254390532,-160.404914615799,190.169487768405,1581.68272863936,0,0,0,0,0,0
17688.5896993,960,-0.0106153897941113,0.0428182169795036,0,-65.5547541656209,-15.3602895113732,1822.54029551534,69.0107002219888,-33.5411697808137,1806.37486734164,253.340705871201,156.751725511827,1568.98796960225,-160.201998762351,190.287236181427,1581.73235366492,0,0,0,0,0,0
17688.6002927,960,-0.0106417052447796,0.0422897547483444,0,-65.3682701874718,-15.181407708133,1822.46123414193,69.2627003647143,-33.3954738313653,1806.39721419773,253.726223699317,156.905437019028,1568.88370831635,-159.902313379766,190.408313174384,1581.7692433498,0,0,0,0,0,0
17688.6108943,960,-0.0107814436778426,0.0424317590892315,0,-65.360297941398,-15.1735017396606,1822.46738624149,69.3311765644644,-33.3779270509757,1806.40110269388,253.767323238099,156.907340529975,1568.87970872984,-159.878618868672,190.424837086066,1581.7864220251,0,0,0,0,0,0
17688.6215346,960,-0.0111655844375491,0.0423363320529461,0,-64.9960344400175,-15.1546397951585,1822.40348707129,69.6949275206709,-33.2561218125198,1806.35570997495,253.969277312297,156.982831255503,1568.85125555008,-159.68248253272,190.497305604954,1581.833532702,0,0,0,0,0,0
17688.6321586,960,-0.0105883786454797,0.0417052045464516,0,-64.9288843055195,-15.1318672327241,1822.37131162811,69.7872355419315,-33.2370105435461,1806.35219023808,254.019372188879,157.009233173514,1568.8492693212,-159.637770111534,190.52338745147,1581.82992351352,0,0,0,0,0,0
17688.6428319,960,-0.0108437202870846,0.0413076937198639,0,-64.6883409398406,-15.1826895585259,1822.35098446761,70.0191548463128,-33.1595583819033,1806.30774397107,254.109142636523,157.045324385393,1568.8473106224,-159.514978583755,190.578805960961,1581.83981477371,0,0,0,0,0,0
17688.6536546,960,-0.0109558757394552,0.0420256167650223,0,-64.4054641355373,-15.2385817247728,1822.32899878412,70.2425924961897,-33.0975423669284,1806.26950638104,254.224969154903,157.123238804782,1568.8472786905,-159.433154946308,190.611026947245,1581.86302196499,0,0,0,0,0,0
17688.6642186,960,-0.0112293157726526,0.041318403929472,0,-63.831262173085,-15.2983429650171,1822.32606127281,70.8835037842591,-32.9941538200654,1806.18450064582,254.443670400753,157.256618465215,1568.84741905036,-159.187844207377,190.748171126484,1581.83399245538,0,0,0,0,0,0
17688.6748109,960,-0.0108728818595409,0.0419175051152706,0,-63.5779744090753,-15.3439263087437,1822.30665466167,71.1810852253508,-32.9229060764422,1806.12604377535,254.55678669392,157.345814736631,1568.84657761606,-159.052600947688,190.810128891002,1581.83957974079,0,0,0,0,0,0
17688.6853605,960,-0.0118118776008487,0.041480178385973,0,-63.2550375986347,-15.4244935465219,1822.29379445011,71.4988582505904,-32.8435373102796,1806.04678570534,254.661295667887,157.433276232942,1568.83968542611,-158.919112065016,190.84391036074,1581.84079902441,0,0,0,0,0,0
17688.6978513,960,-0.0111277643591166,0.0412954263389111,0,-62.7427038350062,-15.486281151913,1822.24487152408,71.9978240399007,-32.7416512688352,1805.93014223824,254.828365366853,157.599123166592,1568.81705529209,-158.734758646444,190.917709534468,1581.89086342104,0.532700002193451,0.00789999961853027,0.846300005912781,190.009994506836,161.339996337891,330.910003662109
17688.708485,960,-0.0108648408204317,0.0416266903281212,0,-62.3953367100452,-15.5899762572929,1822.2220843828,72.3589924486359,-32.6767797694085,1805.84453908171,254.975508279522,157.741693712217,1568.78690829753,-158.66155149883,190.952892824582,1581.93894012351,0.470299988985062,0.309300005435944,0.826499998569489,193.149993896484,160.119995117188,328.540008544922
17688.7190956,960,-0.0115032466128469,0.040961167216301,0,-62.1778643045734,-15.6128055832374,1822.19831748713,72.607417457808,-32.6283102723769,1805.81170639837,255.058434243692,157.843966223078,1568.7699414254,-158.574026620345,190.953703456391,1581.96266146072,0,0,0,0,0,0
17688.7508132,960,-0.0108783040195704,0.0414020292460918,0,-62.0512112127149,-15.6291447696221,1822.18780162074,72.7570006377493,-32.6025840383417,1805.82666352046,255.093899983186,157.904020840426,1568.75750127853,-158.564082898964,190.943055274729,1581.98454760491,0.502799987792969,0.0568000003695488,0.862500011920929,0,0,0
17688.7616719,960,-0.011158031411469,0.0404972866177559,0,-60.4013829614739,-16.034636528486,1821.76096178689,74.0466627876346,-32.2955969647509,1805.53818753144,255.669824069303,158.689063230653,1568.65561378823,-158.029365575923,191.031986375962,1582.05592268365,0,0,0,0,0,0
17688.7741713,960,-0.0118044558912516,0.0412705674767494,0,-60.2691181113208,-16.0296452615033,1821.72860010629,74.1524417253382,-32.2581919977272,1805.49970116003,255.698564170383,158.767854940001,1568.62637776723,-158.000890480612,191.034351063543,1582.06914653875,0.535799980163574,0.0680999979376793,0.841600000858307,0,0,0
17688.7847902,960,-0.0111409369856119,0.0406785555183888,0,-59.3167379503273,-16.2084458516176,1821.70852260208,75.2259062720091,-32.0643444696754,1805.40353543749,256.029392610365,159.259916213803,1568.50867623376,-157.66683198736,191.071619274927,1582.12352578869,0,0,0,0,0,0
17688.7953786,960,-0.0124764088541269,0.0418944083154202,0,-58.6919097867628,-16.389096535487,1821.52304626969,75.6319060543759,-31.9735788238361,1805.31127668043,256.183780775681,159.488308957798,1568.46323199704,-157.557716427721,191.072979257674,1582.1316840917,0,0,0,0,0,0
17688.8071394,960,-0.0114365806803107,0.0405997656285763,0,-58.2468935108018,-16.3991291749222,1821.58482749459,76.1781396162561,-31.8271636167486,1805.28343068886,256.378614081592,159.803568765783,1568.42526890352,-157.38271079394,191.069691499605,1582.1736467191,0.433899998664856,0.264999985694885,0.861100018024445,169.660003662109,126.150001525879,338.660003662109
17688.8176349,960,-0.0121298125013709,0.040144419670105,0,-57.8172719638938,-16.4014898820763,1821.53193830372,76.6247360680098,-31.6623034006558,1805.22884156245,256.580846170198,160.027160825764,1568.37187077585,-157.222253315156,191.088149383533,1582.16482310231,0.475600004196167,0.232999995350838,0.848200023174286,173.990005493164,128.410003662109,333.010009765625
17688.8281325,960,-0.0116188572719693,0.0400089420378208,0,-57.6012636047574,-16.449370251672,1821.52980053689,76.9717709299187,-31.5712222743793,1805.20780942919,256.653331104841,160.144801627617,1568.33861532462,-157.188399143909,191.098015079455,1582.1850085051,0,0,0,0,0,0
17688.8387569,960,-0.0106596918776631,0.0425211437046528,0,-57.2629476382768,-16.4179127316656,1821.56749990575,77.318299206561,-31.4092118936959,1805.16690235332,256.776750020912,160.322691342591,1568.2840315242,-157.051644773483,191.096074826588,1582.18633371399,0,0,0,0,0,0
17688.8493929,960,-0.011835309676826,0.040696008503437,0,-56.9398845724217,-16.3812028166562,1821.63986419798,77.7494703607179,-31.2598243270856,1805.16625312716,256.896395418443,160.554762846779,1568.20673822878,-156.950130015697,191.100436804454,1582.17281457947,0,0,0,0,0,0
17688.8606422,960,-0.0113391177728772,0.0413450807332993,0,-56.4760134329948,-16.2530935117527,1821.6524036904,78.1856072913052,-31.0687222740902,1805.13109746241,257.094693934037,160.83478523089,1568.15069473025,-156.815339289753,191.119063114815,1582.14861094031,0,0,0,0,0,0
17688.8712063,960,-0.0121937934309244,0.040557312220335,0,-56.0515181132302,-16.2141538943987,1821.71032671453,78.5384288386224,-30.8902639438806,1805.10536079503,257.253517516473,161.089537210498,1568.08020723285,-156.67129187602,191.183524627084,1582.1635204591,0,0,0,0,0,0
17688.8855074,960,-0.0112710781395435,0.0413773715496063,0,-55.8989061759605,-16.2558487701884,1821.71625085381,78.6860722544557,-30.7898881510562,1805.10770099879,257.314609525015,161.18087953173,1568.07087681426,-156.616361666858,191.189173837038,1582.15742012964,0.383500009775162,0.372099995613098,0.845300018787384,153.589996337891,129.470001220703,311.260009765625
17688.8976063,960,-0.0124639011919498,0.0404450692236424,0,-55.0638242367655,-16.220320875453,1821.76242575071,79.4902433945967,-30.3684479727923,1805.05019923451,257.613730793662,161.587551915081,1568.0094573702,-156.338552039687,191.255508539689,1582.110465405,0,0,0,0,0,0
17688.9083543,960,-0.0128971263766289,0.0402814880013466,0,-54.0053254128366,-16.2402345066287,1821.74478445251,80.4506815571039,-29.9132092418784,1805.16895862844,257.88272120665,161.908794317728,1567.94755467815,-155.91891031008,191.342801681611,1582.07126493818,0,0,0,0,0,0
17688.9190095,960,-0.0131850689649582,0.0401212930679321,0,-53.469341280131,-16.1066962187293,1821.85229371474,81.1749085152623,-29.6334472591739,1805.28182623958,258.130145915606,162.132468147024,1567.9330515323,-155.702110196246,191.40007549442,1582.06438788647,0.367799997329712,0.29789999127388,0.880900025367737,145.710006713867,122.339996337891,316.660003662109
17688.9295474,960,-0.0133113237097859,0.0400856830179691,0,-53.0104260300153,-16.1459577535327,1821.80154355263,81.4775630712202,-29.4720375939745,1805.30887142032,258.235053821554,162.234073448145,1567.92666931514,-155.591445902009,191.440943458987,1582.05112288528,0,0,0,0,0,0
17688.940155,960,-0.0144815417006612,0.042197822034359,0,-52.5134448366856,-16.194252498029,1821.87237591059,82.1276780606107,-29.2021694025894,1805.34773041009,258.409991750775,162.370906526779,1567.92580816359,-155.407488160969,191.488289902111,1582.03640948543,0,0,0,0,0,0
17688.9507012,960,-0.0134669719263911,0.0407192207872868,0,-51.8563838821257,-16.2618148700976,1821.92577980077,82.7000695785769,-28.9208788226369,1805.38898473848,258.611178943458,162.519170956139,1567.93325750106,-155.233086377659,191.535216318684,1582.04866460721,0,0,0,0,0,0
17688.961395,960,-0.0133480941876769,0.0402149058878422,0,-50.8605896369832,-16.3024101287261,1822.06794673284,83.7702688286026,-28.5165837325732,1805.52839961201,258.956582950921,162.782642541715,1567.94542694488,-154.896939607999,191.657838792545,1582.05099372,0,0,0,0,0,0
17688.9720123,960,-0.0150432446971536,0.0395605996251106,0,-50.2904986914251,-16.3724818099695,1822.19555346517,84.4202275112421,-28.279996689539,1805.65451020469,259.165972936008,162.918475381952,1567.97469391659,-154.723911403611,191.727369258882,1582.09409121722,0,0,0,0,0,0
17688.9830707,960,-0.014040132984519,0.0402078613638878,0,-49.3351149901117,-16.5174923050543,1822.26796831222,85.4229275294701,-27.820408652222,1805.77328157564,259.391213971485,163.061090328841,1568.01358299145,-154.484159465357,191.779983210971,1582.13136237492,0,0,0,0,0,0
17688.9935995,960,-0.0142159918323159,0.0393263645470142,0,-48.5645605340256,-16.6273243877634,1822.28747420533,86.1741008586826,-27.4866808610743,1805.85445144124,259.551574256434,163.163213399499,1568.03637066458,-154.312493208039,191.829848585291,1582.14884092821,0,0,0,0,0,0
17689.0041546,960,-0.0143286557868123,0.0392244294285774,0,-48.0160405530182,-16.7039904200669,1822.44920863285,86.8242538666661,-27.1530546417653,1805.86480998326,259.702340703741,163.255649874724,1568.07051564737,-154.164915041478,191.886146668543,1582.1836356372,0,0,0,0,0,0
17689.0198052,960,-0.0147298704832792,0.0388497024774551,0,-47.7991233766673,-16.7677974292963,1822.46226770994,87.0654083332562,-27.0763592673578,1805.93219388035,259.73103825926,163.261969268087,1568.07333846109,-154.105527511603,191.887852806664,1582.20346957872,0.303099989891052,0.296900004148483,0.905499994754791,126.040000915527,118.870002746582,315.850006103516
17689.0304547,960,-0.014969764277339,0.0388068653643131,0,-46.3645668088907,-17.0286112985119,1822.53943890342,88.423980532361,-26.5068919276384,1806.07554857801,259.966857838113,163.444614388814,1568.08059663771,-153.869728827511,191.946999915603,1582.22213167227,0,0,0,0,0,0
17689.0411556,960,-0.0144751630723476,0.0385676011443138,0,-45.542151325144,-17.1626375206615,1822.62813740667,89.2783388942004,-26.1733029564509,1806.23201651319,260.115711563457,163.594888533418,1568.08409907759,-153.745610039768,191.987292981855,1582.2311538256,0,0,0,0,0,0
17689.0517069,960,-0.014703013934195,0.0389056973159313,0,-44.5982945305478,-17.3949140241819,1822.65195288901,90.0921107161276,-25.8483599154309,1806.30864083945,260.261821906941,163.755478866657,1568.09535357991,-153.654377663324,191.996381518792,1582.26219425851,0,0,0,0,0,0
17689.0623497,960,-0.0151267563924193,0.039936563372612,0,-43.2023738453003,-17.8151520105311,1822.79053676034,91.5503896446969,-25.2985830550836,1806.4440064966,260.50608996848,164.122104316284,1568.10261086062,-153.437917897049,191.995146593909,1582.26118360707,0,0,0,0,0,0
17689.0730164,960,-0.0149317374452949,0.0391460306942463,0,-42.3637495257147,-17.9678551449749,1822.91131749554,92.5239817700193,-24.9363649057175,1806.51307171226,260.573445414321,164.317321771135,1568.08304366175,-153.315160839458,191.993167091077,1582.26564642625,0,0,0,0,0,0
17689.0836672,960,-0.0151559533551335,0.040303236246109,0,-41.2153444352978,-18.2622758650682,1823.09934546659,93.6947596224747,-24.5085994030314,1806.60617203614,260.708624290095,164.630831160572,1568.06377970043,-153.272737025599,191.969371599999,1582.29358295085,0,0,0,0,0,0
17689.0942427,960,-0.0154142258688807,0.0392756596207619,0,-40.3027930817678,-18.5349309047723,1823.21236082656,94.308209330626,-23.9164910539495,1806.62673627164,260.758776649671,164.862383823515,1568.04895402989,-153.178522193549,191.953355947994,1582.28774998236,0,0,0,0,0,0
17689.1048018,960,-0.0158564187586308,0.0386597014963627,0,-39.4602192550904,-18.7853832391295,1823.30688658231,95.2815711898485,-23.5503973209869,1806.65256328759,260.877661508419,165.094525698525,1568.07123563829,-153.155764997746,191.917678482105,1582.30481642568,0,0,0,0,0,0
17689.1174864,960,-0.0150262685492635,0.0390255138278008,0,-38.2408244685253,-19.1095238910026,1823.39410011183,96.4796520073423,-23.0971612047476,1806.72727537593,260.93309849496,165.418540686831,1568.08656093709,-153.119345616532,191.874332911564,1582.33439502844,0.203899994492531,0.409599989652634,0.88919997215271,89.2300033569336,135.25,325.190002441406
17689.1280568,960,-0.0144858630374074,0.041005103290081,0,-36.3322497466369,-19.343306116275,1822.95406022019,96.912087339505,-22.7304474680173,1806.64931583242,260.987194048201,165.581965963441,1568.09764980236,-153.100487956573,191.830670575983,1582.32676355678,0,0,0,0,0,0
17689.1513695,960,-0.014066893607378,0.0386102482676506,0,-37.3440039681229,-19.2952866419051,1823.5014408137,97.2255847969692,-22.5631784147681,1806.62859734984,260.986097718034,165.68996087659,1568.08101310894,-153.060476109813,191.827664005953,1582.30300125295,0.267300009727478,0.330199986696243,0.90530002117157,102.129997253418,134.979995727539,322.609985351562
17689.161951,960,-0.0156214609742165,0.0390639215707779,0,-35.8756787937058,-19.703543534364,1823.66508717827,98.6219616519296,-21.7623896361059,1806.59290859156,261.15559511484,166.205298398719,1568.0870803961,-152.981821706874,191.738369555191,1582.26326968598,0,0,0,0,0,0
17689.1725841,960,-0.0159894209355116,0.0389801397919655,0,-34.8792135571373,-19.8671636693451,1823.7874337324,99.6059337438314,-21.4919538645909,1806.60590004043,261.208795049658,166.475102497513,1568.08626053586,-152.94025806996,191.639137024725,1582.22098830891,0,0,0,0,0,0
17689.1831145,960,-0.014817213639617,0.0396636113524437,0,-33.0708958365181,-20.1502369320326,1823.51720797804,100.585550796048,-21.143888079876,1806.66468077053,261.276970927335,166.768376415398,1568.0998419187,-152.897419405531,191.564965179662,1582.1792471677,0,0,0,0,0,0
17689.1936674,960,-0.0147668719291687,0.0399527572095394,0,-33.0484912626476,-20.21814279927,1823.94661422056,101.406598208193,-20.6921956117171,1806.61740070479,261.307326884705,167.08290078035,1568.12711183391,-152.868716669397,191.462552312433,1582.13659014184,0,0,0,0,0,0
17689.2043033,960,-0.0158648230135441,0.0388745687901974,0,-30.9910455335414,-20.5049724303333,1823.61417092254,102.367289475968,-20.153511750166,1806.78028017426,261.358154491003,167.408233575607,1568.1703406451,-152.79940213142,191.385785305823,1582.09104195966,0,0,0,0,0,0
17689.2148796,960,-0.0160031244158745,0.0386332221329212,0,-28.3288382931827,-21.0040969543965,1823.9801780207,104.703295856108,-18.5570270758344,1806.94646314883,261.539744677639,168.21408957636,1568.34026481611,-152.730004454862,191.158731277657,1581.91948085766,0,0,0,0,0,0
17689.2446311,960,-0.0159777961671352,0.037787514179945,0,-28.1127872617021,-21.0478860227914,1824.02279653886,104.868258051318,-18.3203517664139,1806.92355782864,261.56821772655,168.30160228973,1568.36899983406,-152.710167042881,191.12473774207,1581.89773578642,-0.00769999995827675,0.633800029754639,0.773400008678436,0,0,0
17689.2554382,960,-0.016081104055047,0.0387387633323669,0,-27.4908537461383,-21.1319406000709,1824.20876173261,105.805425121265,-18.0947086884806,1807.01673540586,261.635074688286,168.517185837941,1568.4349336218,-152.705064336227,191.03030455416,1581.83143492805,0.188199996948242,0.4966000020504,0.847299993038177,0,0,0
17689.2660483,960,-0.0164287146180868,0.0382017739117146,0,-26.1530025792255,-21.2400395834931,1824.57076785697,106.915385865345,-16.5949316651013,1807.26774777118,261.666434459493,168.824480078508,1568.54579188295,-152.678295382524,190.91833690342,1581.74720977872,0,0,0,0,0,0
17689.2848097,960,-0.0167358219623566,0.0377985820174217,0,-25.9326416083261,-21.2331711472392,1824.64488482054,107.154642627866,-16.4254312934774,1807.31372282695,261.677340477305,168.876397863183,1568.57201196231,-152.667997331088,190.897033408355,1581.7287004571,0.184799998998642,0.471599996089935,0.862200021743774,0,0,0
17689.2953903,960,-0.0154250329360366,0.0395056329667568,0,-24.1583406045242,-21.3461122809306,1825.27911814252,109.050663020381,-15.2231700766183,1807.74000529279,261.777426488119,169.465510846109,1568.79536485812,-152.597459077791,190.683045773508,1581.54094091342,0,0,0,0,0,0
17689.3061267,960,-0.0168205685913563,0.0377906396985054,0,-23.5703586932389,-21.3463841511751,1825.46801691919,109.637430762975,-14.73737052533,1807.92387527569,261.800291009789,169.68623054593,1568.86068315748,-152.588707507325,190.605752343802,1581.51442954727,0,0,0,0,0,0
17689.3167609,960,-0.0184106826782227,0.0360996186733246,0,-21.8107192047509,-21.2844002332899,1826.19692530171,111.343506948408,-13.3887679500366,1808.53548923341,261.890942196735,170.245127749144,1569.13345199814,-152.529507841026,190.454726674414,1581.48815111923,0,0,0,0,0,0
17689.3273536,960,-0.0174737181514502,0.0365891069173813,0,-21.2068250512677,-21.2007129825137,1826.35391831451,111.771191029094,-12.9552757677528,1808.75525443001,261.892517649035,170.386268301651,1569.22732569227,-152.55061269215,190.414057933792,1581.5050752124,0,0,0,0,0,0
17689.3379312,960,-0.0171147007495165,0.0365838021039963,0,-20.8079134095456,-21.0782567371523,1826.58289114602,112.24864167238,-12.3690127314369,1808.9922588766,261.870682039077,170.524169290398,1569.32081180153,-152.551381487029,190.369819586195,1581.50249679788,0,0,0,0,0,0
17689.3542791,960,-0.0174539368599653,0.0368891641497612,0,-20.7271523871073,-21.0412856153569,1826.70412444231,112.372802681019,-12.2356332980432,1809.06647094706,261.875139909024,170.579968662518,1569.35025049103,-152.505025756876,190.352421493996,1581.49558214674,0,0,0,0,0,0
17689.3648828,960,-0.0174831263720989,0.0365640506148338,0,-19.7329259821109,-20.7460310918395,1827.41670301071,113.397112464942,-11.271739238202,1809.62159431461,261.831289308994,170.918139446258,1569.59812014511,-152.574881848503,190.222185272124,1581.45130652874,0,0,0,0,0,0
17689.3789604,960,-0.0174223631620407,0.0358061254024506,0,-19.4489573484303,-20.5486250719309,1827.70905690885,113.658748877749,-10.7839261892963,1809.78446924174,261.795660909843,171.022087601185,1569.67779394004,-152.614221784371,190.165251072144,1581.42023378078,0,0,0,0,0,0
17689.3896344,960,-0.0182493180036545,0.0378060698509216,0,-19.2399492875956,-20.282968117366,1828.13524931923,114.02959151683,-10.3020679049147,1810.12907566902,261.727413835648,171.142054690868,1569.78589247656,-152.684237372295,190.096770304569,1581.37068248614,0.20270000398159,0.389299988746643,0.898500025272369,99.5699996948242,111.330001831055,337.920013427734
17689.4003134,960,-0.0185123141855001,0.0369430989027023,0,-18.9862365363136,-20.1955049052348,1828.25463895604,114.199853284378,-10.0737981914584,1810.26399618587,261.716576092918,171.214562441778,1569.84734547038,-152.704762026794,190.077530148716,1581.32033408021,0,0,0,0,0,0
17689.4187186,960,-0.018216336145997,0.0364347234368324,0,-18.8730635226483,-20.1408188209045,1828.30083113255,114.29367731184,-9.97556448927565,1810.33979827305,261.710694398168,171.243041672345,1569.87104734173,-152.709302177382,190.07485223708,1581.29663206637,-0.00260000000707805,0.515699982643127,0.856800019741058,0,0,0
17689.4294141,960,-0.0180772077292204,0.0363666623830795,0,-18.6749424171807,-20.0129033900284,1828.48528084273,114.465135034276,-9.80747610946989,1810.50848724424,261.685297263451,171.315783921571,1569.92585140715,-152.734551997226,190.079091951973,1581.26490438635,0,0,0,0,0,0
17689.4400439,960,-0.0184548012912273,0.0362406134605408,0,-18.5526729057103,-19.8166791257114,1828.77651423226,114.640551393812,-9.56377813434896,1810.74888089218,261.647056492694,171.410843719308,1570.00147267103,-152.792125093083,190.064515759357,1581.19343895839,0,0,0,0,0,0
17689.4506433,960,-0.0172335598617792,0.0385063536465168,0,-18.3748735421745,-19.6342970444771,1828.98303653174,114.737157384271,-9.18405007228887,1810.97597229315,261.623107035045,171.525366532323,1570.10741056202,-152.864647820793,190.028432563473,1581.12149432943,0,0,0,0,0,0
17689.4613524,960,-0.0182039085775614,0.036447374522686,0,-18.1766500627606,-19.0336471474149,1829.63817950179,114.997807389122,-8.21204438381963,1811.46925213821,261.553185698745,171.898704251254,1570.4267215538,-153.05165048511,190.108266020932,1580.96412171122,0,0,0,0,0,0
17689.4720411,960,-0.0187481213361025,0.0360411614179611,0,-18.072938413515,-18.6114577109211,1829.96754103842,114.97118951065,-7.72517880700482,1811.81729203534,261.461715960597,172.1111507926,1570.62325529525,-153.106046502258,190.130885163623,1580.81920647465,0,0,0,0,0,0
17689.4825671,960,-0.0175542887300253,0.0376241341233254,0,-18.0925171284126,-18.5501601461015,1830.0383818898,114.947074797736,-7.64724027355911,1811.91119110279,261.444848274774,172.140126452937,1570.66253620656,-153.164654401859,190.163081032975,1580.78393764751,0,0,0,0,0,0
17689.4931474,960,-0.0185974612832069,0.0367640614509583,0,-18.2103509973564,-18.111685080709,1830.31785061596,114.934927877541,-7.13451317565416,1812.27332999321,261.328334085857,172.362207794816,1570.88425490487,-153.25946404082,190.211510358002,1580.66727186338,0,0,0,0,0,0
17689.5057173,960,-0.0187271405011415,0.0368448257446289,0,-18.1988959552996,-18.0466181166881,1830.36707169349,114.911317697218,-7.05083285763305,1812.32301768408,261.314686141695,172.396134762376,1570.92884764323,-153.278882382743,190.246559109156,1580.66153205307,-0.0636999979615211,0.493800014257431,0.867200016975403,0,0,0
17689.5171833,960,-0.0192356072366238,0.036951570212841,0,-18.4056083849929,-17.6126420412793,1830.71253715408,114.79185896329,-6.56782832479356,1812.57407309682,261.165211985622,172.55327695709,1571.10700210215,-153.34161084136,190.287931623336,1580.54197583986,0,0,0,0,0,0
17689.5770739,960,-0.0186592321842909,0.0371391013264656,0,-18.4638752550723,-17.5052272609476,1830.78517928933,114.763044464342,-6.43068897418485,1812.6256330853,261.145757967277,172.591311112674,1571.15653926648,-153.373090294041,190.311447318616,1580.52308169236,-0.0586999990046024,0.475300014019012,0.877900004386902,0,0,0
17689.587744,960,-0.0188291743397713,0.0370481595396996,0,-18.6853061138027,-17.1063543877176,1831.04575415569,114.570795047428,-5.87479973000655,1812.95289816946,261.031462743643,172.764537981337,1571.31646903412,-153.506981737587,190.355176581894,1580.41240545961,0,0,0,0,0,0
17689.5985045,960,-0.0193219110369682,0.0367532655596733,0,-18.8635861833555,-16.6077095767167,1831.41045758305,114.298076893481,-5.38096142527498,1813.35522090238,260.87223699399,173.025589575171,1571.58286841494,-153.700376807144,190.377423144489,1580.339124683,0,0,0,0,0,0
17689.6091128,960,-0.0192208588123322,0.0362380132079125,0,-19.0599906333818,-16.1032905220083,1831.72962959472,114.073976194921,-4.86633014196362,1813.82506230884,260.690287121149,173.273059277816,1571.84751786477,-153.839169831592,190.424178938391,1580.15202383401,0,0,0,0,0,0
17689.6197201,960,-0.020383583381772,0.03596500903368,0,-19.3859769720452,-15.5516121907112,1831.99316857909,113.8219232837,-4.37122906604642,1814.1499247816,260.47932048935,173.511428154389,1572.08859297763,-154.052332359436,190.519908463349,1580.07440260173,0,0,0,0,0,0
17689.6303489,960,-0.018467815592885,0.0371564984321594,0,-19.751437282574,-15.0792271923295,1832.25192931256,113.469036236447,-3.72046870432066,1814.53611601398,260.212639802585,173.725924503578,1572.32360521645,-154.043069779096,190.689378381736,1579.79989422127,0,0,0,0,0,0
17689.6487846,960,-0.0191413573920727,0.0361090138554573,0,-19.7793607581942,-15.0137625640793,1832.27354578676,113.423542175244,-3.61832051472424,1814.58501549638,260.138001599041,173.770372674767,1572.34734798917,-154.019459109279,190.73143719539,1579.75637924132,-0.025900000706315,0.427500009536743,0.903599977493286,0,0,0
17689.6593441,960,-0.0189781095832586,0.0358292818069458,0,-20.439750024631,-14.0648888599495,1832.7547046008,112.64907066834,-2.52150595414472,1815.02819191201,259.514348011812,174.141536920362,1572.70883568154,-155.098332644754,190.929632112573,1579.71492651945,0,0,0,0,0,0
17689.6884736,960,-0.0188999809324741,0.0361210837960243,0,-20.5618610642445,-13.9589394738994,1832.79088732625,112.546565747043,-2.40090556681826,1815.06992060707,259.448238425037,174.187289195508,1572.75283274889,-155.143428405217,190.956686391662,1579.69506036936,-0.0284000001847744,0.379700005054474,0.924700021743774,0,0,0
17689.6992259,960,-0.0185609813779593,0.0362436011433601,0,-20.3559619457741,-13.0738471907526,1833.01906041261,112.053586794998,-1.81918334932392,1815.53933467553,258.906533541591,174.506656585862,1572.97771914984,-155.75088941131,191.132887692997,1579.54025264592,0,0,0,0,0,0
17689.709825,960,-0.0181510206311941,0.0361481294035912,0,-20.7686154498443,-12.5149981338346,1833.24170123869,111.598964170062,-1.30436486265663,1815.78609127468,258.531312675214,174.7490816584,1573.14663337749,-156.110630394765,191.276391577057,1579.49373417587,0,0,0,0,0,0
17689.7226175,960,-0.0178054124116898,0.0356329888105393,0,-20.7957034564532,-12.426816583154,1833.30409889376,111.537949025696,-1.17951085498192,1815.83529330401,258.482401855481,174.780623858172,1573.1867326584,-156.140309290825,191.30670393312,1579.44604132264,0.0146000003442168,0.308499991893768,0.951099991798401,0,0,0
17689.7333262,960,-0.016978807747364,0.0355041086673737,0,-21.332401220093,-11.9734456046694,1833.52481267276,111.108835332877,-0.746022003543814,1816.11265524742,258.179423576274,174.930605135387,1573.25469319712,-156.493427728086,191.429883151522,1579.33887769155,0,0,0,0,0,0
17689.7447107,960,-0.016687523573637,0.0358302801847458,0,-21.4838805475278,-11.4617846477615,1833.68436911181,110.663652741666,-0.189559127700069,1816.24528305764,257.828296412579,175.097731913081,1573.33098989222,-156.797709711807,191.563707414985,1579.26230792672,0,0,0,0,0,0
17689.7554202,960,-0.016890624538064,0.0354169145226479,0,-21.7326017887401,-11.104566246841,1833.79427673426,110.237354322055,0.217208990587719,1816.4251455027,257.517983791726,175.274186705199,1573.39947087885,-156.982948245765,191.681232761844,1579.10867000184,0,0,0,0,0,0
17689.7659704,960,-0.0164832100272179,0.0372249767184258,0,-21.9837283783233,-10.8612250692993,1833.86915544219,110.032381770911,0.457740407187375,1816.61613098431,257.255059253328,175.391847717683,1573.44027564587,-157.201626395768,191.77273225554,1579.07255488803,0,0,0,0,0,0
17689.7778402,960,-0.0152956014499068,0.0360604658722878,0,-22.1138641924378,-10.7749494540066,1833.8896865669,109.962204498184,0.534579747345283,1816.66105738257,257.163925275063,175.425234776576,1573.45443450561,-157.347382895317,191.789481881773,1579.12710529847,-0.0230000000447035,0.30129998922348,0.953299999237061,0,0,0
17689.7884404,960,-0.0163612738251686,0.0354947134852409,0,-22.7223738626119,-10.3047859635247,1834.09155682554,109.573068862867,0.891155038121862,1816.87478854748,256.759929342778,175.645517261748,1573.52728040042,-157.725642952492,191.899390449744,1579.04830176928,0,0,0,0,0,0
17689.799142,960,-0.0158449336886406,0.0359360486268997,0,-23.0191506743793,-9.93919917444425,1834.20742805453,109.153882413573,1.22692830523911,1817.08714826511,256.434552340008,175.855590660504,1573.58284594439,-158.025185611795,192.001923582015,1578.98865692514,-0.129299998283386,0.325599998235703,0.936600029468536,94.4800033569336,77.8099975585938,357.700012207031
17689.8096485,960,-0.0163436904549599,0.0356116205453873,0,-23.1520769463702,-9.7864774703188,1834.25230838683,108.984509518751,1.37170691964365,1817.18436845025,256.297271606402,175.946227456879,1573.60938649638,-158.1411638881,192.039673185048,1578.96242760182,0,0,0,0,0,0
17689.8203209,960,-0.01624970510602,0.0354116097092629,0,-23.4234964456422,-9.34444426139644,1834.36702426147,108.478180510722,1.76521624012871,1817.38274410917,255.983492025938,176.138827933232,1573.666830937,-158.461675835124,192.177961640074,1578.91440421627,0,0,0,0,0,0
17689.8307869,960,-0.0168961621820927,0.0346122741699219,0,-23.5320263511358,-9.26877027037307,1834.40148171305,108.400609699782,1.81247175143897,1817.40471642273,255.929652722704,176.171727925463,1573.67053644632,-158.517387944044,192.204293924127,1578.88451773938,0,0,0,0,0,0
17689.8495799,960,-0.0154095469042659,0.0361426085233688,0,-23.570092495918,-9.18393417731992,1834.43659202436,108.299500883671,1.88976907151363,1817.41129884884,255.882280239807,176.197080683726,1573.68982110258,-158.445406586867,192.244120977614,1578.80276705112,-0.032200001180172,0.272399991750717,0.961600005626678,0,0,0
17689.860315,960,-0.0151306847110391,0.0349996000528336,0,-24.2854490335884,-8.49809952438315,1834.61927131776,107.60876369129,2.54074079768278,1817.74808679554,255.447092338163,176.411595189514,1573.85095519607,-159.173308236155,192.415884695815,1578.90245469567,0,0,0,0,0,0
17689.8709448,960,-0.0151530066505075,0.0351333677768707,0,-24.6675279490411,-8.27773417503518,1834.67828682359,107.352648103044,2.8174459464743,1817.92261536379,255.252105845982,176.517575111713,1573.91745277334,-159.36456636365,192.487863525689,1578.94801505028,0,0,0,0,0,0
17689.8822113,960,-0.0151085061952472,0.0351430088281632,0,-25.0878899117669,-8.26396488716069,1834.75040996876,107.284536790227,2.88846420210729,1817.97166616177,255.177474221486,176.551604568021,1573.93693028052,-159.418638856476,192.508714787542,1578.95435854218,-0.0208000000566244,0.280800014734268,0.959500014781952,0,0,0
17689.8927586,960,-0.015003320761025,0.0351515173912048,0,-26.6168987493385,-7.85921350290822,1835.11992794906,106.743663426943,3.45286662918944,1818.12910325087,254.7527921766,176.861043435714,1574.01894826196,-159.877059052267,192.709500139145,1579.04500219706,0,0,0,0,0,0
17689.9033717,960,-0.0156096974387765,0.0348100945353508,0,-26.1575398920891,-7.40784892101665,1835.05828328357,106.388838686011,3.74998565042971,1818.21438433266,254.446327506787,177.094186474422,1574.05207776896,-160.12482452457,192.843355166554,1579.05785148362,0,0,0,0,0,0
17689.9139691,960,-0.0142404101788998,0.0332466498017311,0,-26.5121425867554,-7.17313721317993,1835.15147586249,106.175351525014,3.93674069412581,1818.30909540159,254.200833339262,177.282739778343,1574.03901325144,-160.322640387785,192.954150908991,1579.11301393593,0,0,0,0,0,0
17689.9245645,960,-0.015177165158093,0.0351363107562065,0,-27.543140972313,-7.03109146598307,1835.28394085149,105.893744373504,4.22013732139213,1818.36604110318,253.983985814289,177.4605517751,1574.04129780068,-160.500771215877,193.083743971161,1579.11552079847,0,0,0,0,0,0
17689.9516504,960,-0.0145053304731846,0.035548447072506,0,-27.6035308623518,-6.94414030494531,1835.29558686297,105.820906791372,4.30355770954905,1818.39127793364,253.906675634965,177.519840856146,1574.03406612191,-160.584040924215,193.11664554774,1579.13212894316,0.0740000009536743,0.0375999994575977,0.996599972248077,106.900001525879,126.730003356934,338.679992675781
17689.9623114,960,-0.0148718263953924,0.0341838583350182,0,-27.9873486701874,-6.52000203771014,1835.34100610365,105.3477098397,4.71635075340729,1818.50024009674,253.58301761137,177.792738536726,1573.99767391532,-160.853069115236,193.294049508327,1579.16420880583,0,0,0,0,0,0
17689.9740159,960,-0.0158653371036053,0.0334835931658745,0,-28.1728488003122,-6.27534892514443,1835.37335333426,105.166631051932,4.85388469989658,1818.55352846131,253.421101002319,177.914511898229,1573.9842345622,-161.05067469143,193.372165154039,1579.22641094225,0,0,0,0,0,0
17689.9845394,960,-0.013629368506372,0.0356725439429283,0,-28.3993670988299,-6.0012971290127,1835.39848416636,104.986183816423,5.00852657795951,1818.57734164687,253.266887068296,178.028276834379,1573.97737805814,-161.393483212651,193.516623237243,1579.40142411058,0,0,0,0,0,0
17689.9951018,960,-0.0146662266924977,0.0348134025931358,0,-27.5886530027928,-5.31246897726932,1835.223076097,104.581624981599,5.488292426339,1818.60428158972,252.859554319026,178.382945351656,1573.89036245617,-161.750034135514,193.732882298376,1579.45487557494,0,0,0,0,0,0
17690.0057432,960,-0.0150160891935229,0.0346549361944199,0,-27.8167909269458,-5.06214669871826,1835.23929142253,104.360679531186,5.80396075715352,1818.58375588594,252.587930268727,178.594067301746,1573.84460758191,-161.968702607434,193.900244360403,1579.43231482964,0,0,0,0,0,0
17690.0163496,960,-0.0148017993196845,0.0347678571939468,0,-27.967821062666,-4.87244638544189,1835.24572050455,104.207195832733,6.04736671395856,1818.56116794137,252.409339537657,178.75272228571,1573.79666742989,-162.082325343735,194.001610388429,1579.42652787511,0,0,0,0,0,0
17690.027682,960,-0.0141807440668344,0.0352752044796944,0,-28.3313760724133,-4.36907299284923,1835.34435918231,103.823475388263,6.66508660812794,1818.50090490808,251.917212640063,179.161556079949,1573.71483053934,-162.622769138496,194.395873893326,1579.47409038537,0,0,0,0,0,0
17690.0382436,960,-0.0143290217965841,0.0345544204115868,0,-28.5570940661162,-3.88339067752194,1835.34252788364,103.566458568543,7.11014693781494,1818.48866675281,251.523466434074,179.463673352763,1573.67990621917,-163.012826466563,194.75489333434,1579.50214991406,0.0964000001549721,0.264099985361099,0.959699988365173,6.42999982833862,79.4899978637695,365.820007324219
17690.0487356,960,-0.0141361420974135,0.0345081523060799,0,-28.5456772582472,-3.67776220929688,1835.33107991155,103.447826615587,7.27454346639809,1818.49766280964,251.381758200155,179.56952820546,1573.66720743318,-163.092504541938,194.879973098673,1579.50749343265,0,0,0,0,0,0
17690.0593103,960,-0.0145685859024525,0.0348861277103424,0,-28.7169717138618,-3.37607378232701,1835.33468761177,103.258141459801,7.49078711650215,1818.51911191851,251.192080239692,179.719330839986,1573.67752600013,-163.261948656174,195.078211840877,1579.46021562305,0,0,0,0,0,0
17690.0698432,960,-0.014148055575788,0.0346500486135483,0,-28.8970491818723,-3.07551309090767,1835.3453277245,103.044586565882,7.72480822435472,1818.53490504996,250.966655599839,179.897955068145,1573.66058884777,-163.507682246263,195.24055621498,1579.4601492634,0,0,0,0,0,0
17690.0847506,960,-0.0138715412467718,0.0343774169683456,0,-28.9278633400494,-2.96446936048409,1835.32744171659,102.971107059438,7.81268875684545,1818.53925651313,250.88266852781,179.963145379974,1573.65291508896,-163.564197097805,195.286569163348,1579.44303578483,-0.0339000001549721,0.170900002121925,0.98470002412796,3.3199999332428,66.2200012207031,369.929992675781
17690.0952716,960,-0.014332689344883,0.0347235709428787,0,-29.0948880313844,-2.76954366215002,1835.33904000008,102.800650059616,8.02290821793134,1818.5451071809,250.700736107516,180.114937152456,1573.63596132435,-163.691650064819,195.394582931681,1579.43603088135,0,0,0,0,0,0
17690.1058742,960,-0.0134824495762587,0.0338013529777527,0,-29.4861528374674,-2.14385826767237,1835.39708493628,102.364232096621,8.73271798176336,1818.49150486063,250.125312179402,180.568764775927,1573.56499757882,-164.264253836014,195.766341647526,1579.47845803967,0,0,0,0,0,0
17690.1169727,960,-0.0120159005746245,0.0326339066028595,0,-30.0893045434888,-1.60034990152453,1835.53075224672,101.793960734976,9.42007316182866,1818.45880746006,249.533387140765,180.989772144252,1573.4997307258,-164.88487396033,196.153149232293,1579.51016848067,0,0,0,0,0,0
17690.1313691,960,-0.012518061324954,0.0329811334609985,0,-30.1530503329227,-1.46855153793803,1835.52188014149,101.714191412329,9.50572672106805,1818.45755621249,249.443142874934,181.055490926165,1573.48128566827,-164.969326677772,196.20222807999,1579.52447867932,-0.0447999984025955,0.281399995088577,0.958500027656555,0,0,0
17690.1419761,960,-0.0124021917581558,0.0331863150000572,0,-30.3383926343558,-1.23560460994751,1835.55387472861,101.564395249496,9.68392641330333,1818.48122941577,249.283703686501,181.173737406556,1573.45853427047,-165.174234942568,196.312206251723,1579.51197398905,0,0,0,0,0,0
17690.1540018,960,-0.0125262560322881,0.0331110715866089,0,-30.5471244716368,-1.14361448784947,1835.5901576302,101.502045996362,9.75432109071329,1818.50332027142,249.211438925118,181.232367701676,1573.45682507672,-165.199319370543,196.38911931488,1579.4680355598,-0.00350000010803342,0.0308999996632338,0.999499976634979,0,0,0
17690.164585,960,-0.0111838337033987,0.0328930675983429,0,-30.9000117347667,-0.278043751689891,1835.67796658912,100.88038665432,10.5483191886565,1818.6599715125,248.529939499945,181.867735280459,1573.46958388338,-165.924052250891,196.714992050732,1579.38472855176,0,0,0,0,0,0
17690.1774146,960,-0.011244336143136,0.0336257204413414,0,-31.3061786781091,0.347987397847501,1835.78255686894,100.335033293664,11.3809256266286,1818.74437743686,247.89586829226,182.463957868946,1573.41376297375,-166.497392555642,196.962395607474,1579.37232843392,0,0,0,0,0,0
17690.1880518,960,-0.0103635005652905,0.0323530644178391,0,-31.5280420415311,0.632835591478739,1835.81036495204,100.128130673757,11.7098372447864,1818.71846273739,247.540408700469,182.740643074169,1573.41286523359,-166.873728335801,197.105973987978,1579.31672065512,0,0,0,0,0,0
17690.1986263,960,-0.0101122707128525,0.0322900772094727,0,-31.826967275213,0.929246309821914,1835.85103962837,99.9566283334834,12.0138851566773,1818.68567862044,247.288290649869,183.062544791244,1573.41074884522,-165.660877567378,197.184424032298,1578.60532333023,0,0,0,0,0,0
17690.2186811,960,-0.0100094312801957,0.0320801496505737,0,-31.9342185188655,1.01602674068738,1835.85655990143,99.8975058878393,12.1173617213046,1818.68165277063,247.221084057904,183.188307875128,1573.41437967561,-165.625870197656,197.243216615267,1578.52978689515,-0.0892999991774559,0.346399992704391,0.933799982070923,0,0,0
17690.229275,960,-0.00914350338280201,0.0327606707811356,0,-32.3593011383789,1.48570457681413,1835.88592311993,99.539477990151,12.6111911996526,1818.74931845067,246.836750865123,183.757310450836,1573.44204528802,-165.464863419118,197.563540430363,1578.03017835803,0,0,0,0,0,0
17690.2414906,960,-0.00972295738756657,0.0317587614059448,0,-32.5407722364918,1.75190121355217,1835.89019220813,99.3003711647289,12.9598565262673,1818.79145253805,246.521725275691,184.113285684261,1573.49317070226,-165.475557814668,197.772116745092,1577.76397092885,0,0,0,0,0,0
17690.2531164,960,-0.00907890591770411,0.0328049197793007,0,-32.620587137406,1.8408435451545,1835.85686582585,99.1998020348997,13.1341083428733,1818.78253636285,246.43057201928,184.209629818004,1573.48970399791,-165.571438475612,197.792934268358,1577.71464861464,-0.00920000020414591,0.373499989509583,0.927600026130676,0,0,0
17690.2636517,960,-0.00960351247340441,0.0318348318338394,0,-33.1047894774524,2.25599514324711,1835.77676191358,98.8959393870789,13.6939151144362,1818.82680466701,245.901488965391,184.830591696002,1573.56814120545,-166.086696493021,197.9718426506,1577.53863362614,0,0,0,0,0,0
17690.2742257,960,-0.00938300602138042,0.0317122772336006,0,-33.1920874354555,2.53256969401185,1835.69718878779,98.5911863296355,14.1740481708104,1818.74834975166,245.5585691647,185.314985417897,1573.61999066381,-166.343010904657,198.09140672161,1577.42507902949,0,0,0,0,0,0
17690.2848198,960,-0.00959781557321548,0.0317432194948196,0,-34.0575761308649,3.19400275140704,1835.57674303588,97.9117023263909,15.0456490183227,1818.7673415937,245.012417939466,186.399843886365,1573.90920386496,-167.091385852531,198.606645777707,1577.08108193432,0,0,0,0,0,0
17690.2972764,960,-0.00961977243423462,0.0314904734492302,0,-34.5495643331537,3.53847173524659,1835.53815227577,97.5272047497912,15.4281818750534,1818.79787765636,244.63091516018,186.904039331069,1574.0456213114,-167.344492808684,198.869584552233,1576.92114198307,0.00540000014007092,0.286399990320206,0.958100020885468,88.5299987792969,142.690002441406,338.579986572266
17690.3079813,960,-0.00964201427996159,0.0319632723927498,0,-34.7778521830872,3.73522297483026,1835.50369676432,97.37698160626,15.6447353104991,1818.78052764103,244.424354976467,187.221198024803,1574.11381999141,-167.515604355733,198.977526273383,1576.88605175578,0,0,0,0,0,0
17690.3187488,960,-0.00995212886482477,0.0328029900789261,0,-34.9577559995177,4.16680881431494,1835.46603746812,96.9308922706888,16.1704256023342,1818.76482249051,244.05736116309,187.697393846559,1574.23535347685,-167.817419232626,199.282324924051,1576.76939190464,0.00469999993219972,0.274899989366531,0.961499989032745,98.7699966430664,130.410003662109,342.309997558594
17690.3294292,960,-0.00983042549341917,0.0321975782513619,0,-35.1754472519359,4.4817368249067,1835.42329817172,96.6207970013514,16.4583949924249,1818.78773120477,243.822143891942,187.960561199233,1574.31358963523,-168.014415842002,199.562610325117,1576.67788587172,0.0856000036001205,0.289400011301041,0.953400015830994,59.7299995422363,104.160003662109,354.920013427734
17690.3401668,960,-0.00948053132742643,0.0303401112556458,0,-35.4714335646227,4.90121665198991,1835.40342492199,96.2806441634748,16.9559675122037,1818.82753054213,243.537595872146,188.228512751632,1574.40889214406,-168.326019676921,199.935563871599,1576.58629887653,0,0,0,0,0,0
17690.3507515,960,-0.0105640096589923,0.0306183382868767,0,-35.5821100922821,5.00358492699129,1835.42626143702,96.192914366889,17.0564451619845,1818.84881892395,243.446661010491,188.298363253607,1574.44814755479,-168.423890209074,200.024058116895,1576.56606101543,0,0,0,0,0,0
17690.3613245,960,-0.0100693088024855,0.0302498921751976,0,-35.861087178174,5.34506705502478,1835.47348205048,95.9763796867323,17.3151403304358,1818.92723663468,243.248175862004,188.533183621639,1574.52310352919,-168.702727738738,200.292037991648,1576.50211563574,0,0,0,0,0,0
17690.3718836,960,-0.0106610534712672,0.0296662509441376,0,-36.0952591224995,5.64138023594005,1835.51475769049,95.6967492722871,17.6499917596195,1818.97618152,243.010419241606,188.795134401205,1574.59060600651,-168.909683935556,200.541971185907,1576.42236415218,0,0,0,0,0,0
17690.3824308,960,-0.0106581822037697,0.0311414584517479,0,-36.5216183302251,6.18392584176823,1835.63368888417,95.2973332702307,18.1272326845889,1819.09697321026,242.565832243639,189.200787394361,1574.64823651103,-169.314141427718,200.857167109471,1576.27385498911,0,0,0,0,0,0
17690.393044,960,-0.00924619939178228,0.0300876706838608,0,-36.7762151140078,6.51157070379599,1835.77339889824,95.0608577903886,18.4451773733522,1819.13327445455,242.272082395968,189.432380581307,1574.637572714,-169.538356463699,201.098490806153,1576.18404544518,0,0,0,0,0,0
17690.4036449,960,-0.0095380200073123,0.030468462407589,0,-37.0915117581329,7.00664500130883,1835.88189941417,94.6501479008929,18.98061235822,1819.26465383374,241.958378958044,189.672657314092,1574.60917233905,-169.857586379541,201.337595268545,1576.03762758604,0,0,0,0,0,0
17690.4141683,960,-0.00980149302631617,0.0298941045999527,0,-37.3285080605358,7.32317344033753,1835.95224193525,94.4178044220453,19.3036104740812,1819.37752883719,241.736062085937,189.800621635376,1574.57471668303,-170.156746078293,201.571094708996,1575.93848935874,0,0,0,0,0,0
17690.4246808,960,-0.00961197540163994,0.0298909604549408,0,-37.4827712854359,7.66325218269548,1836.05921313668,94.2462401381111,19.6472837140701,1819.48103655116,241.531762899154,189.922695517162,1574.53208024799,-170.454223012965,201.7456670809,1575.8613344202,0,0,0,0,0,0
17690.4352233,960,-0.00985405873507261,0.029351843893528,0,-37.6534907692772,7.95923179891737,1836.14380019366,94.09725107864,19.9390491950726,1819.54943914971,241.321793039361,190.047551476352,1574.48841992749,-170.673958395276,201.904376095851,1575.75126486679,0,0,0,0,0,0
17690.4458714,960,-0.00941555015742779,0.0297164455056191,0,-37.8614362088343,8.2251868927853,1836.2366757006,93.8861187261148,20.2362860175068,1819.57642603801,241.101457112836,190.173326530556,1574.46686557156,-170.886362434989,202.056162709841,1575.63799380113,0,0,0,0,0,0
17690.4564935,960,-0.00980809982866049,0.0298945590853691,0,-37.992807183921,8.4941467871277,1836.31103894136,93.6754541882462,20.5157668947663,1819.61784706505,240.90218425364,190.297037372676,1574.42812203861,-171.050941176344,202.268471196933,1575.45494639193,0,0,0,0,0,0
17690.4670798,960,-0.00991418864578009,0.029431289434433,0,-38.2169594960549,8.6982226467573,1836.36815777191,93.4105423251599,20.7789550547276,1819.66700002667,240.662434925571,190.470793999929,1574.36489779165,-171.277679414938,202.421615373412,1575.33699003345,0,0,0,0,0,0
17690.492299,960,-0.00994479842483997,0.0295052140951157,0,-38.3066181879368,8.78135995445498,1836.3932830011,93.3539482734967,20.864183763775,1819.70225509845,240.559141307732,190.532119404922,1574.33322765094,-171.347749795675,202.496004977579,1575.27681804662,0.181600004434586,0.203899994492531,0.962000012397766,72.3199996948242,77.5699996948242,354.970001220703
17690.5029225,960,-0.0102947382256389,0.0292712509632111,0,-38.6330646901539,9.16728201456784,1836.48393043021,93.0593350790441,21.2883330484368,1819.76959999658,240.114340342558,190.819046046016,1574.25984239745,-171.716900866262,202.720304840994,1575.02945601729,0,0,0,0,0,0
17690.5134924,960,-0.0101695349439979,0.0287331625819206,0,-38.8922317963255,9.38364319855832,1836.51883075641,92.904148884337,21.5215402934413,1819.82367428806,239.871949510236,191.017914942973,1574.19026554916,-171.994886895668,202.822386344538,1574.95484907238,0,0,0,0,0,0
17690.5241332,960,-0.0102006252855062,0.0288753196597099,0,-39.2910749208168,9.72218567776519,1836.53015763592,92.4998571720105,21.9309343628105,1819.85702769921,239.376415685817,191.484208365129,1574.09918177988,-172.493886738777,203.053958747062,1574.76121742011,0,0,0,0,0,0
17690.536758,960,-0.00957487709820271,0.027849180996418,0,-39.6136774223034,9.95433830398026,1836.50365366457,92.1221719012899,22.3619531916582,1819.80203291896,238.935657561642,191.985570557456,1574.07337450012,-172.975774061747,203.160665658254,1574.5986845487,0,0,0,0,0,0
17690.5473506,960,-0.00957190152257681,0.0284258335828781,0,-39.7267467691923,10.0663884615178,1836.47054471012,91.9912869346433,22.4783083616276,1819.79593887089,238.68271228343,192.291372798803,1574.06112232761,-173.285617476549,203.185051462912,1574.61655937012,0,0,0,0,0,0
17690.5579425,960,-0.00962074846029282,0.0285671561956406,0,-39.9748704012447,10.1580017507385,1836.45588704232,91.8203583939426,22.6602125167792,1819.75159711257,238.411330838333,192.606586022651,1574.02003326736,-173.473894593538,203.276816009592,1574.58310354703,0,0,0,0,0,0
17690.5685027,960,-0.0106865465641022,0.0290853440761566,0,-40.2028973876238,10.2529428510962,1836.40592449084,91.6813682070014,22.7980729916907,1819.69858304674,238.162570879819,192.916073633426,1573.97973171239,-173.778553232743,203.332567138488,1574.62561107962,0,0,0,0,0,0
17690.5791472,960,-0.00901977717876434,0.0268184825778008,0,-40.4186974284288,10.3666418588409,1836.32379704951,91.5043756842536,22.9643753785338,1819.64160654667,237.826563866884,193.375805319563,1573.90961634038,-174.118562044196,203.413845382541,1574.63986238641,0.177000001072884,-0.013399999588728,0.984099984169006,68.6600036621094,95.0100021362305,337.140014648438
17690.5898698,960,-0.00926539581269026,0.0277439787983894,0,-40.5146873881945,10.4461438703386,1836.30028800381,91.3995243629392,23.0602367825555,1819.60660673975,237.670444796435,193.62010882749,1573.87236206497,-174.280082762916,203.463632316417,1574.62626970729,0,0,0,0,0,0
17690.6004071,960,-0.00844584032893181,0.0280421733856201,0,-40.6795514746844,10.5745337322072,1836.22740907249,91.1895859556465,23.2271734043948,1819.54596537885,237.472744337925,193.973715613761,1573.86510655209,-174.517248830963,203.539097891654,1574.62305311028,0,0,0,0,0,0
17690.6118489,960,-0.00912158377468586,0.0279358461499214,0,-40.8210296628084,10.7313393592803,1836.15237058536,91.0107970399022,23.3991519987806,1819.51165883006,237.311012898125,194.263265361329,1573.86775511076,-174.715077436137,203.701280231048,1574.56034504773,0,0,0,0,0,0
17690.630885,960,-0.00835536699742079,0.0268262907862663,0,-40.8737554260983,10.7562271668573,1836.13671844231,90.9502826297305,23.4535786348605,1819.49358728923,237.268084702806,194.357443732989,1573.87632873913,-174.780153579295,203.730052827429,1574.55117660032,0.116599999368191,-0.0007999999797903,0.9932000041008,0,0,0
17690.6415466,960,-0.0100966552272439,0.0258186370134354,0,-41.0331662091247,11.0659419658241,1835.99423670275,90.5562734655397,23.8226273432647,1819.4007487963,236.534466180762,195.237707245979,1573.76614217458,-175.372358809065,203.920742733183,1574.48809220836,0,0,0,0,0,0
17690.65596,960,-0.00923892389982939,0.0274870976805687,0,-41.079610093859,11.0961065486174,1835.9747618693,90.5094477006569,23.874914863251,1819.39502442706,236.445244122319,195.37473749289,1573.73572260012,-175.457983295936,203.932574513971,1574.48407864682,0.120999999344349,0.0500000007450581,0.991400003433228,0,0,0
17690.6665886,960,-0.00716396141797304,0.0274555221199989,0,-41.5592051304877,11.4703273563163,1835.89755951715,90.2407946898036,24.3204677730402,1819.34683428577,235.892971390167,196.174462854656,1573.55268161146,-176.062837162751,204.153600917298,1574.33581435076,0,0,0,0,0,0
17690.6772458,960,-0.00719700194895267,0.0276310056447983,0,-41.709709721392,11.6044834060635,1835.87309625526,90.1049359955429,24.5040026057925,1819.30903275758,235.758376804275,196.444652723155,1573.50044703279,-176.229623996349,204.24431931313,1574.22371722631,0,0,0,0,0,0
17690.6878677,960,-0.00692703668028116,0.0283135831356049,0,-41.8552740389771,11.7444135788752,1835.87171973039,89.9452399278168,24.7289547075738,1819.27595970345,235.58194785889,196.721834463991,1573.41326088866,-176.42863237293,204.311950427615,1574.15899212867,0,0,0,0,0,0
17690.6984479,960,-0.0067763957194984,0.0281670451164246,0,-41.9538281816037,11.8556472320946,1835.90010995501,89.8016814962151,24.9406536368693,1819.25349323642,235.36810889717,197.006570788217,1573.29565930225,-176.621721575288,204.406597137538,1574.07350661781,0,0,0,0,0,0
17690.7090321,960,-0.00662777712568641,0.0287629127502441,0,-42.1157681769335,12.0287196959191,1835.90084903609,89.6590850886167,25.1993819792213,1819.25061353952,235.009850006895,197.409372673628,1573.10526798215,-176.964529513722,204.490755568518,1574.01824252138,0.0886000022292137,0.0305000003427267,0.995599985122681,82.25,96.9000015258789,331.910003662109
17690.7195487,960,-0.0065637924708426,0.028315669298172,0,-42.1938329288231,12.1315961934357,1835.92305928158,89.561857152271,25.3396215875609,1819.2454943332,234.896636716836,197.553196346947,1573.04637817723,-177.094400553329,204.541247533304,1573.99825572062,0,0,0,0,0,0
17690.7302076,960,-0.00628278590738773,0.0283581748604775,0,-42.4335095697881,12.4237383390945,1835.92083874594,89.299689302557,25.6872126093632,1819.24976682923,234.516003525455,197.931017218999,1572.90228935236,-177.420717649977,204.703056068813,1573.93632314505,0,0,0,0,0,0
17690.7415324,960,-0.00639240723103285,0.0285360798239708,0,-42.4856075784597,12.460446831716,1835.93471715304,89.2594455800326,25.7368191256306,1819.25048599585,234.452165982741,197.989066438616,1572.89274998018,-177.476932792517,204.739800378512,1573.92083711139,0,0,0,0,0,0
17690.7566003,960,-0.00656986981630325,0.0288663864135742,0,-42.5013540704605,12.5242938082813,1835.91804731735,89.1829530535461,25.795829981547,1819.26153496375,234.382078118798,198.053360402527,1572.86581338352,-177.543277712901,204.763081719142,1573.92052949094,0.198599994182587,-0.0284000001847744,0.979700028896332,0,0,0
17690.7672699,960,-0.00625643320381641,0.0280005395412445,0,-42.8338111127494,12.9653633283651,1835.87597469985,88.8765792790342,26.1616735952965,1819.27416238028,234.011913998973,198.656744150261,1572.71041486674,-178.071308631926,204.888779046635,1573.83577530182,0,0,0,0,0,0
17690.7822361,960,-0.00656114984303713,0.0280467107892036,0,-42.8580143196848,13.0347908360216,1835.882067995,88.8477190900568,26.2020242145539,1819.28089881855,233.966009872316,198.740289405567,1572.68695707261,-178.131862584798,204.885211875784,1573.82087777694,0.0991000011563301,-0.00430000014603138,0.995100021362305,0,0,0
17690.7928369,960,-0.00592074356973171,0.0283639565110207,0,-43.1422413831665,13.3832649152274,1835.78702598087,88.6258923711104,26.5560847084714,1819.25162410878,233.643784152216,199.354586827205,1572.54531355891,-178.457034635293,204.974688333758,1573.65406931197,0,0,0,0,0,0
17690.8034839,960,-0.00655059376731515,0.0289103671908379,0,-43.3911749938366,13.5290255134861,1835.76682803562,88.4563658935971,26.7929837860784,1819.18639131025,233.441788515382,199.667460240749,1572.47654239832,-178.625770180185,205.000433236422,1573.56759521278,0,0,0,0,0,0
17690.8167558,960,-0.0061823227442801,0.0284603372216225,0,-43.5270485755541,13.7230418898411,1835.71696928045,88.3252760546012,27.0564217563808,1819.13013532585,233.255177086615,199.982896787516,1572.41299840601,-178.739307407975,205.121824759671,1573.44743900504,0.190200001001358,0.171399995684624,0.96670001745224,81.8000030517578,61.4900016784668,342.640014648438
17690.8275245,960,-0.00579595472663641,0.0288819879293442,0,-43.6265681771031,13.8072581035127,1835.69567049562,88.2326551593522,27.151861353502,1819.10073474485,233.16616766726,200.11671004128,1572.37740613007,-178.804424736338,205.143343834048,1573.40973739543,0,0,0,0,0,0
17690.8382335,960,-0.00679453881457448,0.0308307990431786,0,-43.7872940275123,14.0064876114188,1835.63842290533,88.1034305795758,27.3728405102637,1819.05141632452,233.019525648269,200.431738740068,1572.32980926324,-178.944165764133,205.198997634965,1573.30557664446,0.223299995064735,0.130999997258186,0.965900003910065,85.5899963378906,56.0999984741211,342.920013427734
17690.8487655,960,-0.00495556136593223,0.0271349981427193,0,-43.8779947250064,14.0878354743948,1835.63301531886,87.6519121439079,27.7056249271927,1818.92554709392,232.946705620756,200.588201199697,1572.30791572262,-179.011510838214,205.240936774592,1573.26194812653,0,0,0,0,0,0
17690.8720369,960,-0.00543765211477876,0.0274975433945656,0,-43.8958328164607,14.1251612020157,1835.63987481456,87.6205899562081,27.74236800407,1818.92147350828,232.931506981749,200.65623013531,1572.30810513398,-179.061403948031,205.264648641348,1573.25692458068,0.0859000012278557,-0.0621999986469746,0.994400024414062,83.7699966430664,74.1900024414062,338.959991455078
17690.8826329,960,-0.00540950102731586,0.0284995049238205,0,-44.0713991957068,14.3024112806929,1835.62454551793,87.8023880600507,27.7321759827899,1818.99522577436,232.831448875188,201.016667306743,1572.28236461742,-179.263138938129,205.295766091833,1573.2035757191,0,0,0,0,0,0
17690.8932043,960,-0.00628821086138487,0.0276861622929573,0,-44.2059850872357,14.4927424521938,1835.60466028438,87.6676656163287,27.933439139419,1819.00892732792,232.754397534335,201.40503178892,1572.28801999919,-179.347510991754,205.280403019887,1573.12700769743,0,0,0,0,0,0
17690.9037814,960,-0.00619215471670032,0.0278880432248116,0,-44.29010277638,14.5608353150266,1835.60780776307,87.6085082231012,28.0189436118505,1819.02849675487,232.690613082667,201.5610829716,1572.2824662199,-179.427286534095,205.272292780647,1573.11351485284,0,0,0,0,0,0
17690.9166966,960,-0.00761392572894692,0.0269131943583489,0,-44.3531129630879,14.7128596401567,1835.59848091101,87.4692088452521,28.20490530677,1819.03408532912,232.606640007075,201.884086351115,1572.27170374632,-179.541283845224,205.181801590843,1573.10791118146,0,0,0,0,0,0
17690.9273481,960,-0.00657257717102766,0.0276567250490189,0,-44.4134539524565,14.7995623802258,1835.59168818142,87.3899280169552,28.3422508050115,1819.07175308984,232.525300198433,202.088809213191,1572.25728821109,-179.599430373219,205.141448290805,1573.09746104825,0.152400001883507,0.0233999993652105,0.987999975681305,87.5800018310547,120.120002746582,323.670013427734
17690.9380052,960,-0.00736190471798182,0.0274193644523621,0,-44.4595782422956,14.8637010417936,1835.57834147936,87.3545369027556,28.4181177349973,1819.09457745353,232.443547429129,202.248668262824,1572.24053425167,-179.641655086762,205.106215045054,1573.09773280744,0.181099995970726,-0.0878000035881996,0.979499995708466,78.0299987792969,101.76000213623,330.619995117188
17690.9486846,960,-0.00661864737048745,0.0282199367880821,0,-44.4669655487039,14.8924025797125,1835.58767758056,87.3372293642627,28.4681250654367,1819.11505912562,232.425648514708,202.355258144725,1572.23929880173,-179.654016702863,205.090266124224,1573.07834638951,0,0,0,0,0,0
17690.9675321,960,-0.00676081841811538,0.0282081127166748,0,-44.3926612493871,14.9295330608599,1835.56339393735,87.3372350099492,28.4755148794997,1819.12932475612,232.405320806779,202.409875446922,1572.24140409508,-179.664241754001,205.06462639861,1573.08118005121,0.159600004553795,0.155799999833107,0.974799990653992,59.1199989318848,78.879997253418,339.299987792969
17690.9781204,960,-0.0074095269665122,0.0275220185518265,0,-44.3975537965772,14.9516001257411,1835.56097439725,87.3127097158414,28.5255623467923,1819.13535981528,232.348334966781,202.506139148301,1572.22137300578,-179.702606180132,205.045135843199,1573.09212141485,0,0,0,0,0,0
17691.0034479,960,-0.00744902994483709,0.0274610951542854,0,-44.3968109132885,14.9694735756686,1835.55338181123,87.2992737433591,28.5426233192005,1819.15308371692,232.33685181617,202.557697129659,1572.21615853086,-179.735088208687,205.055907694929,1573.07889515715,0.172800004482269,0.0804999992251396,0.981700003147125,0,0,0
17691.0140844,960,-0.00792190805077553,0.0269544780254364,0,-44.4446677806191,15.1246732662383,1835.54534814134,87.220976282628,28.7432571270337,1819.19417362206,232.190075632751,202.910287245943,1572.17759661139,-179.789602915787,205.119737136262,1572.97097508182,0,0,0,0,0,0
17691.0247647,960,-0.00731182703748345,0.0279548674821854,0,-44.4444382149278,15.2215075191202,1835.56028987839,87.2111693004816,28.8334085127588,1819.22906452461,232.133129069376,202.963037289488,1572.1937047241,-179.821347487327,205.203502726986,1572.92734382796,0,0,0,0,0,0
17691.0380958,960,-0.007441739551723,0.0276921600103378,0,-44.4294398203164,15.247046476313,1835.57337511564,87.2052281431139,28.8500108217029,1819.22080117118,232.10765551878,202.958558477649,1572.18921951912,-179.811201862161,205.2033618407,1572.91739314734,0.212599992752075,0.00540000014007092,0.977100014686584,0,0,0
17691.0486775,960,-0.00755781587213278,0.0279132857918739,0,-44.4609046762088,15.3206872916555,1835.65066780788,87.2012277993194,28.8703527362166,1819.25588391852,232.067576192196,202.913982019121,1572.24419530498,-179.832867570917,205.354175554433,1572.88856864459,0,0,0,0,0,0
17691.0598909,960,-0.00741654634475708,0.0268604218959808,0,-44.5277209610633,15.3548484904065,1835.67554715567,87.1706415721104,28.9119231896135,1819.26044324713,232.043477890593,202.86488185195,1572.29097211924,-179.857406322676,205.438315295958,1572.87995415483,0,0,0,0,0,0
17691.0837315,960,-0.0075990897603333,0.0269852042198181,0,-44.5270836340108,15.3864574756913,1835.68295027466,87.1561687639441,28.9162430500558,1819.27068352444,232.036793488796,202.847840480442,1572.30485456763,-179.861047686377,205.475055665322,1572.87303773165,0.104500003159046,0.0485999993979931,0.993300020694733,0,0,0
17691.0943757,960,-0.00841705035418272,0.0268071055412293,0,-44.5824128884636,15.5030800373501,1835.74800779093,87.0314433817319,28.9608972094428,1819.32450749444,232.033141112003,202.653219070204,1572.42481395056,-179.882662477854,205.762234516128,1572.81760555875,0,0,0,0,0,0
NaN,NaN,NaN,NaN,NaN,NaN,NaN,NaN,NaN,NaN,NaN,NaN,NaN,NaN,NaN,NaN,NaN,NaN,NaN,NaN,NaN,NaN,NaN
NaN,NaN,NaN,NaN,NaN,NaN,NaN,NaN,NaN,NaN,NaN,NaN,NaN,NaN,NaN,NaN,NaN,NaN,NaN,NaN,NaN,NaN,NaN
NaN,NaN,NaN,NaN,NaN,NaN,NaN,NaN,NaN,NaN,NaN,NaN,NaN,NaN,NaN,NaN,NaN,NaN,NaN,NaN,NaN,NaN,NaN
NaN,NaN,NaN,NaN,NaN,NaN,NaN,NaN,NaN,NaN,NaN,NaN,NaN,NaN,NaN,NaN,NaN,NaN,NaN,NaN,NaN,NaN,NaN
NaN,NaN,NaN,NaN,NaN,NaN,NaN,NaN,NaN,NaN,NaN,NaN,NaN,NaN,NaN,NaN,NaN,NaN,NaN,NaN,NaN,NaN,NaN
NaN,NaN,NaN,NaN,NaN,NaN,NaN,NaN,NaN,NaN,NaN,NaN,NaN,NaN,NaN,NaN,NaN,NaN,NaN,NaN,NaN,NaN,NaN
NaN,NaN,NaN,NaN,NaN,NaN,NaN,NaN,NaN,NaN,NaN,NaN,NaN,NaN,NaN,NaN,NaN,NaN,NaN,NaN,NaN,NaN,NaN
NaN,NaN,NaN,NaN,NaN,NaN,NaN,NaN,NaN,NaN,NaN,NaN,NaN,NaN,NaN,NaN,NaN,NaN,NaN,NaN,NaN,NaN,NaN
NaN,NaN,NaN,NaN,NaN,NaN,NaN,NaN,NaN,NaN,NaN,NaN,NaN,NaN,NaN,NaN,NaN,NaN,NaN,NaN,NaN,NaN,NaN
NaN,NaN,NaN,NaN,NaN,NaN,NaN,NaN,NaN,NaN,NaN,NaN,NaN,NaN,NaN,NaN,NaN,NaN,NaN,NaN,NaN,NaN,NaN
NaN,NaN,NaN,NaN,NaN,NaN,NaN,NaN,NaN,NaN,NaN,NaN,NaN,NaN,NaN,NaN,NaN,NaN,NaN,NaN,NaN,NaN,NaN
NaN,NaN,NaN,NaN,NaN,NaN,NaN,NaN,NaN,NaN,NaN,NaN,NaN,NaN,NaN,NaN,NaN,NaN,NaN,NaN,NaN,NaN,NaN
NaN,NaN,NaN,NaN,NaN,NaN,NaN,NaN,NaN,NaN,NaN,NaN,NaN,NaN,NaN,NaN,NaN,NaN,NaN,NaN,NaN,NaN,NaN
NaN,NaN,NaN,NaN,NaN,NaN,NaN,NaN,NaN,NaN,NaN,NaN,NaN,NaN,NaN,NaN,NaN,NaN,NaN,NaN,NaN,NaN,NaN
NaN,NaN,NaN,NaN,NaN,NaN,NaN,NaN,NaN,NaN,NaN,NaN,NaN,NaN,NaN,NaN,NaN,NaN,NaN,NaN,NaN,NaN,NaN
NaN,NaN,NaN,NaN,NaN,NaN,NaN,NaN,NaN,NaN,NaN,NaN,NaN,NaN,NaN,NaN,NaN,NaN,NaN,NaN,NaN,NaN,NaN
NaN,NaN,NaN,NaN,NaN,NaN,NaN,NaN,NaN,NaN,NaN,NaN,NaN,NaN,NaN,NaN,NaN,NaN,NaN,NaN,NaN,NaN,NaN
NaN,NaN,NaN,NaN,NaN,NaN,NaN,NaN,NaN,NaN,NaN,NaN,NaN,NaN,NaN,NaN,NaN,NaN,NaN,NaN,NaN,NaN,NaN
NaN,NaN,NaN,NaN,NaN,NaN,NaN,NaN,NaN,NaN,NaN,NaN,NaN,NaN,NaN,NaN,NaN,NaN,NaN,NaN,NaN,NaN,NaN
NaN,NaN,NaN,NaN,NaN,NaN,NaN,NaN,NaN,NaN,NaN,NaN,NaN,NaN,NaN,NaN,NaN,NaN,NaN,NaN,NaN,NaN,NaN
NaN,NaN,NaN,NaN,NaN,NaN,NaN,NaN,NaN,NaN,NaN,NaN,NaN,NaN,NaN,NaN,NaN,NaN,NaN,NaN,NaN,NaN,NaN
NaN,NaN,NaN,NaN,NaN,NaN,NaN,NaN,NaN,NaN,NaN,NaN,NaN,NaN,NaN,NaN,NaN,NaN,NaN,NaN,NaN,NaN,NaN
NaN,NaN,NaN,NaN,NaN,NaN,NaN,NaN,NaN,NaN,NaN,NaN,NaN,NaN,NaN,NaN,NaN,NaN,NaN,NaN,NaN,NaN,NaN
NaN,NaN,NaN,NaN,NaN,NaN,NaN,NaN,NaN,NaN,NaN,NaN,NaN,NaN,NaN,NaN,NaN,NaN,NaN,NaN,NaN,NaN,NaN
NaN,NaN,NaN,NaN,NaN,NaN,NaN,NaN,NaN,NaN,NaN,NaN,NaN,NaN,NaN,NaN,NaN,NaN,NaN,NaN,NaN,NaN,NaN
NaN,NaN,NaN,NaN,NaN,NaN,NaN,NaN,NaN,NaN,NaN,NaN,NaN,NaN,NaN,NaN,NaN,NaN,NaN,NaN,NaN,NaN,NaN
NaN,NaN,NaN,NaN,NaN,NaN,NaN,NaN,NaN,NaN,NaN,NaN,NaN,NaN,NaN,NaN,NaN,NaN,NaN,NaN,NaN,NaN,NaN
NaN,NaN,NaN,NaN,NaN,NaN,NaN,NaN,NaN,NaN,NaN,NaN,NaN,NaN,NaN,NaN,NaN,NaN,NaN,NaN,NaN,NaN,NaN
NaN,NaN,NaN,NaN,NaN,NaN,NaN,NaN,NaN,NaN,NaN,NaN,NaN,NaN,NaN,NaN,NaN,NaN,NaN,NaN,NaN,NaN,NaN
NaN,NaN,NaN,NaN,NaN,NaN,NaN,NaN,NaN,NaN,NaN,NaN,NaN,NaN,NaN,NaN,NaN,NaN,NaN,NaN,NaN,NaN,NaN
NaN,NaN,NaN,NaN,NaN,NaN,NaN,NaN,NaN,NaN,NaN,NaN,NaN,NaN,NaN,NaN,NaN,NaN,NaN,NaN,NaN,NaN,NaN
NaN,NaN,NaN,NaN,NaN,NaN,NaN,NaN,NaN,NaN,NaN,NaN,NaN,NaN,NaN,NaN,NaN,NaN,NaN,NaN,NaN,NaN,NaN
NaN,NaN,NaN,NaN,NaN,NaN,NaN,NaN,NaN,NaN,NaN,NaN,NaN,NaN,NaN,NaN,NaN,NaN,NaN,NaN,NaN,NaN,NaN
NaN,NaN,NaN,NaN,NaN,NaN,NaN,NaN,NaN,NaN,NaN,NaN,NaN,NaN,NaN,NaN,NaN,NaN,NaN,NaN,NaN,NaN,NaN
NaN,NaN,NaN,NaN,NaN,NaN,NaN,NaN,NaN,NaN,NaN,NaN,NaN,NaN,NaN,NaN,NaN,NaN,NaN,NaN,NaN,NaN,NaN
NaN,NaN,NaN,NaN,NaN,NaN,NaN,NaN,NaN,NaN,NaN,NaN,NaN,NaN,NaN,NaN,NaN,NaN,NaN,NaN,NaN,NaN,NaN
NaN,NaN,NaN,NaN,NaN,NaN,NaN,NaN,NaN,NaN,NaN,NaN,NaN,NaN,NaN,NaN,NaN,NaN,NaN,NaN,NaN,NaN,NaN
NaN,NaN,NaN,NaN,NaN,NaN,NaN,NaN,NaN,NaN,NaN,NaN,NaN,NaN,NaN,NaN,NaN,NaN,NaN,NaN,NaN,NaN,NaN
NaN,NaN,NaN,NaN,NaN,NaN,NaN,NaN,NaN,NaN,NaN,NaN,NaN,NaN,NaN,NaN,NaN,NaN,NaN,NaN,NaN,NaN,NaN
NaN,NaN,NaN,NaN,NaN,NaN,NaN,NaN,NaN,NaN,NaN,NaN,NaN,NaN,NaN,NaN,NaN,NaN,NaN,NaN,NaN,NaN,NaN
NaN,NaN,NaN,NaN,NaN,NaN,NaN,NaN,NaN,NaN,NaN,NaN,NaN,NaN,NaN,NaN,NaN,NaN,NaN,NaN,NaN,NaN,NaN
NaN,NaN,NaN,NaN,NaN,NaN,NaN,NaN,NaN,NaN,NaN,NaN,NaN,NaN,NaN,NaN,NaN,NaN,NaN,NaN,NaN,NaN,NaN
NaN,NaN,NaN,NaN,NaN,NaN,NaN,NaN,NaN,NaN,NaN,NaN,NaN,NaN,NaN,NaN,NaN,NaN,NaN,NaN,NaN,NaN,NaN
NaN,NaN,NaN,NaN,NaN,NaN,NaN,NaN,NaN,NaN,NaN,NaN,NaN,NaN,NaN,NaN,NaN,NaN,NaN,NaN,NaN,NaN,NaN
NaN,NaN,NaN,NaN,NaN,NaN,NaN,NaN,NaN,NaN,NaN,NaN,NaN,NaN,NaN,NaN,NaN,NaN,NaN,NaN,NaN,NaN,NaN
NaN,NaN,NaN,NaN,NaN,NaN,NaN,NaN,NaN,NaN,NaN,NaN,NaN,NaN,NaN,NaN,NaN,NaN,NaN,NaN,NaN,NaN,NaN
NaN,NaN,NaN,NaN,NaN,NaN,NaN,NaN,NaN,NaN,NaN,NaN,NaN,NaN,NaN,NaN,NaN,NaN,NaN,NaN,NaN,NaN,NaN
NaN,NaN,NaN,NaN,NaN,NaN,NaN,NaN,NaN,NaN,NaN,NaN,NaN,NaN,NaN,NaN,NaN,NaN,NaN,NaN,NaN,NaN,NaN
NaN,NaN,NaN,NaN,NaN,NaN,NaN,NaN,NaN,NaN,NaN,NaN,NaN,NaN,NaN,NaN,NaN,NaN,NaN,NaN,NaN,NaN,NaN
NaN,NaN,NaN,NaN,NaN,NaN,NaN,NaN,NaN,NaN,NaN,NaN,NaN,NaN,NaN,NaN,NaN,NaN,NaN,NaN,NaN,NaN,NaN
NaN,NaN,NaN,NaN,NaN,NaN,NaN,NaN,NaN,NaN,NaN,NaN,NaN,NaN,NaN,NaN,NaN,NaN,NaN,NaN,NaN,NaN,NaN
NaN,NaN,NaN,NaN,NaN,NaN,NaN,NaN,NaN,NaN,NaN,NaN,NaN,NaN,NaN,NaN,NaN,NaN,NaN,NaN,NaN,NaN,NaN
NaN,NaN,NaN,NaN,NaN,NaN,NaN,NaN,NaN,NaN,NaN,NaN,NaN,NaN,NaN,NaN,NaN,NaN,NaN,NaN,NaN,NaN,NaN
NaN,NaN,NaN,NaN,NaN,NaN,NaN,NaN,NaN,NaN,NaN,NaN,NaN,NaN,NaN,NaN,NaN,NaN,NaN,NaN,NaN,NaN,NaN
NaN,NaN,NaN,NaN,NaN,NaN,NaN,NaN,NaN,NaN,NaN,NaN,NaN,NaN,NaN,NaN,NaN,NaN,NaN,NaN,NaN,NaN,NaN
NaN,NaN,NaN,NaN,NaN,NaN,NaN,NaN,NaN,NaN,NaN,NaN,NaN,NaN,NaN,NaN,NaN,NaN,NaN,NaN,NaN,NaN,NaN
NaN,NaN,NaN,NaN,NaN,NaN,NaN,NaN,NaN,NaN,NaN,NaN,NaN,NaN,NaN,NaN,NaN,NaN,NaN,NaN,NaN,NaN,NaN
NaN,NaN,NaN,NaN,NaN,NaN,NaN,NaN,NaN,NaN,NaN,NaN,NaN,NaN,NaN,NaN,NaN,NaN,NaN,NaN,NaN,NaN,NaN
NaN,NaN,NaN,NaN,NaN,NaN,NaN,NaN,NaN,NaN,NaN,NaN,NaN,NaN,NaN,NaN,NaN,NaN,NaN,NaN,NaN,NaN,NaN
NaN,NaN,NaN,NaN,NaN,NaN,NaN,NaN,NaN,NaN,NaN,NaN,NaN,NaN,NaN,NaN,NaN,NaN,NaN,NaN,NaN,NaN,NaN
NaN,NaN,NaN,NaN,NaN,NaN,NaN,NaN,NaN,NaN,NaN,NaN,NaN,NaN,NaN,NaN,NaN,NaN,NaN,NaN,NaN,NaN,NaN
NaN,NaN,NaN,NaN,NaN,NaN,NaN,NaN,NaN,NaN,NaN,NaN,NaN,NaN,NaN,NaN,NaN,NaN,NaN,NaN,NaN,NaN,NaN
NaN,NaN,NaN,NaN,NaN,NaN,NaN,NaN,NaN,NaN,NaN,NaN,NaN,NaN,NaN,NaN,NaN,NaN,NaN,NaN,NaN,NaN,NaN
NaN,NaN,NaN,NaN,NaN,NaN,NaN,NaN,NaN,NaN,NaN,NaN,NaN,NaN,NaN,NaN,NaN,NaN,NaN,NaN,NaN,NaN,NaN
NaN,NaN,NaN,NaN,NaN,NaN,NaN,NaN,NaN,NaN,NaN,NaN,NaN,NaN,NaN,NaN,NaN,NaN,NaN,NaN,NaN,NaN,NaN
NaN,NaN,NaN,NaN,NaN,NaN,NaN,NaN,NaN,NaN,NaN,NaN,NaN,NaN,NaN,NaN,NaN,NaN,NaN,NaN,NaN,NaN,NaN
NaN,NaN,NaN,NaN,NaN,NaN,NaN,NaN,NaN,NaN,NaN,NaN,NaN,NaN,NaN,NaN,NaN,NaN,NaN,NaN,NaN,NaN,NaN
NaN,NaN,NaN,NaN,NaN,NaN,NaN,NaN,NaN,NaN,NaN,NaN,NaN,NaN,NaN,NaN,NaN,NaN,NaN,NaN,NaN,NaN,NaN
NaN,NaN,NaN,NaN,NaN,NaN,NaN,NaN,NaN,NaN,NaN,NaN,NaN,NaN,NaN,NaN,NaN,NaN,NaN,NaN,NaN,NaN,NaN
NaN,NaN,NaN,NaN,NaN,NaN,NaN,NaN,NaN,NaN,NaN,NaN,NaN,NaN,NaN,NaN,NaN,NaN,NaN,NaN,NaN,NaN,NaN
NaN,NaN,NaN,NaN,NaN,NaN,NaN,NaN,NaN,NaN,NaN,NaN,NaN,NaN,NaN,NaN,NaN,NaN,NaN,NaN,NaN,NaN,NaN
NaN,NaN,NaN,NaN,NaN,NaN,NaN,NaN,NaN,NaN,NaN,NaN,NaN,NaN,NaN,NaN,NaN,NaN,NaN,NaN,NaN,NaN,NaN
NaN,NaN,NaN,NaN,NaN,NaN,NaN,NaN,NaN,NaN,NaN,NaN,NaN,NaN,NaN,NaN,NaN,NaN,NaN,NaN,NaN,NaN,NaN
NaN,NaN,NaN,NaN,NaN,NaN,NaN,NaN,NaN,NaN,NaN,NaN,NaN,NaN,NaN,NaN,NaN,NaN,NaN,NaN,NaN,NaN,NaN
NaN,NaN,NaN,NaN,NaN,NaN,NaN,NaN,NaN,NaN,NaN,NaN,NaN,NaN,NaN,NaN,NaN,NaN,NaN,NaN,NaN,NaN,NaN
NaN,NaN,NaN,NaN,NaN,NaN,NaN,NaN,NaN,NaN,NaN,NaN,NaN,NaN,NaN,NaN,NaN,NaN,NaN,NaN,NaN,NaN,NaN
NaN,NaN,NaN,NaN,NaN,NaN,NaN,NaN,NaN,NaN,NaN,NaN,NaN,NaN,NaN,NaN,NaN,NaN,NaN,NaN,NaN,NaN,NaN
NaN,NaN,NaN,NaN,NaN,NaN,NaN,NaN,NaN,NaN,NaN,NaN,NaN,NaN,NaN,NaN,NaN,NaN,NaN,NaN,NaN,NaN,NaN
NaN,NaN,NaN,NaN,NaN,NaN,NaN,NaN,NaN,NaN,NaN,NaN,NaN,NaN,NaN,NaN,NaN,NaN,NaN,NaN,NaN,NaN,NaN
NaN,NaN,NaN,NaN,NaN,NaN,NaN,NaN,NaN,NaN,NaN,NaN,NaN,NaN,NaN,NaN,NaN,NaN,NaN,NaN,NaN,NaN,NaN
NaN,NaN,NaN,NaN,NaN,NaN,NaN,NaN,NaN,NaN,NaN,NaN,NaN,NaN,NaN,NaN,NaN,NaN,NaN,NaN,NaN,NaN,NaN
NaN,NaN,NaN,NaN,NaN,NaN,NaN,NaN,NaN,NaN,NaN,NaN,NaN,NaN,NaN,NaN,NaN,NaN,NaN,NaN,NaN,NaN,NaN
NaN,NaN,NaN,NaN,NaN,NaN,NaN,NaN,NaN,NaN,NaN,NaN,NaN,NaN,NaN,NaN,NaN,NaN,NaN,NaN,NaN,NaN,NaN
NaN,NaN,NaN,NaN,NaN,NaN,NaN,NaN,NaN,NaN,NaN,NaN,NaN,NaN,NaN,NaN,NaN,NaN,NaN,NaN,NaN,NaN,NaN
NaN,NaN,NaN,NaN,NaN,NaN,NaN,NaN,NaN,NaN,NaN,NaN,NaN,NaN,NaN,NaN,NaN,NaN,NaN,NaN,NaN,NaN,NaN
NaN,NaN,NaN,NaN,NaN,NaN,NaN,NaN,NaN,NaN,NaN,NaN,NaN,NaN,NaN,NaN,NaN,NaN,NaN,NaN,NaN,NaN,NaN
NaN,NaN,NaN,NaN,NaN,NaN,NaN,NaN,NaN,NaN,NaN,NaN,NaN,NaN,NaN,NaN,NaN,NaN,NaN,NaN,NaN,NaN,NaN
NaN,NaN,NaN,NaN,NaN,NaN,NaN,NaN,NaN,NaN,NaN,NaN,NaN,NaN,NaN,NaN,NaN,NaN,NaN,NaN,NaN,NaN,NaN
NaN,NaN,NaN,NaN,NaN,NaN,NaN,NaN,NaN,NaN,NaN,NaN,NaN,NaN,NaN,NaN,NaN,NaN,NaN,NaN,NaN,NaN,NaN
NaN,NaN,NaN,NaN,NaN,NaN,NaN,NaN,NaN,NaN,NaN,NaN,NaN,NaN,NaN,NaN,NaN,NaN,NaN,NaN,NaN,NaN,NaN
NaN,NaN,NaN,NaN,NaN,NaN,NaN,NaN,NaN,NaN,NaN,NaN,NaN,NaN,NaN,NaN,NaN,NaN,NaN,NaN,NaN,NaN,NaN
NaN,NaN,NaN,NaN,NaN,NaN,NaN,NaN,NaN,NaN,NaN,NaN,NaN,NaN,NaN,NaN,NaN,NaN,NaN,NaN,NaN,NaN,NaN
NaN,NaN,NaN,NaN,NaN,NaN,NaN,NaN,NaN,NaN,NaN,NaN,NaN,NaN,NaN,NaN,NaN,NaN,NaN,NaN,NaN,NaN,NaN
NaN,NaN,NaN,NaN,NaN,NaN,NaN,NaN,NaN,NaN,NaN,NaN,NaN,NaN,NaN,NaN,NaN,NaN,NaN,NaN,NaN,NaN,NaN
NaN,NaN,NaN,NaN,NaN,NaN,NaN,NaN,NaN,NaN,NaN,NaN,NaN,NaN,NaN,NaN,NaN,NaN,NaN,NaN,NaN,NaN,NaN
NaN,NaN,NaN,NaN,NaN,NaN,NaN,NaN,NaN,NaN,NaN,NaN,NaN,NaN,NaN,NaN,NaN,NaN,NaN,NaN,NaN,NaN,NaN
NaN,NaN,NaN,NaN,NaN,NaN,NaN,NaN,NaN,NaN,NaN,NaN,NaN,NaN,NaN,NaN,NaN,NaN,NaN,NaN,NaN,NaN,NaN
NaN,NaN,NaN,NaN,NaN,NaN,NaN,NaN,NaN,NaN,NaN,NaN,NaN,NaN,NaN,NaN,NaN,NaN,NaN,NaN,NaN,NaN,NaN
NaN,NaN,NaN,NaN,NaN,NaN,NaN,NaN,NaN,NaN,NaN,NaN,NaN,NaN,NaN,NaN,NaN,NaN,NaN,NaN,NaN,NaN,NaN
NaN,NaN,NaN,NaN,NaN,NaN,NaN,NaN,NaN,NaN,NaN,NaN,NaN,NaN,NaN,NaN,NaN,NaN,NaN,NaN,NaN,NaN,NaN
NaN,NaN,NaN,NaN,NaN,NaN,NaN,NaN,NaN,NaN,NaN,NaN,NaN,NaN,NaN,NaN,NaN,NaN,NaN,NaN,NaN,NaN,NaN
NaN,NaN,NaN,NaN,NaN,NaN,NaN,NaN,NaN,NaN,NaN,NaN,NaN,NaN,NaN,NaN,NaN,NaN,NaN,NaN,NaN,NaN,NaN
NaN,NaN,NaN,NaN,NaN,NaN,NaN,NaN,NaN,NaN,NaN,NaN,NaN,NaN,NaN,NaN,NaN,NaN,NaN,NaN,NaN,NaN,NaN
NaN,NaN,NaN,NaN,NaN,NaN,NaN,NaN,NaN,NaN,NaN,NaN,NaN,NaN,NaN,NaN,NaN,NaN,NaN,NaN,NaN,NaN,NaN
NaN,NaN,NaN,NaN,NaN,NaN,NaN,NaN,NaN,NaN,NaN,NaN,NaN,NaN,NaN,NaN,NaN,NaN,NaN,NaN,NaN,NaN,NaN
NaN,NaN,NaN,NaN,NaN,NaN,NaN,NaN,NaN,NaN,NaN,NaN,NaN,NaN,NaN,NaN,NaN,NaN,NaN,NaN,NaN,NaN,NaN
NaN,NaN,NaN,NaN,NaN,NaN,NaN,NaN,NaN,NaN,NaN,NaN,NaN,NaN,NaN,NaN,NaN,NaN,NaN,NaN,NaN,NaN,NaN
NaN,NaN,NaN,NaN,NaN,NaN,NaN,NaN,NaN,NaN,NaN,NaN,NaN,NaN,NaN,NaN,NaN,NaN,NaN,NaN,NaN,NaN,NaN
NaN,NaN,NaN,NaN,NaN,NaN,NaN,NaN,NaN,NaN,NaN,NaN,NaN,NaN,NaN,NaN,NaN,NaN,NaN,NaN,NaN,NaN,NaN
NaN,NaN,NaN,NaN,NaN,NaN,NaN,NaN,NaN,NaN,NaN,NaN,NaN,NaN,NaN,NaN,NaN,NaN,NaN,NaN,NaN,NaN,NaN
NaN,NaN,NaN,NaN,NaN,NaN,NaN,NaN,NaN,NaN,NaN,NaN,NaN,NaN,NaN,NaN,NaN,NaN,NaN,NaN,NaN,NaN,NaN
NaN,NaN,NaN,NaN,NaN,NaN,NaN,NaN,NaN,NaN,NaN,NaN,NaN,NaN,NaN,NaN,NaN,NaN,NaN,NaN,NaN,NaN,NaN
NaN,NaN,NaN,NaN,NaN,NaN,NaN,NaN,NaN,NaN,NaN,NaN,NaN,NaN,NaN,NaN,NaN,NaN,NaN,NaN,NaN,NaN,NaN
NaN,NaN,NaN,NaN,NaN,NaN,NaN,NaN,NaN,NaN,NaN,NaN,NaN,NaN,NaN,NaN,NaN,NaN,NaN,NaN,NaN,NaN,NaN
NaN,NaN,NaN,NaN,NaN,NaN,NaN,NaN,NaN,NaN,NaN,NaN,NaN,NaN,NaN,NaN,NaN,NaN,NaN,NaN,NaN,NaN,NaN
NaN,NaN,NaN,NaN,NaN,NaN,NaN,NaN,NaN,NaN,NaN,NaN,NaN,NaN,NaN,NaN,NaN,NaN,NaN,NaN,NaN,NaN,NaN
NaN,NaN,NaN,NaN,NaN,NaN,NaN,NaN,NaN,NaN,NaN,NaN,NaN,NaN,NaN,NaN,NaN,NaN,NaN,NaN,NaN,NaN,NaN
NaN,NaN,NaN,NaN,NaN,NaN,NaN,NaN,NaN,NaN,NaN,NaN,NaN,NaN,NaN,NaN,NaN,NaN,NaN,NaN,NaN,NaN,NaN
NaN,NaN,NaN,NaN,NaN,NaN,NaN,NaN,NaN,NaN,NaN,NaN,NaN,NaN,NaN,NaN,NaN,NaN,NaN,NaN,NaN,NaN,NaN
NaN,NaN,NaN,NaN,NaN,NaN,NaN,NaN,NaN,NaN,NaN,NaN,NaN,NaN,NaN,NaN,NaN,NaN,NaN,NaN,NaN,NaN,NaN
NaN,NaN,NaN,NaN,NaN,NaN,NaN,NaN,NaN,NaN,NaN,NaN,NaN,NaN,NaN,NaN,NaN,NaN,NaN,NaN,NaN,NaN,NaN
NaN,NaN,NaN,NaN,NaN,NaN,NaN,NaN,NaN,NaN,NaN,NaN,NaN,NaN,NaN,NaN,NaN,NaN,NaN,NaN,NaN,NaN,NaN
NaN,NaN,NaN,NaN,NaN,NaN,NaN,NaN,NaN,NaN,NaN,NaN,NaN,NaN,NaN,NaN,NaN,NaN,NaN,NaN,NaN,NaN,NaN
NaN,NaN,NaN,NaN,NaN,NaN,NaN,NaN,NaN,NaN,NaN,NaN,NaN,NaN,NaN,NaN,NaN,NaN,NaN,NaN,NaN,NaN,NaN
NaN,NaN,NaN,NaN,NaN,NaN,NaN,NaN,NaN,NaN,NaN,NaN,NaN,NaN,NaN,NaN,NaN,NaN,NaN,NaN,NaN,NaN,NaN
NaN,NaN,NaN,NaN,NaN,NaN,NaN,NaN,NaN,NaN,NaN,NaN,NaN,NaN,NaN,NaN,NaN,NaN,NaN,NaN,NaN,NaN,NaN
NaN,NaN,NaN,NaN,NaN,NaN,NaN,NaN,NaN,NaN,NaN,NaN,NaN,NaN,NaN,NaN,NaN,NaN,NaN,NaN,NaN,NaN,NaN
NaN,NaN,NaN,NaN,NaN,NaN,NaN,NaN,NaN,NaN,NaN,NaN,NaN,NaN,NaN,NaN,NaN,NaN,NaN,NaN,NaN,NaN,NaN
NaN,NaN,NaN,NaN,NaN,NaN,NaN,NaN,NaN,NaN,NaN,NaN,NaN,NaN,NaN,NaN,NaN,NaN,NaN,NaN,NaN,NaN,NaN
NaN,NaN,NaN,NaN,NaN,NaN,NaN,NaN,NaN,NaN,NaN,NaN,NaN,NaN,NaN,NaN,NaN,NaN,NaN,NaN,NaN,NaN,NaN
NaN,NaN,NaN,NaN,NaN,NaN,NaN,NaN,NaN,NaN,NaN,NaN,NaN,NaN,NaN,NaN,NaN,NaN,NaN,NaN,NaN,NaN,NaN
NaN,NaN,NaN,NaN,NaN,NaN,NaN,NaN,NaN,NaN,NaN,NaN,NaN,NaN,NaN,NaN,NaN,NaN,NaN,NaN,NaN,NaN,NaN
NaN,NaN,NaN,NaN,NaN,NaN,NaN,NaN,NaN,NaN,NaN,NaN,NaN,NaN,NaN,NaN,NaN,NaN,NaN,NaN,NaN,NaN,NaN
NaN,NaN,NaN,NaN,NaN,NaN,NaN,NaN,NaN,NaN,NaN,NaN,NaN,NaN,NaN,NaN,NaN,NaN,NaN,NaN,NaN,NaN,NaN
NaN,NaN,NaN,NaN,NaN,NaN,NaN,NaN,NaN,NaN,NaN,NaN,NaN,NaN,NaN,NaN,NaN,NaN,NaN,NaN,NaN,NaN,NaN
NaN,NaN,NaN,NaN,NaN,NaN,NaN,NaN,NaN,NaN,NaN,NaN,NaN,NaN,NaN,NaN,NaN,NaN,NaN,NaN,NaN,NaN,NaN
NaN,NaN,NaN,NaN,NaN,NaN,NaN,NaN,NaN,NaN,NaN,NaN,NaN,NaN,NaN,NaN,NaN,NaN,NaN,NaN,NaN,NaN,NaN
NaN,NaN,NaN,NaN,NaN,NaN,NaN,NaN,NaN,NaN,NaN,NaN,NaN,NaN,NaN,NaN,NaN,NaN,NaN,NaN,NaN,NaN,NaN
NaN,NaN,NaN,NaN,NaN,NaN,NaN,NaN,NaN,NaN,NaN,NaN,NaN,NaN,NaN,NaN,NaN,NaN,NaN,NaN,NaN,NaN,NaN
NaN,NaN,NaN,NaN,NaN,NaN,NaN,NaN,NaN,NaN,NaN,NaN,NaN,NaN,NaN,NaN,NaN,NaN,NaN,NaN,NaN,NaN,NaN
NaN,NaN,NaN,NaN,NaN,NaN,NaN,NaN,NaN,NaN,NaN,NaN,NaN,NaN,NaN,NaN,NaN,NaN,NaN,NaN,NaN,NaN,NaN
NaN,NaN,NaN,NaN,NaN,NaN,NaN,NaN,NaN,NaN,NaN,NaN,NaN,NaN,NaN,NaN,NaN,NaN,NaN,NaN,NaN,NaN,NaN
NaN,NaN,NaN,NaN,NaN,NaN,NaN,NaN,NaN,NaN,NaN,NaN,NaN,NaN,NaN,NaN,NaN,NaN,NaN,NaN,NaN,NaN,NaN
NaN,NaN,NaN,NaN,NaN,NaN,NaN,NaN,NaN,NaN,NaN,NaN,NaN,NaN,NaN,NaN,NaN,NaN,NaN,NaN,NaN,NaN,NaN
NaN,NaN,NaN,NaN,NaN,NaN,NaN,NaN,NaN,NaN,NaN,NaN,NaN,NaN,NaN,NaN,NaN,NaN,NaN,NaN,NaN,NaN,NaN
NaN,NaN,NaN,NaN,NaN,NaN,NaN,NaN,NaN,NaN,NaN,NaN,NaN,NaN,NaN,NaN,NaN,NaN,NaN,NaN,NaN,NaN,NaN
NaN,NaN,NaN,NaN,NaN,NaN,NaN,NaN,NaN,NaN,NaN,NaN,NaN,NaN,NaN,NaN,NaN,NaN,NaN,NaN,NaN,NaN,NaN
NaN,NaN,NaN,NaN,NaN,NaN,NaN,NaN,NaN,NaN,NaN,NaN,NaN,NaN,NaN,NaN,NaN,NaN,NaN,NaN,NaN,NaN,NaN
NaN,NaN,NaN,NaN,NaN,NaN,NaN,NaN,NaN,NaN,NaN,NaN,NaN,NaN,NaN,NaN,NaN,NaN,NaN,NaN,NaN,NaN,NaN
NaN,NaN,NaN,NaN,NaN,NaN,NaN,NaN,NaN,NaN,NaN,NaN,NaN,NaN,NaN,NaN,NaN,NaN,NaN,NaN,NaN,NaN,NaN
NaN,NaN,NaN,NaN,NaN,NaN,NaN,NaN,NaN,NaN,NaN,NaN,NaN,NaN,NaN,NaN,NaN,NaN,NaN,NaN,NaN,NaN,NaN
NaN,NaN,NaN,NaN,NaN,NaN,NaN,NaN,NaN,NaN,NaN,NaN,NaN,NaN,NaN,NaN,NaN,NaN,NaN,NaN,NaN,NaN,NaN
NaN,NaN,NaN,NaN,NaN,NaN,NaN,NaN,NaN,NaN,NaN,NaN,NaN,NaN,NaN,NaN,NaN,NaN,NaN,NaN,NaN,NaN,NaN
NaN,NaN,NaN,NaN,NaN,NaN,NaN,NaN,NaN,NaN,NaN,NaN,NaN,NaN,NaN,NaN,NaN,NaN,NaN,NaN,NaN,NaN,NaN
NaN,NaN,NaN,NaN,NaN,NaN,NaN,NaN,NaN,NaN,NaN,NaN,NaN,NaN,NaN,NaN,NaN,NaN,NaN,NaN,NaN,NaN,NaN
NaN,NaN,NaN,NaN,NaN,NaN,NaN,NaN,NaN,NaN,NaN,NaN,NaN,NaN,NaN,NaN,NaN,NaN,NaN,NaN,NaN,NaN,NaN
NaN,NaN,NaN,NaN,NaN,NaN,NaN,NaN,NaN,NaN,NaN,NaN,NaN,NaN,NaN,NaN,NaN,NaN,NaN,NaN,NaN,NaN,NaN
NaN,NaN,NaN,NaN,NaN,NaN,NaN,NaN,NaN,NaN,NaN,NaN,NaN,NaN,NaN,NaN,NaN,NaN,NaN,NaN,NaN,NaN,NaN
NaN,NaN,NaN,NaN,NaN,NaN,NaN,NaN,NaN,NaN,NaN,NaN,NaN,NaN,NaN,NaN,NaN,NaN,NaN,NaN,NaN,NaN,NaN
NaN,NaN,NaN,NaN,NaN,NaN,NaN,NaN,NaN,NaN,NaN,NaN,NaN,NaN,NaN,NaN,NaN,NaN,NaN,NaN,NaN,NaN,NaN
NaN,NaN,NaN,NaN,NaN,NaN,NaN,NaN,NaN,NaN,NaN,NaN,NaN,NaN,NaN,NaN,NaN,NaN,NaN,NaN,NaN,NaN,NaN
NaN,NaN,NaN,NaN,NaN,NaN,NaN,NaN,NaN,NaN,NaN,NaN,NaN,NaN,NaN,NaN,NaN,NaN,NaN,NaN,NaN,NaN,NaN
NaN,NaN,NaN,NaN,NaN,NaN,NaN,NaN,NaN,NaN,NaN,NaN,NaN,NaN,NaN,NaN,NaN,NaN,NaN,NaN,NaN,NaN,NaN
NaN,NaN,NaN,NaN,NaN,NaN,NaN,NaN,NaN,NaN,NaN,NaN,NaN,NaN,NaN,NaN,NaN,NaN,NaN,NaN,NaN,NaN,NaN
NaN,NaN,NaN,NaN,NaN,NaN,NaN,NaN,NaN,NaN,NaN,NaN,NaN,NaN,NaN,NaN,NaN,NaN,NaN,NaN,NaN,NaN,NaN
NaN,NaN,NaN,NaN,NaN,NaN,NaN,NaN,NaN,NaN,NaN,NaN,NaN,NaN,NaN,NaN,NaN,NaN,NaN,NaN,NaN,NaN,NaN
NaN,NaN,NaN,NaN,NaN,NaN,NaN,NaN,NaN,NaN,NaN,NaN,NaN,NaN,NaN,NaN,NaN,NaN,NaN,NaN,NaN,NaN,NaN
NaN,NaN,NaN,NaN,NaN,NaN,NaN,NaN,NaN,NaN,NaN,NaN,NaN,NaN,NaN,NaN,NaN,NaN,NaN,NaN,NaN,NaN,NaN
NaN,NaN,NaN,NaN,NaN,NaN,NaN,NaN,NaN,NaN,NaN,NaN,NaN,NaN,NaN,NaN,NaN,NaN,NaN,NaN,NaN,NaN,NaN
NaN,NaN,NaN,NaN,NaN,NaN,NaN,NaN,NaN,NaN,NaN,NaN,NaN,NaN,NaN,NaN,NaN,NaN,NaN,NaN,NaN,NaN,NaN
NaN,NaN,NaN,NaN,NaN,NaN,NaN,NaN,NaN,NaN,NaN,NaN,NaN,NaN,NaN,NaN,NaN,NaN,NaN,NaN,NaN,NaN,NaN
NaN,NaN,NaN,NaN,NaN,NaN,NaN,NaN,NaN,NaN,NaN,NaN,NaN,NaN,NaN,NaN,NaN,NaN,NaN,NaN,NaN,NaN,NaN
NaN,NaN,NaN,NaN,NaN,NaN,NaN,NaN,NaN,NaN,NaN,NaN,NaN,NaN,NaN,NaN,NaN,NaN,NaN,NaN,NaN,NaN,NaN
NaN,NaN,NaN,NaN,NaN,NaN,NaN,NaN,NaN,NaN,NaN,NaN,NaN,NaN,NaN,NaN,NaN,NaN,NaN,NaN,NaN,NaN,NaN
NaN,NaN,NaN,NaN,NaN,NaN,NaN,NaN,NaN,NaN,NaN,NaN,NaN,NaN,NaN,NaN,NaN,NaN,NaN,NaN,NaN,NaN,NaN
NaN,NaN,NaN,NaN,NaN,NaN,NaN,NaN,NaN,NaN,NaN,NaN,NaN,NaN,NaN,NaN,NaN,NaN,NaN,NaN,NaN,NaN,NaN
NaN,NaN,NaN,NaN,NaN,NaN,NaN,NaN,NaN,NaN,NaN,NaN,NaN,NaN,NaN,NaN,NaN,NaN,NaN,NaN,NaN,NaN,NaN
NaN,NaN,NaN,NaN,NaN,NaN,NaN,NaN,NaN,NaN,NaN,NaN,NaN,NaN,NaN,NaN,NaN,NaN,NaN,NaN,NaN,NaN,NaN
NaN,NaN,NaN,NaN,NaN,NaN,NaN,NaN,NaN,NaN,NaN,NaN,NaN,NaN,NaN,NaN,NaN,NaN,NaN,NaN,NaN,NaN,NaN
NaN,NaN,NaN,NaN,NaN,NaN,NaN,NaN,NaN,NaN,NaN,NaN,NaN,NaN,NaN,NaN,NaN,NaN,NaN,NaN,NaN,NaN,NaN
NaN,NaN,NaN,NaN,NaN,NaN,NaN,NaN,NaN,NaN,NaN,NaN,NaN,NaN,NaN,NaN,NaN,NaN,NaN,NaN,NaN,NaN,NaN
NaN,NaN,NaN,NaN,NaN,NaN,NaN,NaN,NaN,NaN,NaN,NaN,NaN,NaN,NaN,NaN,NaN,NaN,NaN,NaN,NaN,NaN,NaN
NaN,NaN,NaN,NaN,NaN,NaN,NaN,NaN,NaN,NaN,NaN,NaN,NaN,NaN,NaN,NaN,NaN,NaN,NaN,NaN,NaN,NaN,NaN
NaN,NaN,NaN,NaN,NaN,NaN,NaN,NaN,NaN,NaN,NaN,NaN,NaN,NaN,NaN,NaN,NaN,NaN,NaN,NaN,NaN,NaN,NaN
NaN,NaN,NaN,NaN,NaN,NaN,NaN,NaN,NaN,NaN,NaN,NaN,NaN,NaN,NaN,NaN,NaN,NaN,NaN,NaN,NaN,NaN,NaN
NaN,NaN,NaN,NaN,NaN,NaN,NaN,NaN,NaN,NaN,NaN,NaN,NaN,NaN,NaN,NaN,NaN,NaN,NaN,NaN,NaN,NaN,NaN
NaN,NaN,NaN,NaN,NaN,NaN,NaN,NaN,NaN,NaN,NaN,NaN,NaN,NaN,NaN,NaN,NaN,NaN,NaN,NaN,NaN,NaN,NaN
NaN,NaN,NaN,NaN,NaN,NaN,NaN,NaN,NaN,NaN,NaN,NaN,NaN,NaN,NaN,NaN,NaN,NaN,NaN,NaN,NaN,NaN,NaN
NaN,NaN,NaN,NaN,NaN,NaN,NaN,NaN,NaN,NaN,NaN,NaN,NaN,NaN,NaN,NaN,NaN,NaN,NaN,NaN,NaN,NaN,NaN
NaN,NaN,NaN,NaN,NaN,NaN,NaN,NaN,NaN,NaN,NaN,NaN,NaN,NaN,NaN,NaN,NaN,NaN,NaN,NaN,NaN,NaN,NaN
NaN,NaN,NaN,NaN,NaN,NaN,NaN,NaN,NaN,NaN,NaN,NaN,NaN,NaN,NaN,NaN,NaN,NaN,NaN,NaN,NaN,NaN,NaN
NaN,NaN,NaN,NaN,NaN,NaN,NaN,NaN,NaN,NaN,NaN,NaN,NaN,NaN,NaN,NaN,NaN,NaN,NaN,NaN,NaN,NaN,NaN
NaN,NaN,NaN,NaN,NaN,NaN,NaN,NaN,NaN,NaN,NaN,NaN,NaN,NaN,NaN,NaN,NaN,NaN,NaN,NaN,NaN,NaN,NaN
NaN,NaN,NaN,NaN,NaN,NaN,NaN,NaN,NaN,NaN,NaN,NaN,NaN,NaN,NaN,NaN,NaN,NaN,NaN,NaN,NaN,NaN,NaN
NaN,NaN,NaN,NaN,NaN,NaN,NaN,NaN,NaN,NaN,NaN,NaN,NaN,NaN,NaN,NaN,NaN,NaN,NaN,NaN,NaN,NaN,NaN
NaN,NaN,NaN,NaN,NaN,NaN,NaN,NaN,NaN,NaN,NaN,NaN,NaN,NaN,NaN,NaN,NaN,NaN,NaN,NaN,NaN,NaN,NaN
NaN,NaN,NaN,NaN,NaN,NaN,NaN,NaN,NaN,NaN,NaN,NaN,NaN,NaN,NaN,NaN,NaN,NaN,NaN,NaN,NaN,NaN,NaN
NaN,NaN,NaN,NaN,NaN,NaN,NaN,NaN,NaN,NaN,NaN,NaN,NaN,NaN,NaN,NaN,NaN,NaN,NaN,NaN,NaN,NaN,NaN
NaN,NaN,NaN,NaN,NaN,NaN,NaN,NaN,NaN,NaN,NaN,NaN,NaN,NaN,NaN,NaN,NaN,NaN,NaN,NaN,NaN,NaN,NaN
NaN,NaN,NaN,NaN,NaN,NaN,NaN,NaN,NaN,NaN,NaN,NaN,NaN,NaN,NaN,NaN,NaN,NaN,NaN,NaN,NaN,NaN,NaN
NaN,NaN,NaN,NaN,NaN,NaN,NaN,NaN,NaN,NaN,NaN,NaN,NaN,NaN,NaN,NaN,NaN,NaN,NaN,NaN,NaN,NaN,NaN
NaN,NaN,NaN,NaN,NaN,NaN,NaN,NaN,NaN,NaN,NaN,NaN,NaN,NaN,NaN,NaN,NaN,NaN,NaN,NaN,NaN,NaN,NaN
NaN,NaN,NaN,NaN,NaN,NaN,NaN,NaN,NaN,NaN,NaN,NaN,NaN,NaN,NaN,NaN,NaN,NaN,NaN,NaN,NaN,NaN,NaN
NaN,NaN,NaN,NaN,NaN,NaN,NaN,NaN,NaN,NaN,NaN,NaN,NaN,NaN,NaN,NaN,NaN,NaN,NaN,NaN,NaN,NaN,NaN
NaN,NaN,NaN,NaN,NaN,NaN,NaN,NaN,NaN,NaN,NaN,NaN,NaN,NaN,NaN,NaN,NaN,NaN,NaN,NaN,NaN,NaN,NaN
NaN,NaN,NaN,NaN,NaN,NaN,NaN,NaN,NaN,NaN,NaN,NaN,NaN,NaN,NaN,NaN,NaN,NaN,NaN,NaN,NaN,NaN,NaN
NaN,NaN,NaN,NaN,NaN,NaN,NaN,NaN,NaN,NaN,NaN,NaN,NaN,NaN,NaN,NaN,NaN,NaN,NaN,NaN,NaN,NaN,NaN
NaN,NaN,NaN,NaN,NaN,NaN,NaN,NaN,NaN,NaN,NaN,NaN,NaN,NaN,NaN,NaN,NaN,NaN,NaN,NaN,NaN,NaN,NaN
NaN,NaN,NaN,NaN,NaN,NaN,NaN,NaN,NaN,NaN,NaN,NaN,NaN,NaN,NaN,NaN,NaN,NaN,NaN,NaN,NaN,NaN,NaN
NaN,NaN,NaN,NaN,NaN,NaN,NaN,NaN,NaN,NaN,NaN,NaN,NaN,NaN,NaN,NaN,NaN,NaN,NaN,NaN,NaN,NaN,NaN
NaN,NaN,NaN,NaN,NaN,NaN,NaN,NaN,NaN,NaN,NaN,NaN,NaN,NaN,NaN,NaN,NaN,NaN,NaN,NaN,NaN,NaN,NaN
NaN,NaN,NaN,NaN,NaN,NaN,NaN,NaN,NaN,NaN,NaN,NaN,NaN,NaN,NaN,NaN,NaN,NaN,NaN,NaN,NaN,NaN,NaN
NaN,NaN,NaN,NaN,NaN,NaN,NaN,NaN,NaN,NaN,NaN,NaN,NaN,NaN,NaN,NaN,NaN,NaN,NaN,NaN,NaN,NaN,NaN
NaN,NaN,NaN,NaN,NaN,NaN,NaN,NaN,NaN,NaN,NaN,NaN,NaN,NaN,NaN,NaN,NaN,NaN,NaN,NaN,NaN,NaN,NaN
NaN,NaN,NaN,NaN,NaN,NaN,NaN,NaN,NaN,NaN,NaN,NaN,NaN,NaN,NaN,NaN,NaN,NaN,NaN,NaN,NaN,NaN,NaN
NaN,NaN,NaN,NaN,NaN,NaN,NaN,NaN,NaN,NaN,NaN,NaN,NaN,NaN,NaN,NaN,NaN,NaN,NaN,NaN,NaN,NaN,NaN
NaN,NaN,NaN,NaN,NaN,NaN,NaN,NaN,NaN,NaN,NaN,NaN,NaN,NaN,NaN,NaN,NaN,NaN,NaN,NaN,NaN,NaN,NaN
NaN,NaN,NaN,NaN,NaN,NaN,NaN,NaN,NaN,NaN,NaN,NaN,NaN,NaN,NaN,NaN,NaN,NaN,NaN,NaN,NaN,NaN,NaN
NaN,NaN,NaN,NaN,NaN,NaN,NaN,NaN,NaN,NaN,NaN,NaN,NaN,NaN,NaN,NaN,NaN,NaN,NaN,NaN,NaN,NaN,NaN
NaN,NaN,NaN,NaN,NaN,NaN,NaN,NaN,NaN,NaN,NaN,NaN,NaN,NaN,NaN,NaN,NaN,NaN,NaN,NaN,NaN,NaN,NaN
NaN,NaN,NaN,NaN,NaN,NaN,NaN,NaN,NaN,NaN,NaN,NaN,NaN,NaN,NaN,NaN,NaN,NaN,NaN,NaN,NaN,NaN,NaN
NaN,NaN,NaN,NaN,NaN,NaN,NaN,NaN,NaN,NaN,NaN,NaN,NaN,NaN,NaN,NaN,NaN,NaN,NaN,NaN,NaN,NaN,NaN
NaN,NaN,NaN,NaN,NaN,NaN,NaN,NaN,NaN,NaN,NaN,NaN,NaN,NaN,NaN,NaN,NaN,NaN,NaN,NaN,NaN,NaN,NaN
NaN,NaN,NaN,NaN,NaN,NaN,NaN,NaN,NaN,NaN,NaN,NaN,NaN,NaN,NaN,NaN,NaN,NaN,NaN,NaN,NaN,NaN,NaN
NaN,NaN,NaN,NaN,NaN,NaN,NaN,NaN,NaN,NaN,NaN,NaN,NaN,NaN,NaN,NaN,NaN,NaN,NaN,NaN,NaN,NaN,NaN
NaN,NaN,NaN,NaN,NaN,NaN,NaN,NaN,NaN,NaN,NaN,NaN,NaN,NaN,NaN,NaN,NaN,NaN,NaN,NaN,NaN,NaN,NaN
NaN,NaN,NaN,NaN,NaN,NaN,NaN,NaN,NaN,NaN,NaN,NaN,NaN,NaN,NaN,NaN,NaN,NaN,NaN,NaN,NaN,NaN,NaN
NaN,NaN,NaN,NaN,NaN,NaN,NaN,NaN,NaN,NaN,NaN,NaN,NaN,NaN,NaN,NaN,NaN,NaN,NaN,NaN,NaN,NaN,NaN
NaN,NaN,NaN,NaN,NaN,NaN,NaN,NaN,NaN,NaN,NaN,NaN,NaN,NaN,NaN,NaN,NaN,NaN,NaN,NaN,NaN,NaN,NaN
NaN,NaN,NaN,NaN,NaN,NaN,NaN,NaN,NaN,NaN,NaN,NaN,NaN,NaN,NaN,NaN,NaN,NaN,NaN,NaN,NaN,NaN,NaN
NaN,NaN,NaN,NaN,NaN,NaN,NaN,NaN,NaN,NaN,NaN,NaN,NaN,NaN,NaN,NaN,NaN,NaN,NaN,NaN,NaN,NaN,NaN
NaN,NaN,NaN,NaN,NaN,NaN,NaN,NaN,NaN,NaN,NaN,NaN,NaN,NaN,NaN,NaN,NaN,NaN,NaN,NaN,NaN,NaN,NaN
NaN,NaN,NaN,NaN,NaN,NaN,NaN,NaN,NaN,NaN,NaN,NaN,NaN,NaN,NaN,NaN,NaN,NaN,NaN,NaN,NaN,NaN,NaN
NaN,NaN,NaN,NaN,NaN,NaN,NaN,NaN,NaN,NaN,NaN,NaN,NaN,NaN,NaN,NaN,NaN,NaN,NaN,NaN,NaN,NaN,NaN
NaN,NaN,NaN,NaN,NaN,NaN,NaN,NaN,NaN,NaN,NaN,NaN,NaN,NaN,NaN,NaN,NaN,NaN,NaN,NaN,NaN,NaN,NaN
NaN,NaN,NaN,NaN,NaN,NaN,NaN,NaN,NaN,NaN,NaN,NaN,NaN,NaN,NaN,NaN,NaN,NaN,NaN,NaN,NaN,NaN,NaN
NaN,NaN,NaN,NaN,NaN,NaN,NaN,NaN,NaN,NaN,NaN,NaN,NaN,NaN,NaN,NaN,NaN,NaN,NaN,NaN,NaN,NaN,NaN
NaN,NaN,NaN,NaN,NaN,NaN,NaN,NaN,NaN,NaN,NaN,NaN,NaN,NaN,NaN,NaN,NaN,NaN,NaN,NaN,NaN,NaN,NaN
NaN,NaN,NaN,NaN,NaN,NaN,NaN,NaN,NaN,NaN,NaN,NaN,NaN,NaN,NaN,NaN,NaN,NaN,NaN,NaN,NaN,NaN,NaN
NaN,NaN,NaN,NaN,NaN,NaN,NaN,NaN,NaN,NaN,NaN,NaN,NaN,NaN,NaN,NaN,NaN,NaN,NaN,NaN,NaN,NaN,NaN
NaN,NaN,NaN,NaN,NaN,NaN,NaN,NaN,NaN,NaN,NaN,NaN,NaN,NaN,NaN,NaN,NaN,NaN,NaN,NaN,NaN,NaN,NaN
NaN,NaN,NaN,NaN,NaN,NaN,NaN,NaN,NaN,NaN,NaN,NaN,NaN,NaN,NaN,NaN,NaN,NaN,NaN,NaN,NaN,NaN,NaN
NaN,NaN,NaN,NaN,NaN,NaN,NaN,NaN,NaN,NaN,NaN,NaN,NaN,NaN,NaN,NaN,NaN,NaN,NaN,NaN,NaN,NaN,NaN
NaN,NaN,NaN,NaN,NaN,NaN,NaN,NaN,NaN,NaN,NaN,NaN,NaN,NaN,NaN,NaN,NaN,NaN,NaN,NaN,NaN,NaN,NaN
NaN,NaN,NaN,NaN,NaN,NaN,NaN,NaN,NaN,NaN,NaN,NaN,NaN,NaN,NaN,NaN,NaN,NaN,NaN,NaN,NaN,NaN,NaN
NaN,NaN,NaN,NaN,NaN,NaN,NaN,NaN,NaN,NaN,NaN,NaN,NaN,NaN,NaN,NaN,NaN,NaN,NaN,NaN,NaN,NaN,NaN
NaN,NaN,NaN,NaN,NaN,NaN,NaN,NaN,NaN,NaN,NaN,NaN,NaN,NaN,NaN,NaN,NaN,NaN,NaN,NaN,NaN,NaN,NaN
NaN,NaN,NaN,NaN,NaN,NaN,NaN,NaN,NaN,NaN,NaN,NaN,NaN,NaN,NaN,NaN,NaN,NaN,NaN,NaN,NaN,NaN,NaN
NaN,NaN,NaN,NaN,NaN,NaN,NaN,NaN,NaN,NaN,NaN,NaN,NaN,NaN,NaN,NaN,NaN,NaN,NaN,NaN,NaN,NaN,NaN
NaN,NaN,NaN,NaN,NaN,NaN,NaN,NaN,NaN,NaN,NaN,NaN,NaN,NaN,NaN,NaN,NaN,NaN,NaN,NaN,NaN,NaN,NaN
NaN,NaN,NaN,NaN,NaN,NaN,NaN,NaN,NaN,NaN,NaN,NaN,NaN,NaN,NaN,NaN,NaN,NaN,NaN,NaN,NaN,NaN,NaN
NaN,NaN,NaN,NaN,NaN,NaN,NaN,NaN,NaN,NaN,NaN,NaN,NaN,NaN,NaN,NaN,NaN,NaN,NaN,NaN,NaN,NaN,NaN
NaN,NaN,NaN,NaN,NaN,NaN,NaN,NaN,NaN,NaN,NaN,NaN,NaN,NaN,NaN,NaN,NaN,NaN,NaN,NaN,NaN,NaN,NaN
NaN,NaN,NaN,NaN,NaN,NaN,NaN,NaN,NaN,NaN,NaN,NaN,NaN,NaN,NaN,NaN,NaN,NaN,NaN,NaN,NaN,NaN,NaN
NaN,NaN,NaN,NaN,NaN,NaN,NaN,NaN,NaN,NaN,NaN,NaN,NaN,NaN,NaN,NaN,NaN,NaN,NaN,NaN,NaN,NaN,NaN
NaN,NaN,NaN,NaN,NaN,NaN,NaN,NaN,NaN,NaN,NaN,NaN,NaN,NaN,NaN,NaN,NaN,NaN,NaN,NaN,NaN,NaN,NaN
NaN,NaN,NaN,NaN,NaN,NaN,NaN,NaN,NaN,NaN,NaN,NaN,NaN,NaN,NaN,NaN,NaN,NaN,NaN,NaN,NaN,NaN,NaN
NaN,NaN,NaN,NaN,NaN,NaN,NaN,NaN,NaN,NaN,NaN,NaN,NaN,NaN,NaN,NaN,NaN,NaN,NaN,NaN,NaN,NaN,NaN
NaN,NaN,NaN,NaN,NaN,NaN,NaN,NaN,NaN,NaN,NaN,NaN,NaN,NaN,NaN,NaN,NaN,NaN,NaN,NaN,NaN,NaN,NaN
NaN,NaN,NaN,NaN,NaN,NaN,NaN,NaN,NaN,NaN,NaN,NaN,NaN,NaN,NaN,NaN,NaN,NaN,NaN,NaN,NaN,NaN,NaN
NaN,NaN,NaN,NaN,NaN,NaN,NaN,NaN,NaN,NaN,NaN,NaN,NaN,NaN,NaN,NaN,NaN,NaN,NaN,NaN,NaN,NaN,NaN
NaN,NaN,NaN,NaN,NaN,NaN,NaN,NaN,NaN,NaN,NaN,NaN,NaN,NaN,NaN,NaN,NaN,NaN,NaN,NaN,NaN,NaN,NaN
NaN,NaN,NaN,NaN,NaN,NaN,NaN,NaN,NaN,NaN,NaN,NaN,NaN,NaN,NaN,NaN,NaN,NaN,NaN,NaN,NaN,NaN,NaN
NaN,NaN,NaN,NaN,NaN,NaN,NaN,NaN,NaN,NaN,NaN,NaN,NaN,NaN,NaN,NaN,NaN,NaN,NaN,NaN,NaN,NaN,NaN
NaN,NaN,NaN,NaN,NaN,NaN,NaN,NaN,NaN,NaN,NaN,NaN,NaN,NaN,NaN,NaN,NaN,NaN,NaN,NaN,NaN,NaN,NaN
NaN,NaN,NaN,NaN,NaN,NaN,NaN,NaN,NaN,NaN,NaN,NaN,NaN,NaN,NaN,NaN,NaN,NaN,NaN,NaN,NaN,NaN,NaN
NaN,NaN,NaN,NaN,NaN,NaN,NaN,NaN,NaN,NaN,NaN,NaN,NaN,NaN,NaN,NaN,NaN,NaN,NaN,NaN,NaN,NaN,NaN
NaN,NaN,NaN,NaN,NaN,NaN,NaN,NaN,NaN,NaN,NaN,NaN,NaN,NaN,NaN,NaN,NaN,NaN,NaN,NaN,NaN,NaN,NaN
NaN,NaN,NaN,NaN,NaN,NaN,NaN,NaN,NaN,NaN,NaN,NaN,NaN,NaN,NaN,NaN,NaN,NaN,NaN,NaN,NaN,NaN,NaN
NaN,NaN,NaN,NaN,NaN,NaN,NaN,NaN,NaN,NaN,NaN,NaN,NaN,NaN,NaN,NaN,NaN,NaN,NaN,NaN,NaN,NaN,NaN
NaN,NaN,NaN,NaN,NaN,NaN,NaN,NaN,NaN,NaN,NaN,NaN,NaN,NaN,NaN,NaN,NaN,NaN,NaN,NaN,NaN,NaN,NaN
NaN,NaN,NaN,NaN,NaN,NaN,NaN,NaN,NaN,NaN,NaN,NaN,NaN,NaN,NaN,NaN,NaN,NaN,NaN,NaN,NaN,NaN,NaN
NaN,NaN,NaN,NaN,NaN,NaN,NaN,NaN,NaN,NaN,NaN,NaN,NaN,NaN,NaN,NaN,NaN,NaN,NaN,NaN,NaN,NaN,NaN
NaN,NaN,NaN,NaN,NaN,NaN,NaN,NaN,NaN,NaN,NaN,NaN,NaN,NaN,NaN,NaN,NaN,NaN,NaN,NaN,NaN,NaN,NaN
NaN,NaN,NaN,NaN,NaN,NaN,NaN,NaN,NaN,NaN,NaN,NaN,NaN,NaN,NaN,NaN,NaN,NaN,NaN,NaN,NaN,NaN,NaN
NaN,NaN,NaN,NaN,NaN,NaN,NaN,NaN,NaN,NaN,NaN,NaN,NaN,NaN,NaN,NaN,NaN,NaN,NaN,NaN,NaN,NaN,NaN
NaN,NaN,NaN,NaN,NaN,NaN,NaN,NaN,NaN,NaN,NaN,NaN,NaN,NaN,NaN,NaN,NaN,NaN,NaN,NaN,NaN,NaN,NaN
NaN,NaN,NaN,NaN,NaN,NaN,NaN,NaN,NaN,NaN,NaN,NaN,NaN,NaN,NaN,NaN,NaN,NaN,NaN,NaN,NaN,NaN,NaN
NaN,NaN,NaN,NaN,NaN,NaN,NaN,NaN,NaN,NaN,NaN,NaN,NaN,NaN,NaN,NaN,NaN,NaN,NaN,NaN,NaN,NaN,NaN
NaN,NaN,NaN,NaN,NaN,NaN,NaN,NaN,NaN,NaN,NaN,NaN,NaN,NaN,NaN,NaN,NaN,NaN,NaN,NaN,NaN,NaN,NaN
NaN,NaN,NaN,NaN,NaN,NaN,NaN,NaN,NaN,NaN,NaN,NaN,NaN,NaN,NaN,NaN,NaN,NaN,NaN,NaN,NaN,NaN,NaN
NaN,NaN,NaN,NaN,NaN,NaN,NaN,NaN,NaN,NaN,NaN,NaN,NaN,NaN,NaN,NaN,NaN,NaN,NaN,NaN,NaN,NaN,NaN
NaN,NaN,NaN,NaN,NaN,NaN,NaN,NaN,NaN,NaN,NaN,NaN,NaN,NaN,NaN,NaN,NaN,NaN,NaN,NaN,NaN,NaN,NaN
NaN,NaN,NaN,NaN,NaN,NaN,NaN,NaN,NaN,NaN,NaN,NaN,NaN,NaN,NaN,NaN,NaN,NaN,NaN,NaN,NaN,NaN,NaN
NaN,NaN,NaN,NaN,NaN,NaN,NaN,NaN,NaN,NaN,NaN,NaN,NaN,NaN,NaN,NaN,NaN,NaN,NaN,NaN,NaN,NaN,NaN
NaN,NaN,NaN,NaN,NaN,NaN,NaN,NaN,NaN,NaN,NaN,NaN,NaN,NaN,NaN,NaN,NaN,NaN,NaN,NaN,NaN,NaN,NaN
NaN,NaN,NaN,NaN,NaN,NaN,NaN,NaN,NaN,NaN,NaN,NaN,NaN,NaN,NaN,NaN,NaN,NaN,NaN,NaN,NaN,NaN,NaN
NaN,NaN,NaN,NaN,NaN,NaN,NaN,NaN,NaN,NaN,NaN,NaN,NaN,NaN,NaN,NaN,NaN,NaN,NaN,NaN,NaN,NaN,NaN
NaN,NaN,NaN,NaN,NaN,NaN,NaN,NaN,NaN,NaN,NaN,NaN,NaN,NaN,NaN,NaN,NaN,NaN,NaN,NaN,NaN,NaN,NaN
NaN,NaN,NaN,NaN,NaN,NaN,NaN,NaN,NaN,NaN,NaN,NaN,NaN,NaN,NaN,NaN,NaN,NaN,NaN,NaN,NaN,NaN,NaN
NaN,NaN,NaN,NaN,NaN,NaN,NaN,NaN,NaN,NaN,NaN,NaN,NaN,NaN,NaN,NaN,NaN,NaN,NaN,NaN,NaN,NaN,NaN
NaN,NaN,NaN,NaN,NaN,NaN,NaN,NaN,NaN,NaN,NaN,NaN,NaN,NaN,NaN,NaN,NaN,NaN,NaN,NaN,NaN,NaN,NaN
NaN,NaN,NaN,NaN,NaN,NaN,NaN,NaN,NaN,NaN,NaN,NaN,NaN,NaN,NaN,NaN,NaN,NaN,NaN,NaN,NaN,NaN,NaN
NaN,NaN,NaN,NaN,NaN,NaN,NaN,NaN,NaN,NaN,NaN,NaN,NaN,NaN,NaN,NaN,NaN,NaN,NaN,NaN,NaN,NaN,NaN
NaN,NaN,NaN,NaN,NaN,NaN,NaN,NaN,NaN,NaN,NaN,NaN,NaN,NaN,NaN,NaN,NaN,NaN,NaN,NaN,NaN,NaN,NaN
NaN,NaN,NaN,NaN,NaN,NaN,NaN,NaN,NaN,NaN,NaN,NaN,NaN,NaN,NaN,NaN,NaN,NaN,NaN,NaN,NaN,NaN,NaN
NaN,NaN,NaN,NaN,NaN,NaN,NaN,NaN,NaN,NaN,NaN,NaN,NaN,NaN,NaN,NaN,NaN,NaN,NaN,NaN,NaN,NaN,NaN
NaN,NaN,NaN,NaN,NaN,NaN,NaN,NaN,NaN,NaN,NaN,NaN,NaN,NaN,NaN,NaN,NaN,NaN,NaN,NaN,NaN,NaN,NaN
NaN,NaN,NaN,NaN,NaN,NaN,NaN,NaN,NaN,NaN,NaN,NaN,NaN,NaN,NaN,NaN,NaN,NaN,NaN,NaN,NaN,NaN,NaN
NaN,NaN,NaN,NaN,NaN,NaN,NaN,NaN,NaN,NaN,NaN,NaN,NaN,NaN,NaN,NaN,NaN,NaN,NaN,NaN,NaN,NaN,NaN
NaN,NaN,NaN,NaN,NaN,NaN,NaN,NaN,NaN,NaN,NaN,NaN,NaN,NaN,NaN,NaN,NaN,NaN,NaN,NaN,NaN,NaN,NaN
NaN,NaN,NaN,NaN,NaN,NaN,NaN,NaN,NaN,NaN,NaN,NaN,NaN,NaN,NaN,NaN,NaN,NaN,NaN,NaN,NaN,NaN,NaN
NaN,NaN,NaN,NaN,NaN,NaN,NaN,NaN,NaN,NaN,NaN,NaN,NaN,NaN,NaN,NaN,NaN,NaN,NaN,NaN,NaN,NaN,NaN
NaN,NaN,NaN,NaN,NaN,NaN,NaN,NaN,NaN,NaN,NaN,NaN,NaN,NaN,NaN,NaN,NaN,NaN,NaN,NaN,NaN,NaN,NaN
NaN,NaN,NaN,NaN,NaN,NaN,NaN,NaN,NaN,NaN,NaN,NaN,NaN,NaN,NaN,NaN,NaN,NaN,NaN,NaN,NaN,NaN,NaN
NaN,NaN,NaN,NaN,NaN,NaN,NaN,NaN,NaN,NaN,NaN,NaN,NaN,NaN,NaN,NaN,NaN,NaN,NaN,NaN,NaN,NaN,NaN
NaN,NaN,NaN,NaN,NaN,NaN,NaN,NaN,NaN,NaN,NaN,NaN,NaN,NaN,NaN,NaN,NaN,NaN,NaN,NaN,NaN,NaN,NaN
NaN,NaN,NaN,NaN,NaN,NaN,NaN,NaN,NaN,NaN,NaN,NaN,NaN,NaN,NaN,NaN,NaN,NaN,NaN,NaN,NaN,NaN,NaN
NaN,NaN,NaN,NaN,NaN,NaN,NaN,NaN,NaN,NaN,NaN,NaN,NaN,NaN,NaN,NaN,NaN,NaN,NaN,NaN,NaN,NaN,NaN
NaN,NaN,NaN,NaN,NaN,NaN,NaN,NaN,NaN,NaN,NaN,NaN,NaN,NaN,NaN,NaN,NaN,NaN,NaN,NaN,NaN,NaN,NaN
NaN,NaN,NaN,NaN,NaN,NaN,NaN,NaN,NaN,NaN,NaN,NaN,NaN,NaN,NaN,NaN,NaN,NaN,NaN,NaN,NaN,NaN,NaN
NaN,NaN,NaN,NaN,NaN,NaN,NaN,NaN,NaN,NaN,NaN,NaN,NaN,NaN,NaN,NaN,NaN,NaN,NaN,NaN,NaN,NaN,NaN
NaN,NaN,NaN,NaN,NaN,NaN,NaN,NaN,NaN,NaN,NaN,NaN,NaN,NaN,NaN,NaN,NaN,NaN,NaN,NaN,NaN,NaN,NaN
NaN,NaN,NaN,NaN,NaN,NaN,NaN,NaN,NaN,NaN,NaN,NaN,NaN,NaN,NaN,NaN,NaN,NaN,NaN,NaN,NaN,NaN,NaN
NaN,NaN,NaN,NaN,NaN,NaN,NaN,NaN,NaN,NaN,NaN,NaN,NaN,NaN,NaN,NaN,NaN,NaN,NaN,NaN,NaN,NaN,NaN
NaN,NaN,NaN,NaN,NaN,NaN,NaN,NaN,NaN,NaN,NaN,NaN,NaN,NaN,NaN,NaN,NaN,NaN,NaN,NaN,NaN,NaN,NaN
NaN,NaN,NaN,NaN,NaN,NaN,NaN,NaN,NaN,NaN,NaN,NaN,NaN,NaN,NaN,NaN,NaN,NaN,NaN,NaN,NaN,NaN,NaN
NaN,NaN,NaN,NaN,NaN,NaN,NaN,NaN,NaN,NaN,NaN,NaN,NaN,NaN,NaN,NaN,NaN,NaN,NaN,NaN,NaN,NaN,NaN
NaN,NaN,NaN,NaN,NaN,NaN,NaN,NaN,NaN,NaN,NaN,NaN,NaN,NaN,NaN,NaN,NaN,NaN,NaN,NaN,NaN,NaN,NaN
NaN,NaN,NaN,NaN,NaN,NaN,NaN,NaN,NaN,NaN,NaN,NaN,NaN,NaN,NaN,NaN,NaN,NaN,NaN,NaN,NaN,NaN,NaN
NaN,NaN,NaN,NaN,NaN,NaN,NaN,NaN,NaN,NaN,NaN,NaN,NaN,NaN,NaN,NaN,NaN,NaN,NaN,NaN,NaN,NaN,NaN
NaN,NaN,NaN,NaN,NaN,NaN,NaN,NaN,NaN,NaN,NaN,NaN,NaN,NaN,NaN,NaN,NaN,NaN,NaN,NaN,NaN,NaN,NaN
NaN,NaN,NaN,NaN,NaN,NaN,NaN,NaN,NaN,NaN,NaN,NaN,NaN,NaN,NaN,NaN,NaN,NaN,NaN,NaN,NaN,NaN,NaN
NaN,NaN,NaN,NaN,NaN,NaN,NaN,NaN,NaN,NaN,NaN,NaN,NaN,NaN,NaN,NaN,NaN,NaN,NaN,NaN,NaN,NaN,NaN
NaN,NaN,NaN,NaN,NaN,NaN,NaN,NaN,NaN,NaN,NaN,NaN,NaN,NaN,NaN,NaN,NaN,NaN,NaN,NaN,NaN,NaN,NaN
NaN,NaN,NaN,NaN,NaN,NaN,NaN,NaN,NaN,NaN,NaN,NaN,NaN,NaN,NaN,NaN,NaN,NaN,NaN,NaN,NaN,NaN,NaN
NaN,NaN,NaN,NaN,NaN,NaN,NaN,NaN,NaN,NaN,NaN,NaN,NaN,NaN,NaN,NaN,NaN,NaN,NaN,NaN,NaN,NaN,NaN
NaN,NaN,NaN,NaN,NaN,NaN,NaN,NaN,NaN,NaN,NaN,NaN,NaN,NaN,NaN,NaN,NaN,NaN,NaN,NaN,NaN,NaN,NaN
NaN,NaN,NaN,NaN,NaN,NaN,NaN,NaN,NaN,NaN,NaN,NaN,NaN,NaN,NaN,NaN,NaN,NaN,NaN,NaN,NaN,NaN,NaN
NaN,NaN,NaN,NaN,NaN,NaN,NaN,NaN,NaN,NaN,NaN,NaN,NaN,NaN,NaN,NaN,NaN,NaN,NaN,NaN,NaN,NaN,NaN
NaN,NaN,NaN,NaN,NaN,NaN,NaN,NaN,NaN,NaN,NaN,NaN,NaN,NaN,NaN,NaN,NaN,NaN,NaN,NaN,NaN,NaN,NaN
NaN,NaN,NaN,NaN,NaN,NaN,NaN,NaN,NaN,NaN,NaN,NaN,NaN,NaN,NaN,NaN,NaN,NaN,NaN,NaN,NaN,NaN,NaN
NaN,NaN,NaN,NaN,NaN,NaN,NaN,NaN,NaN,NaN,NaN,NaN,NaN,NaN,NaN,NaN,NaN,NaN,NaN,NaN,NaN,NaN,NaN
NaN,NaN,NaN,NaN,NaN,NaN,NaN,NaN,NaN,NaN,NaN,NaN,NaN,NaN,NaN,NaN,NaN,NaN,NaN,NaN,NaN,NaN,NaN
NaN,NaN,NaN,NaN,NaN,NaN,NaN,NaN,NaN,NaN,NaN,NaN,NaN,NaN,NaN,NaN,NaN,NaN,NaN,NaN,NaN,NaN,NaN
NaN,NaN,NaN,NaN,NaN,NaN,NaN,NaN,NaN,NaN,NaN,NaN,NaN,NaN,NaN,NaN,NaN,NaN,NaN,NaN,NaN,NaN,NaN
NaN,NaN,NaN,NaN,NaN,NaN,NaN,NaN,NaN,NaN,NaN,NaN,NaN,NaN,NaN,NaN,NaN,NaN,NaN,NaN,NaN,NaN,NaN
NaN,NaN,NaN,NaN,NaN,NaN,NaN,NaN,NaN,NaN,NaN,NaN,NaN,NaN,NaN,NaN,NaN,NaN,NaN,NaN,NaN,NaN,NaN
NaN,NaN,NaN,NaN,NaN,NaN,NaN,NaN,NaN,NaN,NaN,NaN,NaN,NaN,NaN,NaN,NaN,NaN,NaN,NaN,NaN,NaN,NaN
NaN,NaN,NaN,NaN,NaN,NaN,NaN,NaN,NaN,NaN,NaN,NaN,NaN,NaN,NaN,NaN,NaN,NaN,NaN,NaN,NaN,NaN,NaN
NaN,NaN,NaN,NaN,NaN,NaN,NaN,NaN,NaN,NaN,NaN,NaN,NaN,NaN,NaN,NaN,NaN,NaN,NaN,NaN,NaN,NaN,NaN
NaN,NaN,NaN,NaN,NaN,NaN,NaN,NaN,NaN,NaN,NaN,NaN,NaN,NaN,NaN,NaN,NaN,NaN,NaN,NaN,NaN,NaN,NaN
NaN,NaN,NaN,NaN,NaN,NaN,NaN,NaN,NaN,NaN,NaN,NaN,NaN,NaN,NaN,NaN,NaN,NaN,NaN,NaN,NaN,NaN,NaN
NaN,NaN,NaN,NaN,NaN,NaN,NaN,NaN,NaN,NaN,NaN,NaN,NaN,NaN,NaN,NaN,NaN,NaN,NaN,NaN,NaN,NaN,NaN
NaN,NaN,NaN,NaN,NaN,NaN,NaN,NaN,NaN,NaN,NaN,NaN,NaN,NaN,NaN,NaN,NaN,NaN,NaN,NaN,NaN,NaN,NaN
NaN,NaN,NaN,NaN,NaN,NaN,NaN,NaN,NaN,NaN,NaN,NaN,NaN,NaN,NaN,NaN,NaN,NaN,NaN,NaN,NaN,NaN,NaN
NaN,NaN,NaN,NaN,NaN,NaN,NaN,NaN,NaN,NaN,NaN,NaN,NaN,NaN,NaN,NaN,NaN,NaN,NaN,NaN,NaN,NaN,NaN
NaN,NaN,NaN,NaN,NaN,NaN,NaN,NaN,NaN,NaN,NaN,NaN,NaN,NaN,NaN,NaN,NaN,NaN,NaN,NaN,NaN,NaN,NaN
NaN,NaN,NaN,NaN,NaN,NaN,NaN,NaN,NaN,NaN,NaN,NaN,NaN,NaN,NaN,NaN,NaN,NaN,NaN,NaN,NaN,NaN,NaN
NaN,NaN,NaN,NaN,NaN,NaN,NaN,NaN,NaN,NaN,NaN,NaN,NaN,NaN,NaN,NaN,NaN,NaN,NaN,NaN,NaN,NaN,NaN
NaN,NaN,NaN,NaN,NaN,NaN,NaN,NaN,NaN,NaN,NaN,NaN,NaN,NaN,NaN,NaN,NaN,NaN,NaN,NaN,NaN,NaN,NaN
NaN,NaN,NaN,NaN,NaN,NaN,NaN,NaN,NaN,NaN,NaN,NaN,NaN,NaN,NaN,NaN,NaN,NaN,NaN,NaN,NaN,NaN,NaN
NaN,NaN,NaN,NaN,NaN,NaN,NaN,NaN,NaN,NaN,NaN,NaN,NaN,NaN,NaN,NaN,NaN,NaN,NaN,NaN,NaN,NaN,NaN
NaN,NaN,NaN,NaN,NaN,NaN,NaN,NaN,NaN,NaN,NaN,NaN,NaN,NaN,NaN,NaN,NaN,NaN,NaN,NaN,NaN,NaN,NaN
NaN,NaN,NaN,NaN,NaN,NaN,NaN,NaN,NaN,NaN,NaN,NaN,NaN,NaN,NaN,NaN,NaN,NaN,NaN,NaN,NaN,NaN,NaN
NaN,NaN,NaN,NaN,NaN,NaN,NaN,NaN,NaN,NaN,NaN,NaN,NaN,NaN,NaN,NaN,NaN,NaN,NaN,NaN,NaN,NaN,NaN
NaN,NaN,NaN,NaN,NaN,NaN,NaN,NaN,NaN,NaN,NaN,NaN,NaN,NaN,NaN,NaN,NaN,NaN,NaN,NaN,NaN,NaN,NaN
NaN,NaN,NaN,NaN,NaN,NaN,NaN,NaN,NaN,NaN,NaN,NaN,NaN,NaN,NaN,NaN,NaN,NaN,NaN,NaN,NaN,NaN,NaN
NaN,NaN,NaN,NaN,NaN,NaN,NaN,NaN,NaN,NaN,NaN,NaN,NaN,NaN,NaN,NaN,NaN,NaN,NaN,NaN,NaN,NaN,NaN
NaN,NaN,NaN,NaN,NaN,NaN,NaN,NaN,NaN,NaN,NaN,NaN,NaN,NaN,NaN,NaN,NaN,NaN,NaN,NaN,NaN,NaN,NaN
NaN,NaN,NaN,NaN,NaN,NaN,NaN,NaN,NaN,NaN,NaN,NaN,NaN,NaN,NaN,NaN,NaN,NaN,NaN,NaN,NaN,NaN,NaN
NaN,NaN,NaN,NaN,NaN,NaN,NaN,NaN,NaN,NaN,NaN,NaN,NaN,NaN,NaN,NaN,NaN,NaN,NaN,NaN,NaN,NaN,NaN
NaN,NaN,NaN,NaN,NaN,NaN,NaN,NaN,NaN,NaN,NaN,NaN,NaN,NaN,NaN,NaN,NaN,NaN,NaN,NaN,NaN,NaN,NaN
NaN,NaN,NaN,NaN,NaN,NaN,NaN,NaN,NaN,NaN,NaN,NaN,NaN,NaN,NaN,NaN,NaN,NaN,NaN,NaN,NaN,NaN,NaN
NaN,NaN,NaN,NaN,NaN,NaN,NaN,NaN,NaN,NaN,NaN,NaN,NaN,NaN,NaN,NaN,NaN,NaN,NaN,NaN,NaN,NaN,NaN
NaN,NaN,NaN,NaN,NaN,NaN,NaN,NaN,NaN,NaN,NaN,NaN,NaN,NaN,NaN,NaN,NaN,NaN,NaN,NaN,NaN,NaN,NaN
NaN,NaN,NaN,NaN,NaN,NaN,NaN,NaN,NaN,NaN,NaN,NaN,NaN,NaN,NaN,NaN,NaN,NaN,NaN,NaN,NaN,NaN,NaN
NaN,NaN,NaN,NaN,NaN,NaN,NaN,NaN,NaN,NaN,NaN,NaN,NaN,NaN,NaN,NaN,NaN,NaN,NaN,NaN,NaN,NaN,NaN
NaN,NaN,NaN,NaN,NaN,NaN,NaN,NaN,NaN,NaN,NaN,NaN,NaN,NaN,NaN,NaN,NaN,NaN,NaN,NaN,NaN,NaN,NaN
NaN,NaN,NaN,NaN,NaN,NaN,NaN,NaN,NaN,NaN,NaN,NaN,NaN,NaN,NaN,NaN,NaN,NaN,NaN,NaN,NaN,NaN,NaN
NaN,NaN,NaN,NaN,NaN,NaN,NaN,NaN,NaN,NaN,NaN,NaN,NaN,NaN,NaN,NaN,NaN,NaN,NaN,NaN,NaN,NaN,NaN
NaN,NaN,NaN,NaN,NaN,NaN,NaN,NaN,NaN,NaN,NaN,NaN,NaN,NaN,NaN,NaN,NaN,NaN,NaN,NaN,NaN,NaN,NaN
NaN,NaN,NaN,NaN,NaN,NaN,NaN,NaN,NaN,NaN,NaN,NaN,NaN,NaN,NaN,NaN,NaN,NaN,NaN,NaN,NaN,NaN,NaN
NaN,NaN,NaN,NaN,NaN,NaN,NaN,NaN,NaN,NaN,NaN,NaN,NaN,NaN,NaN,NaN,NaN,NaN,NaN,NaN,NaN,NaN,NaN
NaN,NaN,NaN,NaN,NaN,NaN,NaN,NaN,NaN,NaN,NaN,NaN,NaN,NaN,NaN,NaN,NaN,NaN,NaN,NaN,NaN,NaN,NaN
NaN,NaN,NaN,NaN,NaN,NaN,NaN,NaN,NaN,NaN,NaN,NaN,NaN,NaN,NaN,NaN,NaN,NaN,NaN,NaN,NaN,NaN,NaN
NaN,NaN,NaN,NaN,NaN,NaN,NaN,NaN,NaN,NaN,NaN,NaN,NaN,NaN,NaN,NaN,NaN,NaN,NaN,NaN,NaN,NaN,NaN
NaN,NaN,NaN,NaN,NaN,NaN,NaN,NaN,NaN,NaN,NaN,NaN,NaN,NaN,NaN,NaN,NaN,NaN,NaN,NaN,NaN,NaN,NaN
NaN,NaN,NaN,NaN,NaN,NaN,NaN,NaN,NaN,NaN,NaN,NaN,NaN,NaN,NaN,NaN,NaN,NaN,NaN,NaN,NaN,NaN,NaN
NaN,NaN,NaN,NaN,NaN,NaN,NaN,NaN,NaN,NaN,NaN,NaN,NaN,NaN,NaN,NaN,NaN,NaN,NaN,NaN,NaN,NaN,NaN
NaN,NaN,NaN,NaN,NaN,NaN,NaN,NaN,NaN,NaN,NaN,NaN,NaN,NaN,NaN,NaN,NaN,NaN,NaN,NaN,NaN,NaN,NaN
NaN,NaN,NaN,NaN,NaN,NaN,NaN,NaN,NaN,NaN,NaN,NaN,NaN,NaN,NaN,NaN,NaN,NaN,NaN,NaN,NaN,NaN,NaN
NaN,NaN,NaN,NaN,NaN,NaN,NaN,NaN,NaN,NaN,NaN,NaN,NaN,NaN,NaN,NaN,NaN,NaN,NaN,NaN,NaN,NaN,NaN
NaN,NaN,NaN,NaN,NaN,NaN,NaN,NaN,NaN,NaN,NaN,NaN,NaN,NaN,NaN,NaN,NaN,NaN,NaN,NaN,NaN,NaN,NaN
NaN,NaN,NaN,NaN,NaN,NaN,NaN,NaN,NaN,NaN,NaN,NaN,NaN,NaN,NaN,NaN,NaN,NaN,NaN,NaN,NaN,NaN,NaN
NaN,NaN,NaN,NaN,NaN,NaN,NaN,NaN,NaN,NaN,NaN,NaN,NaN,NaN,NaN,NaN,NaN,NaN,NaN,NaN,NaN,NaN,NaN
NaN,NaN,NaN,NaN,NaN,NaN,NaN,NaN,NaN,NaN,NaN,NaN,NaN,NaN,NaN,NaN,NaN,NaN,NaN,NaN,NaN,NaN,NaN
NaN,NaN,NaN,NaN,NaN,NaN,NaN,NaN,NaN,NaN,NaN,NaN,NaN,NaN,NaN,NaN,NaN,NaN,NaN,NaN,NaN,NaN,NaN
NaN,NaN,NaN,NaN,NaN,NaN,NaN,NaN,NaN,NaN,NaN,NaN,NaN,NaN,NaN,NaN,NaN,NaN,NaN,NaN,NaN,NaN,NaN
NaN,NaN,NaN,NaN,NaN,NaN,NaN,NaN,NaN,NaN,NaN,NaN,NaN,NaN,NaN,NaN,NaN,NaN,NaN,NaN,NaN,NaN,NaN
NaN,NaN,NaN,NaN,NaN,NaN,NaN,NaN,NaN,NaN,NaN,NaN,NaN,NaN,NaN,NaN,NaN,NaN,NaN,NaN,NaN,NaN,NaN
NaN,NaN,NaN,NaN,NaN,NaN,NaN,NaN,NaN,NaN,NaN,NaN,NaN,NaN,NaN,NaN,NaN,NaN,NaN,NaN,NaN,NaN,NaN
NaN,NaN,NaN,NaN,NaN,NaN,NaN,NaN,NaN,NaN,NaN,NaN,NaN,NaN,NaN,NaN,NaN,NaN,NaN,NaN,NaN,NaN,NaN
NaN,NaN,NaN,NaN,NaN,NaN,NaN,NaN,NaN,NaN,NaN,NaN,NaN,NaN,NaN,NaN,NaN,NaN,NaN,NaN,NaN,NaN,NaN
NaN,NaN,NaN,NaN,NaN,NaN,NaN,NaN,NaN,NaN,NaN,NaN,NaN,NaN,NaN,NaN,NaN,NaN,NaN,NaN,NaN,NaN,NaN
NaN,NaN,NaN,NaN,NaN,NaN,NaN,NaN,NaN,NaN,NaN,NaN,NaN,NaN,NaN,NaN,NaN,NaN,NaN,NaN,NaN,NaN,NaN
NaN,NaN,NaN,NaN,NaN,NaN,NaN,NaN,NaN,NaN,NaN,NaN,NaN,NaN,NaN,NaN,NaN,NaN,NaN,NaN,NaN,NaN,NaN
NaN,NaN,NaN,NaN,NaN,NaN,NaN,NaN,NaN,NaN,NaN,NaN,NaN,NaN,NaN,NaN,NaN,NaN,NaN,NaN,NaN,NaN,NaN
NaN,NaN,NaN,NaN,NaN,NaN,NaN,NaN,NaN,NaN,NaN,NaN,NaN,NaN,NaN,NaN,NaN,NaN,NaN,NaN,NaN,NaN,NaN
NaN,NaN,NaN,NaN,NaN,NaN,NaN,NaN,NaN,NaN,NaN,NaN,NaN,NaN,NaN,NaN,NaN,NaN,NaN,NaN,NaN,NaN,NaN
NaN,NaN,NaN,NaN,NaN,NaN,NaN,NaN,NaN,NaN,NaN,NaN,NaN,NaN,NaN,NaN,NaN,NaN,NaN,NaN,NaN,NaN,NaN
NaN,NaN,NaN,NaN,NaN,NaN,NaN,NaN,NaN,NaN,NaN,NaN,NaN,NaN,NaN,NaN,NaN,NaN,NaN,NaN,NaN,NaN,NaN
NaN,NaN,NaN,NaN,NaN,NaN,NaN,NaN,NaN,NaN,NaN,NaN,NaN,NaN,NaN,NaN,NaN,NaN,NaN,NaN,NaN,NaN,NaN
NaN,NaN,NaN,NaN,NaN,NaN,NaN,NaN,NaN,NaN,NaN,NaN,NaN,NaN,NaN,NaN,NaN,NaN,NaN,NaN,NaN,NaN,NaN
NaN,NaN,NaN,NaN,NaN,NaN,NaN,NaN,NaN,NaN,NaN,NaN,NaN,NaN,NaN,NaN,NaN,NaN,NaN,NaN,NaN,NaN,NaN
NaN,NaN,NaN,NaN,NaN,NaN,NaN,NaN,NaN,NaN,NaN,NaN,NaN,NaN,NaN,NaN,NaN,NaN,NaN,NaN,NaN,NaN,NaN
NaN,NaN,NaN,NaN,NaN,NaN,NaN,NaN,NaN,NaN,NaN,NaN,NaN,NaN,NaN,NaN,NaN,NaN,NaN,NaN,NaN,NaN,NaN
NaN,NaN,NaN,NaN,NaN,NaN,NaN,NaN,NaN,NaN,NaN,NaN,NaN,NaN,NaN,NaN,NaN,NaN,NaN,NaN,NaN,NaN,NaN
NaN,NaN,NaN,NaN,NaN,NaN,NaN,NaN,NaN,NaN,NaN,NaN,NaN,NaN,NaN,NaN,NaN,NaN,NaN,NaN,NaN,NaN,NaN
NaN,NaN,NaN,NaN,NaN,NaN,NaN,NaN,NaN,NaN,NaN,NaN,NaN,NaN,NaN,NaN,NaN,NaN,NaN,NaN,NaN,NaN,NaN
NaN,NaN,NaN,NaN,NaN,NaN,NaN,NaN,NaN,NaN,NaN,NaN,NaN,NaN,NaN,NaN,NaN,NaN,NaN,NaN,NaN,NaN,NaN
NaN,NaN,NaN,NaN,NaN,NaN,NaN,NaN,NaN,NaN,NaN,NaN,NaN,NaN,NaN,NaN,NaN,NaN,NaN,NaN,NaN,NaN,NaN
NaN,NaN,NaN,NaN,NaN,NaN,NaN,NaN,NaN,NaN,NaN,NaN,NaN,NaN,NaN,NaN,NaN,NaN,NaN,NaN,NaN,NaN,NaN
NaN,NaN,NaN,NaN,NaN,NaN,NaN,NaN,NaN,NaN,NaN,NaN,NaN,NaN,NaN,NaN,NaN,NaN,NaN,NaN,NaN,NaN,NaN
NaN,NaN,NaN,NaN,NaN,NaN,NaN,NaN,NaN,NaN,NaN,NaN,NaN,NaN,NaN,NaN,NaN,NaN,NaN,NaN,NaN,NaN,NaN
NaN,NaN,NaN,NaN,NaN,NaN,NaN,NaN,NaN,NaN,NaN,NaN,NaN,NaN,NaN,NaN,NaN,NaN,NaN,NaN,NaN,NaN,NaN
NaN,NaN,NaN,NaN,NaN,NaN,NaN,NaN,NaN,NaN,NaN,NaN,NaN,NaN,NaN,NaN,NaN,NaN,NaN,NaN,NaN,NaN,NaN
NaN,NaN,NaN,NaN,NaN,NaN,NaN,NaN,NaN,NaN,NaN,NaN,NaN,NaN,NaN,NaN,NaN,NaN,NaN,NaN,NaN,NaN,NaN
NaN,NaN,NaN,NaN,NaN,NaN,NaN,NaN,NaN,NaN,NaN,NaN,NaN,NaN,NaN,NaN,NaN,NaN,NaN,NaN,NaN,NaN,NaN
NaN,NaN,NaN,NaN,NaN,NaN,NaN,NaN,NaN,NaN,NaN,NaN,NaN,NaN,NaN,NaN,NaN,NaN,NaN,NaN,NaN,NaN,NaN
NaN,NaN,NaN,NaN,NaN,NaN,NaN,NaN,NaN,NaN,NaN,NaN,NaN,NaN,NaN,NaN,NaN,NaN,NaN,NaN,NaN,NaN,NaN
NaN,NaN,NaN,NaN,NaN,NaN,NaN,NaN,NaN,NaN,NaN,NaN,NaN,NaN,NaN,NaN,NaN,NaN,NaN,NaN,NaN,NaN,NaN
NaN,NaN,NaN,NaN,NaN,NaN,NaN,NaN,NaN,NaN,NaN,NaN,NaN,NaN,NaN,NaN,NaN,NaN,NaN,NaN,NaN,NaN,NaN
NaN,NaN,NaN,NaN,NaN,NaN,NaN,NaN,NaN,NaN,NaN,NaN,NaN,NaN,NaN,NaN,NaN,NaN,NaN,NaN,NaN,NaN,NaN
NaN,NaN,NaN,NaN,NaN,NaN,NaN,NaN,NaN,NaN,NaN,NaN,NaN,NaN,NaN,NaN,NaN,NaN,NaN,NaN,NaN,NaN,NaN
NaN,NaN,NaN,NaN,NaN,NaN,NaN,NaN,NaN,NaN,NaN,NaN,NaN,NaN,NaN,NaN,NaN,NaN,NaN,NaN,NaN,NaN,NaN
NaN,NaN,NaN,NaN,NaN,NaN,NaN,NaN,NaN,NaN,NaN,NaN,NaN,NaN,NaN,NaN,NaN,NaN,NaN,NaN,NaN,NaN,NaN
NaN,NaN,NaN,NaN,NaN,NaN,NaN,NaN,NaN,NaN,NaN,NaN,NaN,NaN,NaN,NaN,NaN,NaN,NaN,NaN,NaN,NaN,NaN
NaN,NaN,NaN,NaN,NaN,NaN,NaN,NaN,NaN,NaN,NaN,NaN,NaN,NaN,NaN,NaN,NaN,NaN,NaN,NaN,NaN,NaN,NaN
NaN,NaN,NaN,NaN,NaN,NaN,NaN,NaN,NaN,NaN,NaN,NaN,NaN,NaN,NaN,NaN,NaN,NaN,NaN,NaN,NaN,NaN,NaN
NaN,NaN,NaN,NaN,NaN,NaN,NaN,NaN,NaN,NaN,NaN,NaN,NaN,NaN,NaN,NaN,NaN,NaN,NaN,NaN,NaN,NaN,NaN
NaN,NaN,NaN,NaN,NaN,NaN,NaN,NaN,NaN,NaN,NaN,NaN,NaN,NaN,NaN,NaN,NaN,NaN,NaN,NaN,NaN,NaN,NaN
NaN,NaN,NaN,NaN,NaN,NaN,NaN,NaN,NaN,NaN,NaN,NaN,NaN,NaN,NaN,NaN,NaN,NaN,NaN,NaN,NaN,NaN,NaN
NaN,NaN,NaN,NaN,NaN,NaN,NaN,NaN,NaN,NaN,NaN,NaN,NaN,NaN,NaN,NaN,NaN,NaN,NaN,NaN,NaN,NaN,NaN
NaN,NaN,NaN,NaN,NaN,NaN,NaN,NaN,NaN,NaN,NaN,NaN,NaN,NaN,NaN,NaN,NaN,NaN,NaN,NaN,NaN,NaN,NaN
NaN,NaN,NaN,NaN,NaN,NaN,NaN,NaN,NaN,NaN,NaN,NaN,NaN,NaN,NaN,NaN,NaN,NaN,NaN,NaN,NaN,NaN,NaN
NaN,NaN,NaN,NaN,NaN,NaN,NaN,NaN,NaN,NaN,NaN,NaN,NaN,NaN,NaN,NaN,NaN,NaN,NaN,NaN,NaN,NaN,NaN
NaN,NaN,NaN,NaN,NaN,NaN,NaN,NaN,NaN,NaN,NaN,NaN,NaN,NaN,NaN,NaN,NaN,NaN,NaN,NaN,NaN,NaN,NaN
NaN,NaN,NaN,NaN,NaN,NaN,NaN,NaN,NaN,NaN,NaN,NaN,NaN,NaN,NaN,NaN,NaN,NaN,NaN,NaN,NaN,NaN,NaN
NaN,NaN,NaN,NaN,NaN,NaN,NaN,NaN,NaN,NaN,NaN,NaN,NaN,NaN,NaN,NaN,NaN,NaN,NaN,NaN,NaN,NaN,NaN
NaN,NaN,NaN,NaN,NaN,NaN,NaN,NaN,NaN,NaN,NaN,NaN,NaN,NaN,NaN,NaN,NaN,NaN,NaN,NaN,NaN,NaN,NaN
NaN,NaN,NaN,NaN,NaN,NaN,NaN,NaN,NaN,NaN,NaN,NaN,NaN,NaN,NaN,NaN,NaN,NaN,NaN,NaN,NaN,NaN,NaN
NaN,NaN,NaN,NaN,NaN,NaN,NaN,NaN,NaN,NaN,NaN,NaN,NaN,NaN,NaN,NaN,NaN,NaN,NaN,NaN,NaN,NaN,NaN
NaN,NaN,NaN,NaN,NaN,NaN,NaN,NaN,NaN,NaN,NaN,NaN,NaN,NaN,NaN,NaN,NaN,NaN,NaN,NaN,NaN,NaN,NaN
NaN,NaN,NaN,NaN,NaN,NaN,NaN,NaN,NaN,NaN,NaN,NaN,NaN,NaN,NaN,NaN,NaN,NaN,NaN,NaN,NaN,NaN,NaN
NaN,NaN,NaN,NaN,NaN,NaN,NaN,NaN,NaN,NaN,NaN,NaN,NaN,NaN,NaN,NaN,NaN,NaN,NaN,NaN,NaN,NaN,NaN
NaN,NaN,NaN,NaN,NaN,NaN,NaN,NaN,NaN,NaN,NaN,NaN,NaN,NaN,NaN,NaN,NaN,NaN,NaN,NaN,NaN,NaN,NaN
NaN,NaN,NaN,NaN,NaN,NaN,NaN,NaN,NaN,NaN,NaN,NaN,NaN,NaN,NaN,NaN,NaN,NaN,NaN,NaN,NaN,NaN,NaN
NaN,NaN,NaN,NaN,NaN,NaN,NaN,NaN,NaN,NaN,NaN,NaN,NaN,NaN,NaN,NaN,NaN,NaN,NaN,NaN,NaN,NaN,NaN
NaN,NaN,NaN,NaN,NaN,NaN,NaN,NaN,NaN,NaN,NaN,NaN,NaN,NaN,NaN,NaN,NaN,NaN,NaN,NaN,NaN,NaN,NaN
NaN,NaN,NaN,NaN,NaN,NaN,NaN,NaN,NaN,NaN,NaN,NaN,NaN,NaN,NaN,NaN,NaN,NaN,NaN,NaN,NaN,NaN,NaN
NaN,NaN,NaN,NaN,NaN,NaN,NaN,NaN,NaN,NaN,NaN,NaN,NaN,NaN,NaN,NaN,NaN,NaN,NaN,NaN,NaN,NaN,NaN
NaN,NaN,NaN,NaN,NaN,NaN,NaN,NaN,NaN,NaN,NaN,NaN,NaN,NaN,NaN,NaN,NaN,NaN,NaN,NaN,NaN,NaN,NaN
NaN,NaN,NaN,NaN,NaN,NaN,NaN,NaN,NaN,NaN,NaN,NaN,NaN,NaN,NaN,NaN,NaN,NaN,NaN,NaN,NaN,NaN,NaN
NaN,NaN,NaN,NaN,NaN,NaN,NaN,NaN,NaN,NaN,NaN,NaN,NaN,NaN,NaN,NaN,NaN,NaN,NaN,NaN,NaN,NaN,NaN
NaN,NaN,NaN,NaN,NaN,NaN,NaN,NaN,NaN,NaN,NaN,NaN,NaN,NaN,NaN,NaN,NaN,NaN,NaN,NaN,NaN,NaN,NaN
NaN,NaN,NaN,NaN,NaN,NaN,NaN,NaN,NaN,NaN,NaN,NaN,NaN,NaN,NaN,NaN,NaN,NaN,NaN,NaN,NaN,NaN,NaN
NaN,NaN,NaN,NaN,NaN,NaN,NaN,NaN,NaN,NaN,NaN,NaN,NaN,NaN,NaN,NaN,NaN,NaN,NaN,NaN,NaN,NaN,NaN
NaN,NaN,NaN,NaN,NaN,NaN,NaN,NaN,NaN,NaN,NaN,NaN,NaN,NaN,NaN,NaN,NaN,NaN,NaN,NaN,NaN,NaN,NaN
NaN,NaN,NaN,NaN,NaN,NaN,NaN,NaN,NaN,NaN,NaN,NaN,NaN,NaN,NaN,NaN,NaN,NaN,NaN,NaN,NaN,NaN,NaN
NaN,NaN,NaN,NaN,NaN,NaN,NaN,NaN,NaN,NaN,NaN,NaN,NaN,NaN,NaN,NaN,NaN,NaN,NaN,NaN,NaN,NaN,NaN
NaN,NaN,NaN,NaN,NaN,NaN,NaN,NaN,NaN,NaN,NaN,NaN,NaN,NaN,NaN,NaN,NaN,NaN,NaN,NaN,NaN,NaN,NaN
NaN,NaN,NaN,NaN,NaN,NaN,NaN,NaN,NaN,NaN,NaN,NaN,NaN,NaN,NaN,NaN,NaN,NaN,NaN,NaN,NaN,NaN,NaN
NaN,NaN,NaN,NaN,NaN,NaN,NaN,NaN,NaN,NaN,NaN,NaN,NaN,NaN,NaN,NaN,NaN,NaN,NaN,NaN,NaN,NaN,NaN
NaN,NaN,NaN,NaN,NaN,NaN,NaN,NaN,NaN,NaN,NaN,NaN,NaN,NaN,NaN,NaN,NaN,NaN,NaN,NaN,NaN,NaN,NaN
NaN,NaN,NaN,NaN,NaN,NaN,NaN,NaN,NaN,NaN,NaN,NaN,NaN,NaN,NaN,NaN,NaN,NaN,NaN,NaN,NaN,NaN,NaN
NaN,NaN,NaN,NaN,NaN,NaN,NaN,NaN,NaN,NaN,NaN,NaN,NaN,NaN,NaN,NaN,NaN,NaN,NaN,NaN,NaN,NaN,NaN
NaN,NaN,NaN,NaN,NaN,NaN,NaN,NaN,NaN,NaN,NaN,NaN,NaN,NaN,NaN,NaN,NaN,NaN,NaN,NaN,NaN,NaN,NaN
NaN,NaN,NaN,NaN,NaN,NaN,NaN,NaN,NaN,NaN,NaN,NaN,NaN,NaN,NaN,NaN,NaN,NaN,NaN,NaN,NaN,NaN,NaN
NaN,NaN,NaN,NaN,NaN,NaN,NaN,NaN,NaN,NaN,NaN,NaN,NaN,NaN,NaN,NaN,NaN,NaN,NaN,NaN,NaN,NaN,NaN
NaN,NaN,NaN,NaN,NaN,NaN,NaN,NaN,NaN,NaN,NaN,NaN,NaN,NaN,NaN,NaN,NaN,NaN,NaN,NaN,NaN,NaN,NaN
NaN,NaN,NaN,NaN,NaN,NaN,NaN,NaN,NaN,NaN,NaN,NaN,NaN,NaN,NaN,NaN,NaN,NaN,NaN,NaN,NaN,NaN,NaN
NaN,NaN,NaN,NaN,NaN,NaN,NaN,NaN,NaN,NaN,NaN,NaN,NaN,NaN,NaN,NaN,NaN,NaN,NaN,NaN,NaN,NaN,NaN
NaN,NaN,NaN,NaN,NaN,NaN,NaN,NaN,NaN,NaN,NaN,NaN,NaN,NaN,NaN,NaN,NaN,NaN,NaN,NaN,NaN,NaN,NaN
NaN,NaN,NaN,NaN,NaN,NaN,NaN,NaN,NaN,NaN,NaN,NaN,NaN,NaN,NaN,NaN,NaN,NaN,NaN,NaN,NaN,NaN,NaN
NaN,NaN,NaN,NaN,NaN,NaN,NaN,NaN,NaN,NaN,NaN,NaN,NaN,NaN,NaN,NaN,NaN,NaN,NaN,NaN,NaN,NaN,NaN
NaN,NaN,NaN,NaN,NaN,NaN,NaN,NaN,NaN,NaN,NaN,NaN,NaN,NaN,NaN,NaN,NaN,NaN,NaN,NaN,NaN,NaN,NaN
NaN,NaN,NaN,NaN,NaN,NaN,NaN,NaN,NaN,NaN,NaN,NaN,NaN,NaN,NaN,NaN,NaN,NaN,NaN,NaN,NaN,NaN,NaN
NaN,NaN,NaN,NaN,NaN,NaN,NaN,NaN,NaN,NaN,NaN,NaN,NaN,NaN,NaN,NaN,NaN,NaN,NaN,NaN,NaN,NaN,NaN
NaN,NaN,NaN,NaN,NaN,NaN,NaN,NaN,NaN,NaN,NaN,NaN,NaN,NaN,NaN,NaN,NaN,NaN,NaN,NaN,NaN,NaN,NaN
NaN,NaN,NaN,NaN,NaN,NaN,NaN,NaN,NaN,NaN,NaN,NaN,NaN,NaN,NaN,NaN,NaN,NaN,NaN,NaN,NaN,NaN,NaN
NaN,NaN,NaN,NaN,NaN,NaN,NaN,NaN,NaN,NaN,NaN,NaN,NaN,NaN,NaN,NaN,NaN,NaN,NaN,NaN,NaN,NaN,NaN
NaN,NaN,NaN,NaN,NaN,NaN,NaN,NaN,NaN,NaN,NaN,NaN,NaN,NaN,NaN,NaN,NaN,NaN,NaN,NaN,NaN,NaN,NaN
NaN,NaN,NaN,NaN,NaN,NaN,NaN,NaN,NaN,NaN,NaN,NaN,NaN,NaN,NaN,NaN,NaN,NaN,NaN,NaN,NaN,NaN,NaN
NaN,NaN,NaN,NaN,NaN,NaN,NaN,NaN,NaN,NaN,NaN,NaN,NaN,NaN,NaN,NaN,NaN,NaN,NaN,NaN,NaN,NaN,NaN
NaN,NaN,NaN,NaN,NaN,NaN,NaN,NaN,NaN,NaN,NaN,NaN,NaN,NaN,NaN,NaN,NaN,NaN,NaN,NaN,NaN,NaN,NaN
NaN,NaN,NaN,NaN,NaN,NaN,NaN,NaN,NaN,NaN,NaN,NaN,NaN,NaN,NaN,NaN,NaN,NaN,NaN,NaN,NaN,NaN,NaN
NaN,NaN,NaN,NaN,NaN,NaN,NaN,NaN,NaN,NaN,NaN,NaN,NaN,NaN,NaN,NaN,NaN,NaN,NaN,NaN,NaN,NaN,NaN
NaN,NaN,NaN,NaN,NaN,NaN,NaN,NaN,NaN,NaN,NaN,NaN,NaN,NaN,NaN,NaN,NaN,NaN,NaN,NaN,NaN,NaN,NaN
NaN,NaN,NaN,NaN,NaN,NaN,NaN,NaN,NaN,NaN,NaN,NaN,NaN,NaN,NaN,NaN,NaN,NaN,NaN,NaN,NaN,NaN,NaN
NaN,NaN,NaN,NaN,NaN,NaN,NaN,NaN,NaN,NaN,NaN,NaN,NaN,NaN,NaN,NaN,NaN,NaN,NaN,NaN,NaN,NaN,NaN
NaN,NaN,NaN,NaN,NaN,NaN,NaN,NaN,NaN,NaN,NaN,NaN,NaN,NaN,NaN,NaN,NaN,NaN,NaN,NaN,NaN,NaN,NaN
NaN,NaN,NaN,NaN,NaN,NaN,NaN,NaN,NaN,NaN,NaN,NaN,NaN,NaN,NaN,NaN,NaN,NaN,NaN,NaN,NaN,NaN,NaN
NaN,NaN,NaN,NaN,NaN,NaN,NaN,NaN,NaN,NaN,NaN,NaN,NaN,NaN,NaN,NaN,NaN,NaN,NaN,NaN,NaN,NaN,NaN
NaN,NaN,NaN,NaN,NaN,NaN,NaN,NaN,NaN,NaN,NaN,NaN,NaN,NaN,NaN,NaN,NaN,NaN,NaN,NaN,NaN,NaN,NaN
NaN,NaN,NaN,NaN,NaN,NaN,NaN,NaN,NaN,NaN,NaN,NaN,NaN,NaN,NaN,NaN,NaN,NaN,NaN,NaN,NaN,NaN,NaN
NaN,NaN,NaN,NaN,NaN,NaN,NaN,NaN,NaN,NaN,NaN,NaN,NaN,NaN,NaN,NaN,NaN,NaN,NaN,NaN,NaN,NaN,NaN
NaN,NaN,NaN,NaN,NaN,NaN,NaN,NaN,NaN,NaN,NaN,NaN,NaN,NaN,NaN,NaN,NaN,NaN,NaN,NaN,NaN,NaN,NaN
NaN,NaN,NaN,NaN,NaN,NaN,NaN,NaN,NaN,NaN,NaN,NaN,NaN,NaN,NaN,NaN,NaN,NaN,NaN,NaN,NaN,NaN,NaN
NaN,NaN,NaN,NaN,NaN,NaN,NaN,NaN,NaN,NaN,NaN,NaN,NaN,NaN,NaN,NaN,NaN,NaN,NaN,NaN,NaN,NaN,NaN
NaN,NaN,NaN,NaN,NaN,NaN,NaN,NaN,NaN,NaN,NaN,NaN,NaN,NaN,NaN,NaN,NaN,NaN,NaN,NaN,NaN,NaN,NaN
NaN,NaN,NaN,NaN,NaN,NaN,NaN,NaN,NaN,NaN,NaN,NaN,NaN,NaN,NaN,NaN,NaN,NaN,NaN,NaN,NaN,NaN,NaN
NaN,NaN,NaN,NaN,NaN,NaN,NaN,NaN,NaN,NaN,NaN,NaN,NaN,NaN,NaN,NaN,NaN,NaN,NaN,NaN,NaN,NaN,NaN
NaN,NaN,NaN,NaN,NaN,NaN,NaN,NaN,NaN,NaN,NaN,NaN,NaN,NaN,NaN,NaN,NaN,NaN,NaN,NaN,NaN,NaN,NaN
NaN,NaN,NaN,NaN,NaN,NaN,NaN,NaN,NaN,NaN,NaN,NaN,NaN,NaN,NaN,NaN,NaN,NaN,NaN,NaN,NaN,NaN,NaN
NaN,NaN,NaN,NaN,NaN,NaN,NaN,NaN,NaN,NaN,NaN,NaN,NaN,NaN,NaN,NaN,NaN,NaN,NaN,NaN,NaN,NaN,NaN
NaN,NaN,NaN,NaN,NaN,NaN,NaN,NaN,NaN,NaN,NaN,NaN,NaN,NaN,NaN,NaN,NaN,NaN,NaN,NaN,NaN,NaN,NaN
NaN,NaN,NaN,NaN,NaN,NaN,NaN,NaN,NaN,NaN,NaN,NaN,NaN,NaN,NaN,NaN,NaN,NaN,NaN,NaN,NaN,NaN,NaN
NaN,NaN,NaN,NaN,NaN,NaN,NaN,NaN,NaN,NaN,NaN,NaN,NaN,NaN,NaN,NaN,NaN,NaN,NaN,NaN,NaN,NaN,NaN
NaN,NaN,NaN,NaN,NaN,NaN,NaN,NaN,NaN,NaN,NaN,NaN,NaN,NaN,NaN,NaN,NaN,NaN,NaN,NaN,NaN,NaN,NaN
NaN,NaN,NaN,NaN,NaN,NaN,NaN,NaN,NaN,NaN,NaN,NaN,NaN,NaN,NaN,NaN,NaN,NaN,NaN,NaN,NaN,NaN,NaN
NaN,NaN,NaN,NaN,NaN,NaN,NaN,NaN,NaN,NaN,NaN,NaN,NaN,NaN,NaN,NaN,NaN,NaN,NaN,NaN,NaN,NaN,NaN
NaN,NaN,NaN,NaN,NaN,NaN,NaN,NaN,NaN,NaN,NaN,NaN,NaN,NaN,NaN,NaN,NaN,NaN,NaN,NaN,NaN,NaN,NaN
NaN,NaN,NaN,NaN,NaN,NaN,NaN,NaN,NaN,NaN,NaN,NaN,NaN,NaN,NaN,NaN,NaN,NaN,NaN,NaN,NaN,NaN,NaN
NaN,NaN,NaN,NaN,NaN,NaN,NaN,NaN,NaN,NaN,NaN,NaN,NaN,NaN,NaN,NaN,NaN,NaN,NaN,NaN,NaN,NaN,NaN
NaN,NaN,NaN,NaN,NaN,NaN,NaN,NaN,NaN,NaN,NaN,NaN,NaN,NaN,NaN,NaN,NaN,NaN,NaN,NaN,NaN,NaN,NaN
NaN,NaN,NaN,NaN,NaN,NaN,NaN,NaN,NaN,NaN,NaN,NaN,NaN,NaN,NaN,NaN,NaN,NaN,NaN,NaN,NaN,NaN,NaN
NaN,NaN,NaN,NaN,NaN,NaN,NaN,NaN,NaN,NaN,NaN,NaN,NaN,NaN,NaN,NaN,NaN,NaN,NaN,NaN,NaN,NaN,NaN
NaN,NaN,NaN,NaN,NaN,NaN,NaN,NaN,NaN,NaN,NaN,NaN,NaN,NaN,NaN,NaN,NaN,NaN,NaN,NaN,NaN,NaN,NaN
NaN,NaN,NaN,NaN,NaN,NaN,NaN,NaN,NaN,NaN,NaN,NaN,NaN,NaN,NaN,NaN,NaN,NaN,NaN,NaN,NaN,NaN,NaN
NaN,NaN,NaN,NaN,NaN,NaN,NaN,NaN,NaN,NaN,NaN,NaN,NaN,NaN,NaN,NaN,NaN,NaN,NaN,NaN,NaN,NaN,NaN
NaN,NaN,NaN,NaN,NaN,NaN,NaN,NaN,NaN,NaN,NaN,NaN,NaN,NaN,NaN,NaN,NaN,NaN,NaN,NaN,NaN,NaN,NaN
NaN,NaN,NaN,NaN,NaN,NaN,NaN,NaN,NaN,NaN,NaN,NaN,NaN,NaN,NaN,NaN,NaN,NaN,NaN,NaN,NaN,NaN,NaN
NaN,NaN,NaN,NaN,NaN,NaN,NaN,NaN,NaN,NaN,NaN,NaN,NaN,NaN,NaN,NaN,NaN,NaN,NaN,NaN,NaN,NaN,NaN
NaN,NaN,NaN,NaN,NaN,NaN,NaN,NaN,NaN,NaN,NaN,NaN,NaN,NaN,NaN,NaN,NaN,NaN,NaN,NaN,NaN,NaN,NaN
NaN,NaN,NaN,NaN,NaN,NaN,NaN,NaN,NaN,NaN,NaN,NaN,NaN,NaN,NaN,NaN,NaN,NaN,NaN,NaN,NaN,NaN,NaN
NaN,NaN,NaN,NaN,NaN,NaN,NaN,NaN,NaN,NaN,NaN,NaN,NaN,NaN,NaN,NaN,NaN,NaN,NaN,NaN,NaN,NaN,NaN
NaN,NaN,NaN,NaN,NaN,NaN,NaN,NaN,NaN,NaN,NaN,NaN,NaN,NaN,NaN,NaN,NaN,NaN,NaN,NaN,NaN,NaN,NaN
NaN,NaN,NaN,NaN,NaN,NaN,NaN,NaN,NaN,NaN,NaN,NaN,NaN,NaN,NaN,NaN,NaN,NaN,NaN,NaN,NaN,NaN,NaN
NaN,NaN,NaN,NaN,NaN,NaN,NaN,NaN,NaN,NaN,NaN,NaN,NaN,NaN,NaN,NaN,NaN,NaN,NaN,NaN,NaN,NaN,NaN
NaN,NaN,NaN,NaN,NaN,NaN,NaN,NaN,NaN,NaN,NaN,NaN,NaN,NaN,NaN,NaN,NaN,NaN,NaN,NaN,NaN,NaN,NaN
NaN,NaN,NaN,NaN,NaN,NaN,NaN,NaN,NaN,NaN,NaN,NaN,NaN,NaN,NaN,NaN,NaN,NaN,NaN,NaN,NaN,NaN,NaN
NaN,NaN,NaN,NaN,NaN,NaN,NaN,NaN,NaN,NaN,NaN,NaN,NaN,NaN,NaN,NaN,NaN,NaN,NaN,NaN,NaN,NaN,NaN
NaN,NaN,NaN,NaN,NaN,NaN,NaN,NaN,NaN,NaN,NaN,NaN,NaN,NaN,NaN,NaN,NaN,NaN,NaN,NaN,NaN,NaN,NaN
NaN,NaN,NaN,NaN,NaN,NaN,NaN,NaN,NaN,NaN,NaN,NaN,NaN,NaN,NaN,NaN,NaN,NaN,NaN,NaN,NaN,NaN,NaN
NaN,NaN,NaN,NaN,NaN,NaN,NaN,NaN,NaN,NaN,NaN,NaN,NaN,NaN,NaN,NaN,NaN,NaN,NaN,NaN,NaN,NaN,NaN
NaN,NaN,NaN,NaN,NaN,NaN,NaN,NaN,NaN,NaN,NaN,NaN,NaN,NaN,NaN,NaN,NaN,NaN,NaN,NaN,NaN,NaN,NaN
NaN,NaN,NaN,NaN,NaN,NaN,NaN,NaN,NaN,NaN,NaN,NaN,NaN,NaN,NaN,NaN,NaN,NaN,NaN,NaN,NaN,NaN,NaN
NaN,NaN,NaN,NaN,NaN,NaN,NaN,NaN,NaN,NaN,NaN,NaN,NaN,NaN,NaN,NaN,NaN,NaN,NaN,NaN,NaN,NaN,NaN
NaN,NaN,NaN,NaN,NaN,NaN,NaN,NaN,NaN,NaN,NaN,NaN,NaN,NaN,NaN,NaN,NaN,NaN,NaN,NaN,NaN,NaN,NaN
NaN,NaN,NaN,NaN,NaN,NaN,NaN,NaN,NaN,NaN,NaN,NaN,NaN,NaN,NaN,NaN,NaN,NaN,NaN,NaN,NaN,NaN,NaN
NaN,NaN,NaN,NaN,NaN,NaN,NaN,NaN,NaN,NaN,NaN,NaN,NaN,NaN,NaN,NaN,NaN,NaN,NaN,NaN,NaN,NaN,NaN
NaN,NaN,NaN,NaN,NaN,NaN,NaN,NaN,NaN,NaN,NaN,NaN,NaN,NaN,NaN,NaN,NaN,NaN,NaN,NaN,NaN,NaN,NaN
NaN,NaN,NaN,NaN,NaN,NaN,NaN,NaN,NaN,NaN,NaN,NaN,NaN,NaN,NaN,NaN,NaN,NaN,NaN,NaN,NaN,NaN,NaN
NaN,NaN,NaN,NaN,NaN,NaN,NaN,NaN,NaN,NaN,NaN,NaN,NaN,NaN,NaN,NaN,NaN,NaN,NaN,NaN,NaN,NaN,NaN
NaN,NaN,NaN,NaN,NaN,NaN,NaN,NaN,NaN,NaN,NaN,NaN,NaN,NaN,NaN,NaN,NaN,NaN,NaN,NaN,NaN,NaN,NaN
NaN,NaN,NaN,NaN,NaN,NaN,NaN,NaN,NaN,NaN,NaN,NaN,NaN,NaN,NaN,NaN,NaN,NaN,NaN,NaN,NaN,NaN,NaN
NaN,NaN,NaN,NaN,NaN,NaN,NaN,NaN,NaN,NaN,NaN,NaN,NaN,NaN,NaN,NaN,NaN,NaN,NaN,NaN,NaN,NaN,NaN
NaN,NaN,NaN,NaN,NaN,NaN,NaN,NaN,NaN,NaN,NaN,NaN,NaN,NaN,NaN,NaN,NaN,NaN,NaN,NaN,NaN,NaN,NaN
NaN,NaN,NaN,NaN,NaN,NaN,NaN,NaN,NaN,NaN,NaN,NaN,NaN,NaN,NaN,NaN,NaN,NaN,NaN,NaN,NaN,NaN,NaN
NaN,NaN,NaN,NaN,NaN,NaN,NaN,NaN,NaN,NaN,NaN,NaN,NaN,NaN,NaN,NaN,NaN,NaN,NaN,NaN,NaN,NaN,NaN
NaN,NaN,NaN,NaN,NaN,NaN,NaN,NaN,NaN,NaN,NaN,NaN,NaN,NaN,NaN,NaN,NaN,NaN,NaN,NaN,NaN,NaN,NaN
NaN,NaN,NaN,NaN,NaN,NaN,NaN,NaN,NaN,NaN,NaN,NaN,NaN,NaN,NaN,NaN,NaN,NaN,NaN,NaN,NaN,NaN,NaN
NaN,NaN,NaN,NaN,NaN,NaN,NaN,NaN,NaN,NaN,NaN,NaN,NaN,NaN,NaN,NaN,NaN,NaN,NaN,NaN,NaN,NaN,NaN
NaN,NaN,NaN,NaN,NaN,NaN,NaN,NaN,NaN,NaN,NaN,NaN,NaN,NaN,NaN,NaN,NaN,NaN,NaN,NaN,NaN,NaN,NaN
NaN,NaN,NaN,NaN,NaN,NaN,NaN,NaN,NaN,NaN,NaN,NaN,NaN,NaN,NaN,NaN,NaN,NaN,NaN,NaN,NaN,NaN,NaN
NaN,NaN,NaN,NaN,NaN,NaN,NaN,NaN,NaN,NaN,NaN,NaN,NaN,NaN,NaN,NaN,NaN,NaN,NaN,NaN,NaN,NaN,NaN
NaN,NaN,NaN,NaN,NaN,NaN,NaN,NaN,NaN,NaN,NaN,NaN,NaN,NaN,NaN,NaN,NaN,NaN,NaN,NaN,NaN,NaN,NaN
NaN,NaN,NaN,NaN,NaN,NaN,NaN,NaN,NaN,NaN,NaN,NaN,NaN,NaN,NaN,NaN,NaN,NaN,NaN,NaN,NaN,NaN,NaN
NaN,NaN,NaN,NaN,NaN,NaN,NaN,NaN,NaN,NaN,NaN,NaN,NaN,NaN,NaN,NaN,NaN,NaN,NaN,NaN,NaN,NaN,NaN
NaN,NaN,NaN,NaN,NaN,NaN,NaN,NaN,NaN,NaN,NaN,NaN,NaN,NaN,NaN,NaN,NaN,NaN,NaN,NaN,NaN,NaN,NaN
NaN,NaN,NaN,NaN,NaN,NaN,NaN,NaN,NaN,NaN,NaN,NaN,NaN,NaN,NaN,NaN,NaN,NaN,NaN,NaN,NaN,NaN,NaN
NaN,NaN,NaN,NaN,NaN,NaN,NaN,NaN,NaN,NaN,NaN,NaN,NaN,NaN,NaN,NaN,NaN,NaN,NaN,NaN,NaN,NaN,NaN
NaN,NaN,NaN,NaN,NaN,NaN,NaN,NaN,NaN,NaN,NaN,NaN,NaN,NaN,NaN,NaN,NaN,NaN,NaN,NaN,NaN,NaN,NaN
NaN,NaN,NaN,NaN,NaN,NaN,NaN,NaN,NaN,NaN,NaN,NaN,NaN,NaN,NaN,NaN,NaN,NaN,NaN,NaN,NaN,NaN,NaN
NaN,NaN,NaN,NaN,NaN,NaN,NaN,NaN,NaN,NaN,NaN,NaN,NaN,NaN,NaN,NaN,NaN,NaN,NaN,NaN,NaN,NaN,NaN
NaN,NaN,NaN,NaN,NaN,NaN,NaN,NaN,NaN,NaN,NaN,NaN,NaN,NaN,NaN,NaN,NaN,NaN,NaN,NaN,NaN,NaN,NaN
NaN,NaN,NaN,NaN,NaN,NaN,NaN,NaN,NaN,NaN,NaN,NaN,NaN,NaN,NaN,NaN,NaN,NaN,NaN,NaN,NaN,NaN,NaN
NaN,NaN,NaN,NaN,NaN,NaN,NaN,NaN,NaN,NaN,NaN,NaN,NaN,NaN,NaN,NaN,NaN,NaN,NaN,NaN,NaN,NaN,NaN
NaN,NaN,NaN,NaN,NaN,NaN,NaN,NaN,NaN,NaN,NaN,NaN,NaN,NaN,NaN,NaN,NaN,NaN,NaN,NaN,NaN,NaN,NaN
NaN,NaN,NaN,NaN,NaN,NaN,NaN,NaN,NaN,NaN,NaN,NaN,NaN,NaN,NaN,NaN,NaN,NaN,NaN,NaN,NaN,NaN,NaN
NaN,NaN,NaN,NaN,NaN,NaN,NaN,NaN,NaN,NaN,NaN,NaN,NaN,NaN,NaN,NaN,NaN,NaN,NaN,NaN,NaN,NaN,NaN
NaN,NaN,NaN,NaN,NaN,NaN,NaN,NaN,NaN,NaN,NaN,NaN,NaN,NaN,NaN,NaN,NaN,NaN,NaN,NaN,NaN,NaN,NaN
NaN,NaN,NaN,NaN,NaN,NaN,NaN,NaN,NaN,NaN,NaN,NaN,NaN,NaN,NaN,NaN,NaN,NaN,NaN,NaN,NaN,NaN,NaN
NaN,NaN,NaN,NaN,NaN,NaN,NaN,NaN,NaN,NaN,NaN,NaN,NaN,NaN,NaN,NaN,NaN,NaN,NaN,NaN,NaN,NaN,NaN
NaN,NaN,NaN,NaN,NaN,NaN,NaN,NaN,NaN,NaN,NaN,NaN,NaN,NaN,NaN,NaN,NaN,NaN,NaN,NaN,NaN,NaN,NaN
NaN,NaN,NaN,NaN,NaN,NaN,NaN,NaN,NaN,NaN,NaN,NaN,NaN,NaN,NaN,NaN,NaN,NaN,NaN,NaN,NaN,NaN,NaN
NaN,NaN,NaN,NaN,NaN,NaN,NaN,NaN,NaN,NaN,NaN,NaN,NaN,NaN,NaN,NaN,NaN,NaN,NaN,NaN,NaN,NaN,NaN
NaN,NaN,NaN,NaN,NaN,NaN,NaN,NaN,NaN,NaN,NaN,NaN,NaN,NaN,NaN,NaN,NaN,NaN,NaN,NaN,NaN,NaN,NaN
NaN,NaN,NaN,NaN,NaN,NaN,NaN,NaN,NaN,NaN,NaN,NaN,NaN,NaN,NaN,NaN,NaN,NaN,NaN,NaN,NaN,NaN,NaN
NaN,NaN,NaN,NaN,NaN,NaN,NaN,NaN,NaN,NaN,NaN,NaN,NaN,NaN,NaN,NaN,NaN,NaN,NaN,NaN,NaN,NaN,NaN
NaN,NaN,NaN,NaN,NaN,NaN,NaN,NaN,NaN,NaN,NaN,NaN,NaN,NaN,NaN,NaN,NaN,NaN,NaN,NaN,NaN,NaN,NaN
NaN,NaN,NaN,NaN,NaN,NaN,NaN,NaN,NaN,NaN,NaN,NaN,NaN,NaN,NaN,NaN,NaN,NaN,NaN,NaN,NaN,NaN,NaN
NaN,NaN,NaN,NaN,NaN,NaN,NaN,NaN,NaN,NaN,NaN,NaN,NaN,NaN,NaN,NaN,NaN,NaN,NaN,NaN,NaN,NaN,NaN
NaN,NaN,NaN,NaN,NaN,NaN,NaN,NaN,NaN,NaN,NaN,NaN,NaN,NaN,NaN,NaN,NaN,NaN,NaN,NaN,NaN,NaN,NaN
NaN,NaN,NaN,NaN,NaN,NaN,NaN,NaN,NaN,NaN,NaN,NaN,NaN,NaN,NaN,NaN,NaN,NaN,NaN,NaN,NaN,NaN,NaN
NaN,NaN,NaN,NaN,NaN,NaN,NaN,NaN,NaN,NaN,NaN,NaN,NaN,NaN,NaN,NaN,NaN,NaN,NaN,NaN,NaN,NaN,NaN
NaN,NaN,NaN,NaN,NaN,NaN,NaN,NaN,NaN,NaN,NaN,NaN,NaN,NaN,NaN,NaN,NaN,NaN,NaN,NaN,NaN,NaN,NaN
NaN,NaN,NaN,NaN,NaN,NaN,NaN,NaN,NaN,NaN,NaN,NaN,NaN,NaN,NaN,NaN,NaN,NaN,NaN,NaN,NaN,NaN,NaN
NaN,NaN,NaN,NaN,NaN,NaN,NaN,NaN,NaN,NaN,NaN,NaN,NaN,NaN,NaN,NaN,NaN,NaN,NaN,NaN,NaN,NaN,NaN
NaN,NaN,NaN,NaN,NaN,NaN,NaN,NaN,NaN,NaN,NaN,NaN,NaN,NaN,NaN,NaN,NaN,NaN,NaN,NaN,NaN,NaN,NaN
NaN,NaN,NaN,NaN,NaN,NaN,NaN,NaN,NaN,NaN,NaN,NaN,NaN,NaN,NaN,NaN,NaN,NaN,NaN,NaN,NaN,NaN,NaN
NaN,NaN,NaN,NaN,NaN,NaN,NaN,NaN,NaN,NaN,NaN,NaN,NaN,NaN,NaN,NaN,NaN,NaN,NaN,NaN,NaN,NaN,NaN
NaN,NaN,NaN,NaN,NaN,NaN,NaN,NaN,NaN,NaN,NaN,NaN,NaN,NaN,NaN,NaN,NaN,NaN,NaN,NaN,NaN,NaN,NaN
NaN,NaN,NaN,NaN,NaN,NaN,NaN,NaN,NaN,NaN,NaN,NaN,NaN,NaN,NaN,NaN,NaN,NaN,NaN,NaN,NaN,NaN,NaN
NaN,NaN,NaN,NaN,NaN,NaN,NaN,NaN,NaN,NaN,NaN,NaN,NaN,NaN,NaN,NaN,NaN,NaN,NaN,NaN,NaN,NaN,NaN
NaN,NaN,NaN,NaN,NaN,NaN,NaN,NaN,NaN,NaN,NaN,NaN,NaN,NaN,NaN,NaN,NaN,NaN,NaN,NaN,NaN,NaN,NaN
NaN,NaN,NaN,NaN,NaN,NaN,NaN,NaN,NaN,NaN,NaN,NaN,NaN,NaN,NaN,NaN,NaN,NaN,NaN,NaN,NaN,NaN,NaN
NaN,NaN,NaN,NaN,NaN,NaN,NaN,NaN,NaN,NaN,NaN,NaN,NaN,NaN,NaN,NaN,NaN,NaN,NaN,NaN,NaN,NaN,NaN
NaN,NaN,NaN,NaN,NaN,NaN,NaN,NaN,NaN,NaN,NaN,NaN,NaN,NaN,NaN,NaN,NaN,NaN,NaN,NaN,NaN,NaN,NaN
NaN,NaN,NaN,NaN,NaN,NaN,NaN,NaN,NaN,NaN,NaN,NaN,NaN,NaN,NaN,NaN,NaN,NaN,NaN,NaN,NaN,NaN,NaN
NaN,NaN,NaN,NaN,NaN,NaN,NaN,NaN,NaN,NaN,NaN,NaN,NaN,NaN,NaN,NaN,NaN,NaN,NaN,NaN,NaN,NaN,NaN
NaN,NaN,NaN,NaN,NaN,NaN,NaN,NaN,NaN,NaN,NaN,NaN,NaN,NaN,NaN,NaN,NaN,NaN,NaN,NaN,NaN,NaN,NaN
NaN,NaN,NaN,NaN,NaN,NaN,NaN,NaN,NaN,NaN,NaN,NaN,NaN,NaN,NaN,NaN,NaN,NaN,NaN,NaN,NaN,NaN,NaN
NaN,NaN,NaN,NaN,NaN,NaN,NaN,NaN,NaN,NaN,NaN,NaN,NaN,NaN,NaN,NaN,NaN,NaN,NaN,NaN,NaN,NaN,NaN
NaN,NaN,NaN,NaN,NaN,NaN,NaN,NaN,NaN,NaN,NaN,NaN,NaN,NaN,NaN,NaN,NaN,NaN,NaN,NaN,NaN,NaN,NaN
NaN,NaN,NaN,NaN,NaN,NaN,NaN,NaN,NaN,NaN,NaN,NaN,NaN,NaN,NaN,NaN,NaN,NaN,NaN,NaN,NaN,NaN,NaN
NaN,NaN,NaN,NaN,NaN,NaN,NaN,NaN,NaN,NaN,NaN,NaN,NaN,NaN,NaN,NaN,NaN,NaN,NaN,NaN,NaN,NaN,NaN
NaN,NaN,NaN,NaN,NaN,NaN,NaN,NaN,NaN,NaN,NaN,NaN,NaN,NaN,NaN,NaN,NaN,NaN,NaN,NaN,NaN,NaN,NaN
NaN,NaN,NaN,NaN,NaN,NaN,NaN,NaN,NaN,NaN,NaN,NaN,NaN,NaN,NaN,NaN,NaN,NaN,NaN,NaN,NaN,NaN,NaN
NaN,NaN,NaN,NaN,NaN,NaN,NaN,NaN,NaN,NaN,NaN,NaN,NaN,NaN,NaN,NaN,NaN,NaN,NaN,NaN,NaN,NaN,NaN
NaN,NaN,NaN,NaN,NaN,NaN,NaN,NaN,NaN,NaN,NaN,NaN,NaN,NaN,NaN,NaN,NaN,NaN,NaN,NaN,NaN,NaN,NaN
NaN,NaN,NaN,NaN,NaN,NaN,NaN,NaN,NaN,NaN,NaN,NaN,NaN,NaN,NaN,NaN,NaN,NaN,NaN,NaN,NaN,NaN,NaN
NaN,NaN,NaN,NaN,NaN,NaN,NaN,NaN,NaN,NaN,NaN,NaN,NaN,NaN,NaN,NaN,NaN,NaN,NaN,NaN,NaN,NaN,NaN
NaN,NaN,NaN,NaN,NaN,NaN,NaN,NaN,NaN,NaN,NaN,NaN,NaN,NaN,NaN,NaN,NaN,NaN,NaN,NaN,NaN,NaN,NaN
NaN,NaN,NaN,NaN,NaN,NaN,NaN,NaN,NaN,NaN,NaN,NaN,NaN,NaN,NaN,NaN,NaN,NaN,NaN,NaN,NaN,NaN,NaN
NaN,NaN,NaN,NaN,NaN,NaN,NaN,NaN,NaN,NaN,NaN,NaN,NaN,NaN,NaN,NaN,NaN,NaN,NaN,NaN,NaN,NaN,NaN
NaN,NaN,NaN,NaN,NaN,NaN,NaN,NaN,NaN,NaN,NaN,NaN,NaN,NaN,NaN,NaN,NaN,NaN,NaN,NaN,NaN,NaN,NaN
NaN,NaN,NaN,NaN,NaN,NaN,NaN,NaN,NaN,NaN,NaN,NaN,NaN,NaN,NaN,NaN,NaN,NaN,NaN,NaN,NaN,NaN,NaN
NaN,NaN,NaN,NaN,NaN,NaN,NaN,NaN,NaN,NaN,NaN,NaN,NaN,NaN,NaN,NaN,NaN,NaN,NaN,NaN,NaN,NaN,NaN
NaN,NaN,NaN,NaN,NaN,NaN,NaN,NaN,NaN,NaN,NaN,NaN,NaN,NaN,NaN,NaN,NaN,NaN,NaN,NaN,NaN,NaN,NaN
NaN,NaN,NaN,NaN,NaN,NaN,NaN,NaN,NaN,NaN,NaN,NaN,NaN,NaN,NaN,NaN,NaN,NaN,NaN,NaN,NaN,NaN,NaN
NaN,NaN,NaN,NaN,NaN,NaN,NaN,NaN,NaN,NaN,NaN,NaN,NaN,NaN,NaN,NaN,NaN,NaN,NaN,NaN,NaN,NaN,NaN
NaN,NaN,NaN,NaN,NaN,NaN,NaN,NaN,NaN,NaN,NaN,NaN,NaN,NaN,NaN,NaN,NaN,NaN,NaN,NaN,NaN,NaN,NaN
NaN,NaN,NaN,NaN,NaN,NaN,NaN,NaN,NaN,NaN,NaN,NaN,NaN,NaN,NaN,NaN,NaN,NaN,NaN,NaN,NaN,NaN,NaN
NaN,NaN,NaN,NaN,NaN,NaN,NaN,NaN,NaN,NaN,NaN,NaN,NaN,NaN,NaN,NaN,NaN,NaN,NaN,NaN,NaN,NaN,NaN
NaN,NaN,NaN,NaN,NaN,NaN,NaN,NaN,NaN,NaN,NaN,NaN,NaN,NaN,NaN,NaN,NaN,NaN,NaN,NaN,NaN,NaN,NaN
NaN,NaN,NaN,NaN,NaN,NaN,NaN,NaN,NaN,NaN,NaN,NaN,NaN,NaN,NaN,NaN,NaN,NaN,NaN,NaN,NaN,NaN,NaN
NaN,NaN,NaN,NaN,NaN,NaN,NaN,NaN,NaN,NaN,NaN,NaN,NaN,NaN,NaN,NaN,NaN,NaN,NaN,NaN,NaN,NaN,NaN
NaN,NaN,NaN,NaN,NaN,NaN,NaN,NaN,NaN,NaN,NaN,NaN,NaN,NaN,NaN,NaN,NaN,NaN,NaN,NaN,NaN,NaN,NaN
NaN,NaN,NaN,NaN,NaN,NaN,NaN,NaN,NaN,NaN,NaN,NaN,NaN,NaN,NaN,NaN,NaN,NaN,NaN,NaN,NaN,NaN,NaN
NaN,NaN,NaN,NaN,NaN,NaN,NaN,NaN,NaN,NaN,NaN,NaN,NaN,NaN,NaN,NaN,NaN,NaN,NaN,NaN,NaN,NaN,NaN
NaN,NaN,NaN,NaN,NaN,NaN,NaN,NaN,NaN,NaN,NaN,NaN,NaN,NaN,NaN,NaN,NaN,NaN,NaN,NaN,NaN,NaN,NaN
NaN,NaN,NaN,NaN,NaN,NaN,NaN,NaN,NaN,NaN,NaN,NaN,NaN,NaN,NaN,NaN,NaN,NaN,NaN,NaN,NaN,NaN,NaN
NaN,NaN,NaN,NaN,NaN,NaN,NaN,NaN,NaN,NaN,NaN,NaN,NaN,NaN,NaN,NaN,NaN,NaN,NaN,NaN,NaN,NaN,NaN
NaN,NaN,NaN,NaN,NaN,NaN,NaN,NaN,NaN,NaN,NaN,NaN,NaN,NaN,NaN,NaN,NaN,NaN,NaN,NaN,NaN,NaN,NaN
NaN,NaN,NaN,NaN,NaN,NaN,NaN,NaN,NaN,NaN,NaN,NaN,NaN,NaN,NaN,NaN,NaN,NaN,NaN,NaN,NaN,NaN,NaN
NaN,NaN,NaN,NaN,NaN,NaN,NaN,NaN,NaN,NaN,NaN,NaN,NaN,NaN,NaN,NaN,NaN,NaN,NaN,NaN,NaN,NaN,NaN
NaN,NaN,NaN,NaN,NaN,NaN,NaN,NaN,NaN,NaN,NaN,NaN,NaN,NaN,NaN,NaN,NaN,NaN,NaN,NaN,NaN,NaN,NaN
NaN,NaN,NaN,NaN,NaN,NaN,NaN,NaN,NaN,NaN,NaN,NaN,NaN,NaN,NaN,NaN,NaN,NaN,NaN,NaN,NaN,NaN,NaN
NaN,NaN,NaN,NaN,NaN,NaN,NaN,NaN,NaN,NaN,NaN,NaN,NaN,NaN,NaN,NaN,NaN,NaN,NaN,NaN,NaN,NaN,NaN
NaN,NaN,NaN,NaN,NaN,NaN,NaN,NaN,NaN,NaN,NaN,NaN,NaN,NaN,NaN,NaN,NaN,NaN,NaN,NaN,NaN,NaN,NaN
NaN,NaN,NaN,NaN,NaN,NaN,NaN,NaN,NaN,NaN,NaN,NaN,NaN,NaN,NaN,NaN,NaN,NaN,NaN,NaN,NaN,NaN,NaN
NaN,NaN,NaN,NaN,NaN,NaN,NaN,NaN,NaN,NaN,NaN,NaN,NaN,NaN,NaN,NaN,NaN,NaN,NaN,NaN,NaN,NaN,NaN
NaN,NaN,NaN,NaN,NaN,NaN,NaN,NaN,NaN,NaN,NaN,NaN,NaN,NaN,NaN,NaN,NaN,NaN,NaN,NaN,NaN,NaN,NaN
NaN,NaN,NaN,NaN,NaN,NaN,NaN,NaN,NaN,NaN,NaN,NaN,NaN,NaN,NaN,NaN,NaN,NaN,NaN,NaN,NaN,NaN,NaN
NaN,NaN,NaN,NaN,NaN,NaN,NaN,NaN,NaN,NaN,NaN,NaN,NaN,NaN,NaN,NaN,NaN,NaN,NaN,NaN,NaN,NaN,NaN
NaN,NaN,NaN,NaN,NaN,NaN,NaN,NaN,NaN,NaN,NaN,NaN,NaN,NaN,NaN,NaN,NaN,NaN,NaN,NaN,NaN,NaN,NaN
NaN,NaN,NaN,NaN,NaN,NaN,NaN,NaN,NaN,NaN,NaN,NaN,NaN,NaN,NaN,NaN,NaN,NaN,NaN,NaN,NaN,NaN,NaN
NaN,NaN,NaN,NaN,NaN,NaN,NaN,NaN,NaN,NaN,NaN,NaN,NaN,NaN,NaN,NaN,NaN,NaN,NaN,NaN,NaN,NaN,NaN
NaN,NaN,NaN,NaN,NaN,NaN,NaN,NaN,NaN,NaN,NaN,NaN,NaN,NaN,NaN,NaN,NaN,NaN,NaN,NaN,NaN,NaN,NaN
NaN,NaN,NaN,NaN,NaN,NaN,NaN,NaN,NaN,NaN,NaN,NaN,NaN,NaN,NaN,NaN,NaN,NaN,NaN,NaN,NaN,NaN,NaN
NaN,NaN,NaN,NaN,NaN,NaN,NaN,NaN,NaN,NaN,NaN,NaN,NaN,NaN,NaN,NaN,NaN,NaN,NaN,NaN,NaN,NaN,NaN
NaN,NaN,NaN,NaN,NaN,NaN,NaN,NaN,NaN,NaN,NaN,NaN,NaN,NaN,NaN,NaN,NaN,NaN,NaN,NaN,NaN,NaN,NaN
NaN,NaN,NaN,NaN,NaN,NaN,NaN,NaN,NaN,NaN,NaN,NaN,NaN,NaN,NaN,NaN,NaN,NaN,NaN,NaN,NaN,NaN,NaN
NaN,NaN,NaN,NaN,NaN,NaN,NaN,NaN,NaN,NaN,NaN,NaN,NaN,NaN,NaN,NaN,NaN,NaN,NaN,NaN,NaN,NaN,NaN
NaN,NaN,NaN,NaN,NaN,NaN,NaN,NaN,NaN,NaN,NaN,NaN,NaN,NaN,NaN,NaN,NaN,NaN,NaN,NaN,NaN,NaN,NaN
